0   4086.29   2.60827     42.061    3955    	Dead: 0
1   3923.87   1.28214     20.6758   3859    	Dead: 0
2   3846.74   1.00649     16.2307   3801    	Dead: 0
3   3799.26   0.955562    15.4094   3751    	Dead: 0
4   3763.75   0.965753    15.5737   3719    	Dead: 0
5   3737.68   1.00775     16.2509   3694    	Dead: 0
6   3714.03   0.974834    15.7202   3674    	Dead: 0
7   3695.36   0.962718    15.5248   3661    	Dead: 0
8   3674.58   1.06784     17.2199   3637    	Dead: 0
9   3654.64   1.04902     16.9164   3620    	Dead: 0
10  3642.9    1.03992     16.7697   3610    	Dead: 0
11  3631.93   1.08661     17.5227   3600    	Dead: 0
12  3623.31   1.24823     20.1289   3593    	Dead: 0
13  3615.51   1.28607     20.7391   3582    	Dead: 0
14  3604.78   1.21519     19.5961   3570    	Dead: 0
15  3593.91   1.22584     19.7679   3563    	Dead: 0
16  3583.9    1.40354     22.6335   3554    	Dead: 0
17  3578.71   1.6833      27.1449   3544    	Dead: 0
18  3570.64   1.77301     28.5916   3534    	Dead: 0
19  3560.13   1.85146     29.8567   3518    	Dead: 0
20  3552.04   1.99118     32.1098   3511    	Dead: 0
21  3542.71   2.02532     32.6603   3505    	Dead: 0
22  3533.71   2.03102     32.7523   3497    	Dead: 0
23  3526.52   2.02907     32.7208   3485    	Dead: 0
24  3519.41   2.11415     34.0927   3480    	Dead: 0
25  3512.55   2.1678      34.958    3473    	Dead: 0
26  3502      2.05924     33.2073   3464    	Dead: 0
27  3496.87   2.20545     35.5651   3455    	Dead: 0
28  3488.99   2.22982     35.9581   3447    	Dead: 0
29  3479.08   2.23487     36.0395   3444    	Dead: 0
30  3468.99   2.16293     34.8795   3435    	Dead: 0
31  3465.16   2.22025     35.8038   3428    	Dead: 0
32  3459.72   2.41671     38.9719   3423    	Dead: 0
33  3452.77   2.38201     38.4124   3415    	Dead: 0
34  3446.59   2.41619     38.9634   3411    	Dead: 0
35  3438.67   2.32342     37.4674   3405    	Dead: 0
36  3432.82   2.34876     37.8761   3397    	Dead: 0
37  3427.58   2.44306     39.3967   3391    	Dead: 0
38  3421.66   2.46297     39.7179   3385    	Dead: 0
39  3420.5    2.69249     43.419    3382    	Dead: 0
40  3417.56   2.81194     45.3454   3380    	Dead: 0
41  3417.74   2.92096     47.1034   3379    	Dead: 0
42  3415.39   2.89015     46.6065   3376    	Dead: 0
43  3410.55   2.83434     45.7066   3375    	Dead: 0
44  3404.16   2.66088     42.9094   3364    	Dead: 0
45  3402.71   2.83328     45.6894   3360    	Dead: 0
46  3397.16   3.02022     48.704    3352    	Dead: 0
47  3384.93   2.77222     44.7049   3344    	Dead: 0
48  3375.24   2.67689     43.1675   3339    	Dead: 0
49  3364.09   2.48342     40.0477   3335    	Dead: 0
50  3359.63   2.46354     39.727    3325    	Dead: 0
51  3356.6    2.56727     41.3998   3324    	Dead: 0
52  3347.6    2.37814     38.3499   3315    	Dead: 0
53  3332.15   1.92491     31.0412   3305    	Dead: 0
54  3322.6    1.92951     31.1153   3299    	Dead: 0
55  3313.62   1.83283     29.5562   3286    	Dead: 0
56  3308.04   1.89851     30.6154   3282    	Dead: 0
57  3305.01   2.03131     32.7569   3281    	Dead: 0
58  3304.8    2.31738     37.3701   3271    	Dead: 0
59  3298.7    2.19772     35.4404   3270    	Dead: 0
60  3292.67   2.10016     33.8671   3265    	Dead: 0
61  3290.02   2.33347     37.6296   3263    	Dead: 0
62  3285.76   2.3992      38.6894   3259    	Dead: 0
63  3287.03   2.79901     45.1369   3256    	Dead: 0
64  3290.18   3.14178     50.6644   3250    	Dead: 0
65  3285.32   3.05856     49.3223   3247    	Dead: 0
66  3278.81   2.97813     48.0254   3245    	Dead: 0
67  3279.57   3.14692     50.7473   3245    	Dead: 0
68  3278.14   3.11989     50.3114   3243    	Dead: 0
69  3279.35   3.2932      53.1061   3243    	Dead: 0
70  3278.57   3.36832     54.3176   3234    	Dead: 0
71  3278.66   3.47545     56.0452   3234    	Dead: 0
72  3274.16   3.34937     54.0119   3234    	Dead: 0
73  3271.68   3.29443     53.1261   3234    	Dead: 0
74  3272.07   3.32951     53.6917   3231    	Dead: 0
75  3269.94   3.37678     54.454    3227    	Dead: 0
76  3270.31   3.43074     55.3241   3227    	Dead: 0
77  3272.86   3.73783     60.2763   3222    	Dead: 0
78  3268.47   3.61886     58.3577   3222    	Dead: 0
79  3267.97   3.83172     61.7903   3222    	Dead: 0
80  3264.86   3.70738     59.7852   3221    	Dead: 0
81  3259.86   3.60772     58.178    3221    	Dead: 0
82  3260.47   3.74695     60.4233   3220    	Dead: 0
83  3262.91   3.88826     62.702    3220    	Dead: 0
84  3259.96   3.7816      60.982    3220    	Dead: 0
85  3259.95   3.72743     60.1086   3220    	Dead: 0
86  3260.07   3.82283     61.647    3216    	Dead: 0
87  3263.92   4.09776     66.0804   3216    	Dead: 0
88  3262.87   3.90677     63.0006   3216    	Dead: 0
89  3259.99   3.84381     61.9853   3211    	Dead: 0
90  3256.53   3.72572     60.0809   3211    	Dead: 0
91  3258.04   3.87868     62.5476   3210    	Dead: 0
92  3257.48   3.92038     63.2201   3209    	Dead: 0
93  3254.08   3.83969     61.9188   3205    	Dead: 0
94  3253.11   3.98334     64.2353   3200    	Dead: 0
95  3253.3    4.0947      66.0312   3195    	Dead: 0
96  3244.3    3.84797     62.0524   3195    	Dead: 0
97  3244.38   4.07556     65.7225   3189    	Dead: 0
98  3245.56   4.31707     69.617    3189    	Dead: 0
99  3240.89   4.16099     67.1002   3189    	Dead: 0
100 3237.28   4.02368     64.8859   3189    	Dead: 0
