0   4085.57   2.48241     40.0313   3976    	Dead: 0
1   3985.36   1.80965     29.1825   3899    	Dead: 0
2   3916.49   1.40472     22.6526   3840    	Dead: 0
3   3867.87   1.24635     20.0986   3804    	Dead: 0
4   3828.28   1.05565     17.0234   3775    	Dead: 0
5   3796.83   1.05719     17.0483   3748    	Dead: 0
6   3769.32   1.01532     16.3731   3715    	Dead: 0
7   3743.31   1.01812     16.4182   3691    	Dead: 0
8   3724.51   0.955656    15.4109   3675    	Dead: 0
9   3712.58   0.990982    15.9806   3669    	Dead: 0
10  3703.37   0.956974    15.4322   3664    	Dead: 0
11  3697.3    1.0334      16.6646   3657    	Dead: 0
12  3688.17   1.06005     17.0944   3635    	Dead: 0
13  3679.2    1.05177     16.9608   3635    	Dead: 0
14  3670.48   1.08461     17.4904   3629    	Dead: 0
15  3662.33   1.06285     17.1395   3613    	Dead: 0
16  3656.18   1.12623     18.1615   3613    	Dead: 0
17  3649.73   1.16043     18.713    3604    	Dead: 0
18  3646.36   1.36283     21.977    3602    	Dead: 0
19  3640.52   1.36303     21.9803   3601    	Dead: 0
20  3636.91   1.49161     24.0536   3597    	Dead: 0
21  3632.64   1.53254     24.7138   3592    	Dead: 0
22  3630.58   1.64562     26.5373   3592    	Dead: 0
23  3628.11   1.74985     28.218    3587    	Dead: 0
24  3625.27   1.81502     29.269    3587    	Dead: 0
25  3622.88   1.84634     29.7741   3585    	Dead: 0
26  3620.58   1.89754     30.5997   3582    	Dead: 0
27  3620.18   1.97604     31.8656   3581    	Dead: 0
28  3618.87   1.97067     31.779    3580    	Dead: 0
29  3616.99   2.0353      32.8213   3575    	Dead: 0
30  3614.91   1.97343     31.8236   3575    	Dead: 0
31  3613.85   2.01409     32.4793   3575    	Dead: 0
32  3611.63   1.96173     31.6348   3574    	Dead: 0
33  3609.36   1.9778      31.894    3570    	Dead: 0
34  3607.95   2.00759     32.3743   3570    	Dead: 0
35  3603.85   1.96558     31.697    3568    	Dead: 0
36  3600.08   1.92823     31.0947   3556    	Dead: 0
37  3597.78   1.98562     32.0201   3553    	Dead: 0
38  3592.94   1.94328     31.3374   3551    	Dead: 0
39  3588.92   2.00739     32.3712   3549    	Dead: 0
40  3583.16   1.96242     31.6459   3543    	Dead: 0
41  3579.4    2.08201     33.5744   3541    	Dead: 0
42  3576.24   2.19678     35.4252   3536    	Dead: 0
43  3571.27   2.24459     36.1962   3534    	Dead: 0
44  3564.93   2.23582     36.0549   3533    	Dead: 0
45  3562.23   2.38558     38.4698   3526    	Dead: 0
46  3562.08   2.49717     40.2694   3524    	Dead: 0
47  3558.76   2.55158     41.1468   3518    	Dead: 0
48  3553.01   2.41905     39.0095   3517    	Dead: 0
49  3550.89   2.55029     41.1259   3507    	Dead: 0
50  3546.71   2.63523     42.4957   3507    	Dead: 0
51  3544.64   2.76306     44.5571   3504    	Dead: 0
52  3538.53   2.67277     43.1011   3490    	Dead: 0
53  3533.49   2.59637     41.8691   3490    	Dead: 0
54  3534.34   2.78321     44.882    3490    	Dead: 0
55  3527.1    2.67008     43.0576   3480    	Dead: 0
56  3526.23   2.87707     46.3957   3474    	Dead: 0
57  3516.29   2.7093      43.6902   3473    	Dead: 0
58  3511.31   2.75877     44.488    3468    	Dead: 0
59  3509.61   2.87263     46.3241   3463    	Dead: 0
60  3506.86   2.95513     47.6544   3451    	Dead: 0
61  3500.59   2.90529     46.8507   3451    	Dead: 0
62  3495.38   2.86481     46.1979   3447    	Dead: 0
63  3492.26   2.96903     47.8786   3443    	Dead: 0
64  3487.44   2.99802     48.3461   3442    	Dead: 0
65  3486.36   3.14508     50.7175   3442    	Dead: 0
66  3484.2    3.17345     51.1751   3437    	Dead: 0
67  3481.25   3.16613     51.057    3437    	Dead: 0
68  3480.13   3.18317     51.3317   3437    	Dead: 0
69  3479.56   3.22519     52.0094   3437    	Dead: 0
70  3477.73   3.17411     51.1857   3432    	Dead: 0
71  3477.73   3.28334     52.9471   3432    	Dead: 0
72  3478.16   3.38783     54.6322   3426    	Dead: 0
73  3475.79   3.3311      53.7173   3424    	Dead: 0
74  3475.28   3.3743      54.4139   3424    	Dead: 0
75  3473.3    3.32871     53.6788   3418    	Dead: 0
76  3471.57   3.34703     53.9742   3418    	Dead: 0
77  3473.19   3.45103     55.6513   3417    	Dead: 0
78  3471.67   3.42929     55.3008   3411    	Dead: 0
79  3468.15   3.5106      56.612    3411    	Dead: 0
80  3466.21   3.44219     55.5087   3408    	Dead: 0
81  3464.14   3.45061     55.6445   3408    	Dead: 0
82  3461.25   3.44153     55.4981   3408    	Dead: 0
83  3460.42   3.47995     56.1177   3406    	Dead: 0
84  3452.31   3.33815     53.831    3405    	Dead: 0
85  3452.22   3.41029     54.9944   3400    	Dead: 0
86  3450.82   3.44388     55.536    3398    	Dead: 0
87  3443.08   3.2774      52.8514   3397    	Dead: 0
88  3442.15   3.32111     53.5562   3392    	Dead: 0
89  3438.76   3.24948     52.4011   3392    	Dead: 0
90  3441.57   3.42239     55.1895   3392    	Dead: 0
91  3436.84   3.29715     53.1698   3392    	Dead: 0
92  3434.95   3.19491     51.5211   3390    	Dead: 0
93  3434.07   3.21433     51.8343   3387    	Dead: 0
94  3433.93   3.29293     53.1017   3386    	Dead: 0
95  3432.11   3.22406     51.9911   3385    	Dead: 0
96  3431.33   3.33247     53.7394   3381    	Dead: 0
97  3433.27   3.39934     54.8178   3381    	Dead: 0
98  3429.47   3.29549     53.143    3376    	Dead: 0
99  3428.52   3.42862     55.2899   3371    	Dead: 0
100 3423.51   3.33659     53.8058   3366    	Dead: 0
