0   4082.11   2.50032     40.3201   3939    	Dead: 0
1   3917.38   1.35262     21.8124   3858    	Dead: 0
2   3848.47   0.880231    14.1946   3800    	Dead: 0
3   3808.26   0.783997    12.6427   3765    	Dead: 0
4   3773.74   0.817884    13.1892   3737    	Dead: 0
5   3741.44   0.766638    12.3628   3706    	Dead: 0
6   3714.36   0.798137    12.8708   3684    	Dead: 0
7   3686.38   0.771803    12.4461   3660    	Dead: 0
8   3662.22   0.914207    14.7425   3633    	Dead: 0
9   3645.29   0.927987    14.9647   3607    	Dead: 0
10  3623.62   0.954997    15.4003   3597    	Dead: 0
11  3607.99   1.19419     19.2575   3575    	Dead: 0
12  3597.25   1.27207     20.5133   3572    	Dead: 0
13  3584.58   1.17815     18.9988   3560    	Dead: 0
14  3575.8    1.23042     19.8417   3551    	Dead: 0
15  3566.54   1.21815     19.6438   3538    	Dead: 0
16  3559.25   1.29448     20.8747   3534    	Dead: 0
17  3550.96   1.32924     21.4353   3528    	Dead: 0
18  3542.1    1.36595     22.0273   3517    	Dead: 0
19  3533.42   1.471       23.7213   3507    	Dead: 0
20  3523.68   1.49528     24.113    3496    	Dead: 0
21  3512.98   1.51961     24.5052   3486    	Dead: 0
22  3505.81   1.59855     25.7783   3479    	Dead: 0
23  3502.9    1.85798     29.9617   3472    	Dead: 0
24  3492.74   1.75795     28.3488   3463    	Dead: 0
25  3488.86   1.80092     29.0416   3462    	Dead: 0
26  3488.34   1.94775     31.4094   3454    	Dead: 0
27  3485.41   1.97429     31.8375   3453    	Dead: 0
28  3482.09   1.96706     31.7209   3453    	Dead: 0
29  3478.61   2.01857     32.5515   3443    	Dead: 0
30  3475.95   2.12501     34.2679   3442    	Dead: 0
31  3472.74   2.18373     35.2148   3434    	Dead: 0
32  3468.86   2.31255     37.2922   3430    	Dead: 0
33  3463.11   2.37108     38.236    3427    	Dead: 0
34  3457.59   2.40158     38.7279   3422    	Dead: 0
35  3455.06   2.7544      44.4175   3414    	Dead: 0
36  3449.34   2.94216     47.4454   3408    	Dead: 0
37  3446.21   3.08675     49.777    3404    	Dead: 0
38  3442.15   3.02518     48.7841   3397    	Dead: 0
39  3439.66   3.17831     51.2535   3397    	Dead: 0
40  3437.35   3.16813     51.0893   3395    	Dead: 0
41  3437.99   3.31567     53.4685   3391    	Dead: 0
42  3435.75   3.362       54.2156   3391    	Dead: 0
43  3434.47   3.44908     55.6199   3387    	Dead: 0
44  3432.22   3.45736     55.7534   3386    	Dead: 0
45  3433.05   3.58975     57.8883   3382    	Dead: 0
46  3431.94   3.72038     59.9948   3377    	Dead: 0
47  3429.12   3.75959     60.6272   3375    	Dead: 0
48  3431.15   4.07934     65.7835   3368    	Dead: 0
49  3431.76   4.1887      67.547    3367    	Dead: 0
50  3433.67   4.29916     69.3282   3365    	Dead: 0
51  3431.2    4.33586     69.92     3365    	Dead: 0
52  3430.28   4.37266     70.5136   3361    	Dead: 0
53  3428.55   4.3829      70.6786   3358    	Dead: 0
54  3426.77   4.49855     72.5436   3358    	Dead: 0
55  3423.27   4.38354     70.689    3355    	Dead: 0
56  3418.35   4.30831     69.4758   3355    	Dead: 0
57  3412.12   4.18908     67.553    3350    	Dead: 0
58  3408.44   4.06367     65.5307   3350    	Dead: 0
59  3403.4    3.98664     64.2886   3350    	Dead: 0
60  3405.37   4.02029     64.8312   3341    	Dead: 0
61  3404.96   4.09688     66.0663   3341    	Dead: 0
62  3400.37   4.07417     65.7      3332    	Dead: 0
63  3402.47   4.15129     66.9437   3326    	Dead: 0
64  3401.04   4.16827     67.2175   3326    	Dead: 0
65  3401.36   4.23313     68.2634   3326    	Dead: 0
66  3398.99   4.15081     66.936    3326    	Dead: 0
67  3395.84   4.20876     67.8704   3326    	Dead: 0
68  3394.56   4.27931     69.0082   3321    	Dead: 0
69  3391.43   4.23832     68.3471   3321    	Dead: 0
70  3390.73   4.2383      68.3468   3320    	Dead: 0
71  3392.53   4.33371     69.8854   3318    	Dead: 0
72  3388.17   4.36885     70.452    3316    	Dead: 0
73  3385.43   4.41181     71.1448   3313    	Dead: 0
74  3385.07   4.28589     69.1142   3313    	Dead: 0
75  3384.8    4.38694     70.7437   3313    	Dead: 0
76  3385.61   4.46204     71.9548   3313    	Dead: 0
77  3380.75   4.31755     69.6248   3302    	Dead: 0
78  3381.26   4.44674     71.7081   3302    	Dead: 0
79  3378.7    4.41631     71.2175   3300    	Dead: 0
80  3378.27   4.43582     71.532    3300    	Dead: 0
81  3378.88   4.51661     72.8348   3299    	Dead: 0
82  3377.14   4.59016     74.021    3292    	Dead: 0
83  3372.59   4.5408      73.2249   3290    	Dead: 0
84  3369.66   4.47681     72.193    3287    	Dead: 0
85  3366.76   4.48654     72.3499   3287    	Dead: 0
86  3363.66   4.52934     73.0401   3287    	Dead: 0
87  3357.95   4.5261      72.9878   3286    	Dead: 0
88  3348.1    4.32899     69.8092   3279    	Dead: 0
89  3344.91   4.2307      68.2243   3279    	Dead: 0
90  3343.33   4.30587     69.4364   3279    	Dead: 0
91  3337.1    4.19256     67.6092   3277    	Dead: 0
92  3333.05   4.19694     67.6798   3277    	Dead: 0
93  3330.45   4.10894     66.2608   3274    	Dead: 0
94  3329.51   4.33026     69.8297   3271    	Dead: 0
95  3326.45   4.40986     71.1135   3271    	Dead: 0
96  3325.45   4.4161      71.214    3265    	Dead: 0
97  3318.76   4.17753     67.3668   3263    	Dead: 0
98  3316.34   4.4849      72.3236   3259    	Dead: 0
99  3318.57   4.5324      73.0894   3257    	Dead: 0
100 3319.58   4.7121      75.9874   3255    	Dead: 0
