0   4084.75   2.54083     40.9735   3962    	Dead: 0
1   3980.4    1.87918     30.3037   3894    	Dead: 0
2   3916.7    1.37738     22.2116   3835    	Dead: 0
3   3874.32   1.05868     17.0723   3818    	Dead: 0
4   3849.15   0.892734    14.3962   3799    	Dead: 0
5   3829.03   1.00267     16.1691   3781    	Dead: 0
6   3808.78   0.926466    14.9402   3750    	Dead: 0
7   3790.07   0.994762    16.0415   3739    	Dead: 0
8   3775.12   0.982285    15.8403   3728    	Dead: 0
9   3759.33   1.03295     16.6574   3713    	Dead: 0
10  3743.96   1.06341     17.1485   3689    	Dead: 0
11  3729.23   1.04223     16.807    3686    	Dead: 0
12  3716.42   1.0105      16.2954   3680    	Dead: 0
13  3707.52   1.09517     17.6607   3666    	Dead: 0
14  3696.94   1.10094     17.7538   3652    	Dead: 0
15  3683.76   1.13746     18.3427   3636    	Dead: 0
16  3674.49   1.14704     18.4972   3634    	Dead: 0
17  3667.68   1.25372     20.2175   3609    	Dead: 0
18  3661.63   1.28941     20.793    3609    	Dead: 0
19  3655.7    1.35423     21.8383   3609    	Dead: 0
20  3650.92   1.39117     22.4341   3609    	Dead: 0
21  3645.95   1.376       22.1893   3609    	Dead: 0
22  3642.91   1.4907      24.039    3603    	Dead: 0
23  3639.72   1.48906     24.0126   3588    	Dead: 0
24  3637.86   1.59763     25.7634   3588    	Dead: 0
25  3633.69   1.54641     24.9374   3580    	Dead: 0
26  3631.58   1.71112     27.5935   3580    	Dead: 0
27  3627.43   1.612       25.9951   3578    	Dead: 0
28  3622.88   1.67775     27.0554   3578    	Dead: 0
29  3618.38   1.68002     27.092    3578    	Dead: 0
30  3614.34   1.71831     27.7094   3571    	Dead: 0
31  3611.63   1.77741     28.6626   3568    	Dead: 0
32  3608.86   1.79978     29.0233   3566    	Dead: 0
33  3605.62   1.83056     29.5196   3560    	Dead: 0
34  3602.56   1.90019     30.6425   3556    	Dead: 0
35  3598.17   1.89623     30.5786   3556    	Dead: 0
36  3593.91   1.94698     31.397    3547    	Dead: 0
37  3586.83   1.96065     31.6175   3547    	Dead: 0
38  3580.41   1.95754     31.5672   3546    	Dead: 0
39  3572.65   1.73375     27.9584   3529    	Dead: 0
40  3569.84   1.87923     30.3045   3525    	Dead: 0
41  3567.81   1.90914     30.7868   3524    	Dead: 0
42  3565.12   2.02276     32.6191   3524    	Dead: 0
43  3561.53   2.15741     34.7904   3520    	Dead: 0
44  3553.68   2.15172     34.6987   3515    	Dead: 0
45  3551.65   2.43283     39.2318   3511    	Dead: 0
46  3543.82   2.31324     37.3032   3510    	Dead: 0
47  3540.43   2.35305     37.9452   3505    	Dead: 0
48  3535.31   2.30356     37.1473   3496    	Dead: 0
49  3533      2.41058     38.873    3496    	Dead: 0
50  3525.59   2.32102     37.4288   3491    	Dead: 0
51  3522.56   2.3464      37.8381   3486    	Dead: 0
52  3519.03   2.38059     38.3894   3483    	Dead: 0
53  3516.21   2.40099     38.7184   3482    	Dead: 0
54  3512.3    2.37869     38.3588   3476    	Dead: 0
55  3510.34   2.41791     38.9911   3476    	Dead: 0
56  3506.86   2.34809     37.8652   3476    	Dead: 0
57  3508.01   2.52811     40.7683   3470    	Dead: 0
58  3509.75   2.74298     44.2333   3470    	Dead: 0
59  3505.72   2.59659     41.8726   3470    	Dead: 0
60  3508.23   2.81224     45.3501   3464    	Dead: 0
61  3505.58   2.78414     44.8971   3461    	Dead: 0
62  3504.83   2.85891     46.1028   3461    	Dead: 0
63  3507.15   2.97754     48.0158   3454    	Dead: 0
64  3504.96   2.90205     46.7984   3454    	Dead: 0
65  3503.68   2.95881     47.7138   3454    	Dead: 0
66  3504.28   3.03373     48.9219   3453    	Dead: 0
67  3498.74   2.92543     47.1754   3449    	Dead: 0
68  3497.21   2.96906     47.879    3449    	Dead: 0
69  3493.96   2.95009     47.5732   3443    	Dead: 0
70  3491.99   2.93545     47.337    3443    	Dead: 0
71  3491.04   3.04784     49.1495   3443    	Dead: 0
72  3489.43   3.05248     49.2243   3443    	Dead: 0
73  3483.67   2.93089     47.2636   3434    	Dead: 0
74  3481.26   3.01989     48.6988   3434    	Dead: 0
75  3480.17   3.1266      50.4195   3434    	Dead: 0
76  3477.09   3.07125     49.527    3430    	Dead: 0
77  3474.77   3.03997     49.0225   3430    	Dead: 0
78  3472.35   3.0767      49.6149   3429    	Dead: 0
79  3475.11   3.23188     52.1173   3429    	Dead: 0
80  3475.51   3.35865     54.1616   3425    	Dead: 0
81  3476.6    3.36121     54.2028   3425    	Dead: 0
82  3476.79   3.34079     53.8735   3424    	Dead: 0
83  3475.75   3.37974     54.5017   3422    	Dead: 0
84  3476.28   3.38361     54.5641   3420    	Dead: 0
85  3472.72   3.37727     54.4619   3417    	Dead: 0
86  3472.42   3.38854     54.6436   3417    	Dead: 0
87  3468.76   3.43522     55.3964   3415    	Dead: 0
88  3468.01   3.49141     56.3025   3412    	Dead: 0
89  3463.01   3.41935     55.1404   3409    	Dead: 0
90  3462.5    3.42878     55.2925   3409    	Dead: 0
91  3463.62   3.57807     57.7      3407    	Dead: 0
92  3461.72   3.59018     57.8953   3407    	Dead: 0
93  3459.18   3.5282      56.8957   3404    	Dead: 0
94  3460.51   3.68294     59.3912   3404    	Dead: 0
95  3459.78   3.76359     60.6917   3400    	Dead: 0
96  3455.64   3.6103      58.2197   3400    	Dead: 0
97  3456.14   3.70008     59.6675   3400    	Dead: 0
98  3454.39   3.68265     59.3864   3397    	Dead: 0
99  3453.97   3.73558     60.24     3392    	Dead: 0
100 3452.02   3.71452     59.9003   3392    	Dead: 0
