0   4088.32   2.52814     40.7687   3936    	Dead: 0
1   3989.46   1.76119     28.4009   3905    	Dead: 0
2   3928.03   1.33792     21.5753   3873    	Dead: 0
3   3883.4    1.11565     17.9909   3827    	Dead: 0
4   3846.72   1.10671     17.8468   3780    	Dead: 0
5   3815      0.978745    15.7833   3765    	Dead: 0
6   3789.12   1.04441     16.8422   3742    	Dead: 0
7   3769.52   0.989104    15.9503   3727    	Dead: 0
8   3754.13   1.01209     16.3209   3708    	Dead: 0
9   3743.56   1.05845     17.0686   3705    	Dead: 0
10  3733.93   1.07276     17.2993   3685    	Dead: 0
11  3724.09   1.11379     17.961    3683    	Dead: 0
12  3715.58   1.12153     18.0858   3673    	Dead: 0
13  3707.68   1.07052     17.2632   3667    	Dead: 0
14  3701.67   1.13792     18.3501   3661    	Dead: 0
15  3697.08   1.23505     19.9164   3652    	Dead: 0
16  3690.88   1.33148     21.4714   3646    	Dead: 0
17  3684.3    1.37743     22.2125   3639    	Dead: 0
18  3677.73   1.47179     23.7341   3630    	Dead: 0
19  3674.06   1.60718     25.9175   3629    	Dead: 0
20  3667.97   1.51861     24.4892   3622    	Dead: 0
21  3663.71   1.55298     25.0433   3622    	Dead: 0
22  3661.2    1.61889     26.1063   3617    	Dead: 0
23  3658.28   1.6805      27.0998   3616    	Dead: 0
24  3654.28   1.66319     26.8207   3613    	Dead: 0
25  3651.26   1.6793      27.0804   3610    	Dead: 0
26  3646.46   1.59492     25.7197   3610    	Dead: 0
27  3644.13   1.70062     27.4242   3606    	Dead: 0
28  3641.56   1.68627     27.1928   3606    	Dead: 0
29  3639.26   1.70042     27.4209   3602    	Dead: 0
30  3637.1    1.71435     27.6455   3597    	Dead: 0
31  3635.82   1.75373     28.2807   3597    	Dead: 0
32  3633.97   1.77442     28.6143   3593    	Dead: 0
33  3631.51   1.78499     28.7847   3592    	Dead: 0
34  3630.41   1.84417     29.7391   3592    	Dead: 0
35  3629.41   1.9582      31.5779   3591    	Dead: 0
36  3628.07   1.9912      32.1101   3589    	Dead: 0
37  3625.05   2.03303     32.7846   3587    	Dead: 0
38  3623.76   2.0977      33.8275   3580    	Dead: 0
39  3624.81   2.29095     36.9439   3579    	Dead: 0
40  3625.77   2.48035     39.9981   3579    	Dead: 0
41  3623.61   2.5337      40.8585   3577    	Dead: 0
42  3619.29   2.54103     40.9767   3574    	Dead: 0
43  3619.99   2.64496     42.6527   3572    	Dead: 0
44  3616.74   2.5979      41.8938   3572    	Dead: 0
45  3616.2    2.6994      43.5305   3572    	Dead: 0
46  3615.33   2.64634     42.6748   3570    	Dead: 0
47  3610.82   2.63492     42.4907   3568    	Dead: 0
48  3610.61   2.70885     43.683    3562    	Dead: 0
49  3606.67   2.60154     41.9524   3562    	Dead: 0
50  3606.95   2.68111     43.2356   3562    	Dead: 0
51  3605.02   2.70744     43.6601   3558    	Dead: 0
52  3602.98   2.66233     42.9328   3558    	Dead: 0
53  3603.42   2.73986     44.1829   3558    	Dead: 0
54  3601.5    2.75248     44.3865   3558    	Dead: 0
55  3598.46   2.69134     43.4006   3552    	Dead: 0
56  3599.97   2.75247     44.3863   3551    	Dead: 0
57  3596.26   2.62612     42.3489   3551    	Dead: 0
58  3597.1    2.81149     45.3381   3551    	Dead: 0
59  3594.53   2.75271     44.3902   3551    	Dead: 0
60  3592.61   2.68607     43.3156   3551    	Dead: 0
61  3593.41   2.74296     44.233    3550    	Dead: 0
62  3594.22   2.91123     46.9465   3547    	Dead: 0
63  3591.66   2.79625     45.0923   3541    	Dead: 0
64  3590.71   2.87283     46.3273   3541    	Dead: 0
65  3590.17   2.79997     45.1524   3541    	Dead: 0
66  3589.9    2.8868      46.5525   3541    	Dead: 0
67  3588.44   2.88312     46.4933   3535    	Dead: 0
68  3585.73   2.86586     46.2149   3535    	Dead: 0
69  3583.94   2.85016     45.9617   3533    	Dead: 0
70  3581.49   2.84745     45.9181   3530    	Dead: 0
71  3579.2    2.84707     45.9119   3524    	Dead: 0
72  3575.99   2.80346     45.2085   3522    	Dead: 0
73  3577.24   2.94827     47.5437   3522    	Dead: 0
74  3571.95   2.83555     45.7261   3521    	Dead: 0
75  3574.48   3.09028     49.8339   3516    	Dead: 0
76  3569.82   2.99608     48.3148   3512    	Dead: 0
77  3566.75   2.95265     47.6145   3512    	Dead: 0
78  3565.23   3.08758     49.7904   3512    	Dead: 0
79  3563.77   3.10681     50.1004   3499    	Dead: 0
80  3559.46   3.09778     49.9549   3499    	Dead: 0
81  3559.92   3.21228     51.8013   3497    	Dead: 0
82  3558.38   3.26326     52.6233   3497    	Dead: 0
83  3555.49   3.23195     52.1185   3497    	Dead: 0
84  3552.39   3.24391     52.3113   3496    	Dead: 0
85  3549.94   3.26396     52.6346   3496    	Dead: 0
86  3549.66   3.2751      52.8143   3495    	Dead: 0
87  3550.19   3.34587     53.9555   3493    	Dead: 0
88  3543.91   3.21024     51.7683   3493    	Dead: 0
89  3543.37   3.25429     52.4787   3492    	Dead: 0
90  3542.19   3.24401     52.3128   3488    	Dead: 0
91  3540.77   3.22997     52.0865   3488    	Dead: 0
92  3539.62   3.2103      51.7692   3488    	Dead: 0
93  3535.74   3.20392     51.6664   3488    	Dead: 0
94  3533.88   3.14946     50.7883   3487    	Dead: 0
95  3529.53   3.08763     49.7912   3483    	Dead: 0
96  3530.35   3.24582     52.3421   3482    	Dead: 0
97  3524.93   2.98349     48.1118   3482    	Dead: 0
98  3523.35   3.02216     48.7354   3482    	Dead: 0
99  3524.33   3.074       49.5714   3479    	Dead: 0
100 3521.7    3.03545     48.9497   3477    	Dead: 0
