0   4084.05   2.45197     39.5405   3973    	Dead: 0
1   3913.48   1.5835      25.5355   3837    	Dead: 0
2   3831.26   1.23571     19.927    3774    	Dead: 0
3   3780.2    1.12463     18.1357   3724    	Dead: 0
4   3742.14   1.19803     19.3195   3685    	Dead: 0
5   3709.97   1.21809     19.6429   3663    	Dead: 0
6   3684.35   1.14498     18.464    3643    	Dead: 0
7   3666.07   1.08569     17.5078   3633    	Dead: 0
8   3650.11   1.09387     17.6398   3618    	Dead: 0
9   3639.08   1.04706     16.8849   3607    	Dead: 0
10  3632.36   1.08935     17.5669   3606    	Dead: 0
11  3627.17   1.12319     18.1126   3600    	Dead: 0
12  3623.3    1.18808     19.1589   3592    	Dead: 0
13  3616.71   1.20523     19.4355   3583    	Dead: 0
14  3609.81   1.30186     20.9938   3576    	Dead: 0
15  3601.94   1.34366     21.6678   3561    	Dead: 0
16  3596.67   1.50918     24.337    3551    	Dead: 0
17  3589.54   1.75651     28.3255   3549    	Dead: 0
18  3583.17   2.0073      32.3697   3534    	Dead: 0
19  3574.51   2.17857     35.1316   3528    	Dead: 0
20  3566.97   2.31109     37.2686   3517    	Dead: 0
21  3561.83   2.72093     43.8778   3515    	Dead: 0
22  3560.29   3.10951     50.144    3511    	Dead: 0
23  3556.36   3.18126     51.301    3504    	Dead: 0
24  3547.26   2.99199     48.2489   3504    	Dead: 0
25  3544.19   3.08165     49.6947   3497    	Dead: 0
26  3539.8    3.21534     51.8506   3488    	Dead: 0
27  3534.24   3.29347     53.1104   3474    	Dead: 0
28  3530.05   3.40625     54.9293   3474    	Dead: 0
29  3520.73   3.34391     53.9239   3464    	Dead: 0
30  3510.46   3.35478     54.0992   3458    	Dead: 0
31  3497.73   3.35599     54.1187   3450    	Dead: 0
32  3494.19   3.59367     57.9515   3441    	Dead: 0
33  3489.29   3.72714     60.1039   3430    	Dead: 0
34  3481.33   3.75796     60.6009   3424    	Dead: 0
35  3479.12   3.9232      63.2656   3418    	Dead: 0
36  3477.14   4.0998      66.1133   3409    	Dead: 0
37  3471      4.0734      65.6876   3402    	Dead: 0
38  3465.75   4.07305     65.6819   3396    	Dead: 0
39  3455.47   3.92631     63.3157   3396    	Dead: 0
40  3448.11   3.87902     62.5531   3394    	Dead: 0
41  3442.64   3.82947     61.754    3384    	Dead: 0
42  3441.27   3.86813     62.3775   3384    	Dead: 0
43  3440.12   3.85381     62.1466   3384    	Dead: 0
44  3433.25   3.60835     58.1882   3381    	Dead: 0
45  3430.54   3.67951     59.3358   3372    	Dead: 0
46  3423.32   3.59218     57.9275   3371    	Dead: 0
47  3420.77   3.7105      59.8355   3369    	Dead: 0
48  3412.49   3.57751     57.691    3366    	Dead: 0
49  3406.82   3.43009     55.3137   3360    	Dead: 0
50  3404.26   3.38568     54.5975   3360    	Dead: 0
51  3403.26   3.61226     58.2512   3355    	Dead: 0
52  3407.05   4.0508      65.3233   3353    	Dead: 0
53  3400.69   4.07595     65.7288   3344    	Dead: 0
54  3398.88   4.0818      65.8231   3342    	Dead: 0
55  3395.06   4.17294     67.2929   3342    	Dead: 0
56  3391.26   4.11377     66.3387   3337    	Dead: 0
57  3389.76   4.22547     68.1399   3336    	Dead: 0
58  3386.37   4.09203     65.988    3336    	Dead: 0
59  3385.85   4.19753     67.6894   3336    	Dead: 0
60  3385.95   4.20702     67.8424   3336    	Dead: 0
61  3386.35   4.27207     68.8915   3328    	Dead: 0
62  3383.81   4.22918     68.1998   3328    	Dead: 0
63  3382.61   4.29227     69.2172   3328    	Dead: 0
64  3383.78   4.50607     72.665    3327    	Dead: 0
65  3382.26   4.47078     72.0958   3325    	Dead: 0
66  3386.57   4.71687     76.0642   3322    	Dead: 0
67  3381.23   4.55796     73.5016   3321    	Dead: 0
68  3377.23   4.50915     72.7146   3317    	Dead: 0
69  3369.04   4.21458     67.9644   3317    	Dead: 0
70  3373.43   4.44349     71.6557   3317    	Dead: 0
71  3375.27   4.57893     73.8399   3317    	Dead: 0
72  3379.38   4.65335     75.04     3316    	Dead: 0
73  3376.45   4.76517     76.8431   3315    	Dead: 0
74  3382.89   4.95691     79.9351   3312    	Dead: 0
75  3385.76   4.98904     80.4533   3311    	Dead: 0
76  3381.15   4.88511     78.7773   3311    	Dead: 0
77  3378.57   4.86873     78.5132   3307    	Dead: 0
78  3380.64   4.88164     78.7213   3307    	Dead: 0
79  3381.49   4.92225     79.3762   3307    	Dead: 0
80  3378.4    4.99014     80.471    3307    	Dead: 0
81  3377.14   4.97287     80.1925   3307    	Dead: 0
82  3379.71   5.06536     81.684    3306    	Dead: 0
83  3376.32   4.97428     80.2152   3306    	Dead: 0
84  3377.99   5.06626     81.6985   3304    	Dead: 0
85  3378.14   5.06304     81.6466   3304    	Dead: 0
86  3374.36   4.98402     80.3723   3302    	Dead: 0
87  3378.75   5.26539     84.9096   3302    	Dead: 0
88  3375.76   5.15012     83.0509   3302    	Dead: 0
89  3373.37   5.17187     83.4015   3297    	Dead: 0
90  3374.23   5.25433     84.7313   3297    	Dead: 0
91  3372.03   5.21118     84.0355   3296    	Dead: 0
92  3373.02   5.21173     84.0443   3293    	Dead: 0
93  3370.29   5.15308     83.0985   3293    	Dead: 0
94  3371.54   5.25224     84.6976   3292    	Dead: 0
95  3365.7    5.12861     82.704    3288    	Dead: 0
96  3365.92   5.1285      82.7021   3288    	Dead: 0
97  3367.05   5.29658     85.4127   3284    	Dead: 0
98  3364.91   5.25307     84.711    3284    	Dead: 0
99  3363.14   5.2397      84.4954   3284    	Dead: 0
100 3358.96   5.17177     83.4      3283    	Dead: 0
