0   4086.46   2.45092     39.5235   3974    	Dead: 0
1   3983.39   1.94907     31.4307   3895    	Dead: 0
2   3915.21   1.43054     23.069    3833    	Dead: 0
3   3870.4    1.1193      18.0498   3822    	Dead: 0
4   3837.93   1.06109     17.1112   3786    	Dead: 0
5   3812.72   1.02456     16.5221   3763    	Dead: 0
6   3791.53   1.02136     16.4705   3736    	Dead: 0
7   3775.95   1.09743     17.6972   3724    	Dead: 0
8   3756.45   1.14918     18.5317   3712    	Dead: 0
9   3734.43   1.06193     17.1247   3682    	Dead: 0
10  3715.71   1.00936     16.2769   3670    	Dead: 0
11  3700.2    1.02145     16.4719   3653    	Dead: 0
12  3685.35   0.931118    15.0152   3647    	Dead: 0
13  3675.49   0.996062    16.0625   3630    	Dead: 0
14  3665.98   1.0185      16.4243   3615    	Dead: 0
15  3658.19   1.02497     16.5287   3615    	Dead: 0
16  3650.39   1.00596     16.2222   3613    	Dead: 0
17  3643.53   1.08849     17.5529   3594    	Dead: 0
18  3637.53   1.08232     17.4534   3594    	Dead: 0
19  3629.32   0.996016    16.0618   3592    	Dead: 0
20  3623.72   1.0917      17.6048   3583    	Dead: 0
21  3617.97   1.14622     18.484    3571    	Dead: 0
22  3613.19   1.17854     19.0052   3571    	Dead: 0
23  3608.79   1.21059     19.522    3560    	Dead: 0
24  3604.05   1.22914     19.8211   3557    	Dead: 0
25  3601.35   1.24034     20.0018   3557    	Dead: 0
26  3598.26   1.25295     20.2051   3557    	Dead: 0
27  3595.95   1.27875     20.6212   3556    	Dead: 0
28  3593.64   1.33986     21.6066   3550    	Dead: 0
29  3589.58   1.3661      22.0297   3550    	Dead: 0
30  3586.42   1.41219     22.773    3545    	Dead: 0
31  3582.31   1.40467     22.6518   3520    	Dead: 0
32  3579.97   1.46661     23.6505   3520    	Dead: 0
33  3576.56   1.4625      23.5842   3520    	Dead: 0
34  3573.55   1.52447     24.5836   3520    	Dead: 0
35  3571.35   1.61712     26.0777   3520    	Dead: 0
36  3567.42   1.69436     27.3233   3517    	Dead: 0
37  3562.53   1.65108     26.6253   3517    	Dead: 0
38  3557.46   1.7191      27.7223   3517    	Dead: 0
39  3553      1.7554      28.3076   3516    	Dead: 0
40  3546.47   1.70134     27.4358   3512    	Dead: 0
41  3537.46   1.64567     26.5381   3511    	Dead: 0
42  3534.21   1.68786     27.2184   3503    	Dead: 0
43  3531.38   1.62048     26.1319   3503    	Dead: 0
44  3529.77   1.65025     26.612    3498    	Dead: 0
45  3528.7    1.72024     27.7405   3497    	Dead: 0
46  3527.1    1.73695     28.0101   3482    	Dead: 0
47  3521.97   1.72824     27.8696   3477    	Dead: 0
48  3514.96   1.6721      26.9643   3475    	Dead: 0
49  3508.72   1.85408     29.8989   3472    	Dead: 0
50  3503.92   1.91991     30.9604   3472    	Dead: 0
51  3499.9    1.87501     30.2364   3466    	Dead: 0
52  3495.45   1.86751     30.1155   3462    	Dead: 0
53  3492.07   1.974       31.8327   3456    	Dead: 0
54  3490.1    2.09605     33.8009   3456    	Dead: 0
55  3485.06   1.98212     31.9637   3447    	Dead: 0
56  3480.75   2.02315     32.6252   3447    	Dead: 0
57  3475.12   2.0093      32.4019   3437    	Dead: 0
58  3469.78   2.0842      33.6098   3421    	Dead: 0
59  3463.05   2.14324     34.5618   3421    	Dead: 0
60  3458.42   2.27332     36.6595   3419    	Dead: 0
61  3450.39   2.22234     35.8374   3415    	Dead: 0
62  3446.43   2.35741     38.0155   3410    	Dead: 0
63  3443.74   2.56005     41.2833   3409    	Dead: 0
64  3440.76   2.57655     41.5495   3405    	Dead: 0
65  3436.82   2.53709     40.9131   3405    	Dead: 0
66  3434.38   2.51742     40.5959   3395    	Dead: 0
67  3434.07   2.65771     42.8582   3395    	Dead: 0
68  3431.51   2.60149     41.9516   3395    	Dead: 0
69  3427.52   2.57939     41.5952   3391    	Dead: 0
70  3423.8    2.60162     41.9537   3385    	Dead: 0
71  3421.08   2.54843     41.096    3385    	Dead: 0
72  3419.41   2.62699     42.3628   3381    	Dead: 0
73  3419.17   2.76075     44.5199   3378    	Dead: 0
74  3419.19   2.86037     46.1263   3376    	Dead: 0
75  3415.36   2.77881     44.8111   3373    	Dead: 0
76  3416.95   3.03142     48.8847   3373    	Dead: 0
77  3413.92   3.02945     48.8529   3370    	Dead: 0
78  3416.36   3.17639     51.2225   3366    	Dead: 0
79  3414.05   3.27733     52.8502   3366    	Dead: 0
80  3415.55   3.36177     54.2119   3366    	Dead: 0
81  3413.56   3.22641     52.0291   3366    	Dead: 0
82  3413.01   3.30002     53.2161   3366    	Dead: 0
83  3413.9    3.43337     55.3666   3361    	Dead: 0
84  3416.08   3.53955     57.0788   3361    	Dead: 0
85  3415.33   3.45018     55.6376   3357    	Dead: 0
86  3416.61   3.59086     57.9061   3357    	Dead: 0
87  3410.31   3.49134     56.3013   3357    	Dead: 0
88  3409.59   3.43057     55.3214   3356    	Dead: 0
89  3406.33   3.47752     56.0785   3354    	Dead: 0
90  3406.58   3.55847     57.3839   3349    	Dead: 0
91  3395.41   3.17063     51.1295   3349    	Dead: 0
92  3394.97   3.20366     51.6622   3343    	Dead: 0
93  3391.97   3.20829     51.7369   3343    	Dead: 0
94  3388.72   3.15677     50.9061   3337    	Dead: 0
95  3389.49   3.37693     54.4564   3337    	Dead: 0
96  3390.1    3.51253     56.643    3337    	Dead: 0
97  3387.89   3.57257     57.6113   3332    	Dead: 0
98  3389.53   3.72697     60.1011   3332    	Dead: 0
99  3391.41   3.93998     63.5361   3329    	Dead: 0
100 3387.98   3.92773     63.3385   3326    	Dead: 0
