0   4087.23   2.5632      41.3342   3970    	Dead: 0
1   3984.67   1.88245     30.3563   3898    	Dead: 0
2   3922.57   1.3035      21.0203   3847    	Dead: 0
3   3882.23   1.27897     20.6247   3818    	Dead: 0
4   3842.2    1.09065     17.5878   3783    	Dead: 0
5   3815.07   0.978589    15.7807   3764    	Dead: 0
6   3793.15   0.948481    15.2952   3743    	Dead: 0
7   3773.47   0.905032    14.5945   3725    	Dead: 0
8   3761.24   0.917695    14.7987   3725    	Dead: 0
9   3752.83   0.977119    15.757    3717    	Dead: 0
10  3745.09   0.982327    15.841    3713    	Dead: 0
11  3738.82   1.00046     16.1334   3707    	Dead: 0
12  3733.87   1.07162     17.281    3700    	Dead: 0
13  3728.47   1.09889     17.7207   3691    	Dead: 0
14  3722.85   1.13923     18.3712   3685    	Dead: 0
15  3717.4    1.15494     18.6246   3681    	Dead: 0
16  3713.18   1.26216     20.3536   3671    	Dead: 0
17  3707.87   1.25856     20.2956   3659    	Dead: 0
18  3702.11   1.27869     20.6202   3652    	Dead: 0
19  3699.11   1.39415     22.482    3652    	Dead: 0
20  3693.86   1.31573     21.2175   3650    	Dead: 0
21  3691.24   1.457       23.4955   3641    	Dead: 0
22  3686.97   1.47922     23.8539   3641    	Dead: 0
23  3683.91   1.5769      25.4291   3637    	Dead: 0
24  3679.45   1.54633     24.9361   3634    	Dead: 0
25  3675.31   1.57618     25.4175   3632    	Dead: 0
26  3672.7    1.6819      27.1223   3630    	Dead: 0
27  3669.72   1.70347     27.4701   3629    	Dead: 0
28  3665.97   1.70986     27.5732   3628    	Dead: 0
29  3662.57   1.6836      27.1498   3620    	Dead: 0
30  3660.32   1.7015      27.4384   3618    	Dead: 0
31  3656.98   1.75405     28.2857   3618    	Dead: 0
32  3656.35   1.80066     29.0374   3615    	Dead: 0
33  3652.53   1.74911     28.2061   3614    	Dead: 0
34  3649.89   1.76566     28.473    3607    	Dead: 0
35  3646.17   1.73317     27.9491   3602    	Dead: 0
36  3643.88   1.73345     27.9536   3602    	Dead: 0
37  3640.95   1.74837     28.1943   3598    	Dead: 0
38  3636.8    1.71329     27.6285   3598    	Dead: 0
39  3633.54   1.718       27.7045   3587    	Dead: 0
40  3630.36   1.68009     27.0931   3585    	Dead: 0
41  3626      1.60087     25.8156   3580    	Dead: 0
42  3624.36   1.68294     27.1392   3579    	Dead: 0
43  3619.96   1.61052     25.9712   3574    	Dead: 0
44  3618.19   1.72171     27.7643   3574    	Dead: 0
45  3610.99   1.58194     25.5104   3571    	Dead: 0
46  3607.26   1.63475     26.3619   3562    	Dead: 0
47  3602.04   1.63926     26.4346   3562    	Dead: 0
48  3597.14   1.64117     26.4655   3558    	Dead: 0
49  3593.27   1.70614     27.5133   3555    	Dead: 0
50  3588.77   1.70444     27.4859   3539    	Dead: 0
51  3583.3    1.71009     27.577    3539    	Dead: 0
52  3580.82   1.87179     30.1845   3538    	Dead: 0
53  3574.8    1.7704      28.5495   3529    	Dead: 0
54  3569.7    1.80062     29.0368   3515    	Dead: 0
55  3562.58   1.70325     27.4665   3515    	Dead: 0
56  3557.09   1.80231     29.064    3506    	Dead: 0
57  3551.51   1.74872     28.1999   3502    	Dead: 0
58  3549.24   1.81283     29.2336   3502    	Dead: 0
59  3548.17   1.96403     31.6719   3502    	Dead: 0
60  3543.85   1.84389     29.7345   3502    	Dead: 0
61  3540.64   1.89088     30.4923   3497    	Dead: 0
62  3537.11   1.92994     31.1223   3497    	Dead: 0
63  3535.06   1.95736     31.5643   3496    	Dead: 0
64  3534.2    1.9533      31.4989   3495    	Dead: 0
65  3531.41   1.97378     31.8291   3494    	Dead: 0
66  3529.73   1.9701      31.7698   3494    	Dead: 0
67  3527.54   2.02893     32.7185   3491    	Dead: 0
68  3527.45   2.09211     33.7374   3491    	Dead: 0
69  3526.76   2.09898     33.8482   3491    	Dead: 0
70  3526.74   2.09994     33.8637   3491    	Dead: 0
71  3524.73   2.05861     33.1972   3488    	Dead: 0
72  3525.36   2.21504     35.7197   3488    	Dead: 0
73  3523.35   2.08104     33.5588   3482    	Dead: 0
74  3522.3    2.15952     34.8245   3482    	Dead: 0
75  3523.55   2.23333     36.0146   3482    	Dead: 0
76  3523.1    2.21115     35.6571   3482    	Dead: 0
77  3522.24   2.20929     35.627    3482    	Dead: 0
78  3519.86   2.23221     35.9966   3478    	Dead: 0
79  3521.16   2.33376     37.6342   3477    	Dead: 0
80  3518.95   2.26688     36.5556   3477    	Dead: 0
81  3517.18   2.2747      36.6818   3477    	Dead: 0
82  3516.45   2.32115     37.4309   3476    	Dead: 0
83  3515.21   2.21929     35.7882   3473    	Dead: 0
84  3513.22   2.20869     35.6173   3473    	Dead: 0
85  3513.71   2.36792     38.185    3473    	Dead: 0
86  3512.8    2.33872     37.7143   3473    	Dead: 0
87  3511.76   2.37569     38.3104   3472    	Dead: 0
88  3510.5    2.35252     37.9367   3468    	Dead: 0
89  3508.04   2.29724     37.0453   3466    	Dead: 0
90  3507.75   2.29912     37.0756   3466    	Dead: 0
91  3506.18   2.27848     36.7428   3463    	Dead: 0
92  3506.07   2.30975     37.2471   3463    	Dead: 0
93  3505.28   2.39721     38.6574   3460    	Dead: 0
94  3503.53   2.35522     37.9804   3460    	Dead: 0
95  3503.9    2.45247     39.5485   3460    	Dead: 0
96  3500.31   2.35905     38.042    3460    	Dead: 0
97  3500.35   2.45102     39.5251   3459    	Dead: 0
98  3497.92   2.40403     38.7675   3458    	Dead: 0
99  3496.05   2.36694     38.1693   3455    	Dead: 0
100 3497.42   2.41541     38.9509   3455    	Dead: 0
