0   6.68521   0.057647    0.929615  3.0273  	Dead: 0
1   2.63026   0.0343056   0.553212  1.65764 	Dead: 0
2   2.20546   0.0233487   0.376521  1.49402 	Dead: 0
3   2.11432   0.0220863   0.356164  1.49402 	Dead: 0
4   2.06914   0.0226761   0.365674  1.47863 	Dead: 0
5   2.02937   0.0226115   0.364633  1.47863 	Dead: 0
6   1.98329   0.0219587   0.354105  1.37821 	Dead: 0
7   1.96502   0.0211614   0.341249  1.3632  	Dead: 0
8   1.9578    0.0219887   0.35459   1.32498 	Dead: 0
9   1.92008   0.0211643   0.341296  1.32498 	Dead: 0
10  1.91361   0.0216043   0.348392  1.32498 	Dead: 0
11  1.90907   0.0218591   0.352501  1.32498 	Dead: 0
12  1.89727   0.0230915   0.372374  1.32498 	Dead: 0
13  1.8807    0.0219909   0.354625  1.30709 	Dead: 0
14  1.85646   0.022634    0.364996  1.30709 	Dead: 0
15  1.85128   0.0216579   0.349256  1.30709 	Dead: 0
16  1.85046   0.0222048   0.358074  1.30709 	Dead: 0
17  1.84339   0.0232624   0.375129  1.23893 	Dead: 0
18  1.82528   0.0217837   0.351284  1.23893 	Dead: 0
19  1.81132   0.0219697   0.354284  1.23893 	Dead: 0
20  1.79671   0.0208348   0.335982  1.19811 	Dead: 0
21  1.79402   0.0213533   0.344343  1.19811 	Dead: 0
22  1.77493   0.0209674   0.338121  1.15888 	Dead: 0
23  1.76287   0.020002    0.322552  1.15888 	Dead: 0
24  1.7625    0.0216582   0.34926   1.12254 	Dead: 0
25  1.74067   0.0198859   0.32068   1.12254 	Dead: 0
26  1.7506    0.0213242   0.343875  1.12254 	Dead: 0
27  1.73287   0.0204313   0.329475  1.12254 	Dead: 0
28  1.71213   0.0196785   0.317335  1.12254 	Dead: 0
29  1.7062    0.0196361   0.316652  1.12254 	Dead: 0
30  1.70232   0.0195474   0.315221  1.10084 	Dead: 0
31  1.69988   0.0201866   0.325528  1.10084 	Dead: 0
32  1.69827   0.0203505   0.328172  1.10084 	Dead: 0
33  1.6909    0.0202934   0.327251  1.10084 	Dead: 0
34  1.68713   0.0200456   0.323255  1.10084 	Dead: 0
35  1.70067   0.0198783   0.320558  1.10084 	Dead: 0
36  1.68495   0.0196756   0.317289  1.02827 	Dead: 0
37  1.6866    0.0212038   0.341933  1.02827 	Dead: 0
38  1.67772   0.0199246   0.321304  1.02827 	Dead: 0
39  1.67454   0.0197131   0.317893  1.02827 	Dead: 0
40  1.67329   0.020341    0.32802   1.02827 	Dead: 0
41  1.6724    0.0201886   0.325561  1.02827 	Dead: 0
42  1.67954   0.0202599   0.326711  1.02827 	Dead: 0
43  1.66478   0.0190442   0.307107  1.02827 	Dead: 0
44  1.65911   0.0195575   0.315384  1.02827 	Dead: 0
45  1.67035   0.0207955   0.335349  1.02827 	Dead: 0
46  1.67502   0.020522    0.330938  1.02827 	Dead: 0
47  1.67715   0.0212506   0.342688  1.02827 	Dead: 0
48  1.67276   0.0209524   0.337878  1.02827 	Dead: 0
49  1.66457   0.0201482   0.32491   1.02827 	Dead: 0
50  1.66255   0.0200935   0.324027  1.02827 	Dead: 0
51  1.66463   0.0209778   0.338289  1.02827 	Dead: 0
52  1.66478   0.0210137   0.338867  1.02827 	Dead: 0
53  1.64985   0.0198248   0.319695  1.02827 	Dead: 0
54  1.65702   0.0202835   0.327092  1.02827 	Dead: 0
55  1.64319   0.0191699   0.309133  1.02827 	Dead: 0
56  1.66363   0.020706    0.333904  1.02827 	Dead: 0
57  1.6589    0.0208317   0.335933  1.02827 	Dead: 0
58  1.66554   0.0207953   0.335346  1.02827 	Dead: 0
59  1.6641    0.0208006   0.335431  1.02827 	Dead: 0
60  1.66334   0.0203775   0.328608  1.02827 	Dead: 0
61  1.65041   0.0204178   0.329257  1.02827 	Dead: 0
62  1.65816   0.0210783   0.339909  1.02827 	Dead: 0
63  1.65105   0.0201144   0.324365  1.02827 	Dead: 0
64  1.65957   0.0207614   0.334798  1.02827 	Dead: 0
65  1.66417   0.0211363   0.340843  1.02827 	Dead: 0
66  1.66212   0.0204083   0.329105  1.02827 	Dead: 0
67  1.64423   0.020451    0.329793  1.02827 	Dead: 0
68  1.67075   0.0211787   0.341528  1.02827 	Dead: 0
69  1.65506   0.0206133   0.33241   1.02827 	Dead: 0
70  1.65428   0.0202258   0.326162  1.02827 	Dead: 0
71  1.64845   0.0207531   0.334665  1.02827 	Dead: 0
72  1.65533   0.0211155   0.340508  1.02827 	Dead: 0
73  1.65333   0.0207081   0.333938  1.02827 	Dead: 0
74  1.64477   0.0200004   0.322526  1.02827 	Dead: 0
75  1.64295   0.0201051   0.324215  1.00163 	Dead: 0
76  1.63763   0.0192306   0.310112  1.00163 	Dead: 0
77  1.64009   0.0196345   0.316626  1.00163 	Dead: 0
78  1.64637   0.0205189   0.330889  1.00163 	Dead: 0
79  1.65211   0.0213673   0.344569  1.00163 	Dead: 0
80  1.64879   0.020933    0.337565  1.00163 	Dead: 0
81  1.64438   0.0202057   0.325838  1.00163 	Dead: 0
82  1.64782   0.0210367   0.339238  1.00163 	Dead: 0
83  1.65359   0.0223307   0.360105  1.00163 	Dead: 0
84  1.65904   0.0228944   0.369196  1.00163 	Dead: 0
85  1.63862   0.0210675   0.339735  1.00163 	Dead: 0
86  1.63859   0.0214121   0.345292  1.00163 	Dead: 0
87  1.64253   0.0210255   0.339057  1.00163 	Dead: 0
88  1.64157   0.0211688   0.341367  1.00163 	Dead: 0
89  1.6173    0.0186809   0.301248  1.00163 	Dead: 0
90  1.63125   0.0209527   0.337883  1.00163 	Dead: 0
91  1.63146   0.0197027   0.317726  1.00163 	Dead: 0
92  1.62422   0.0205709   0.331726  1.00163 	Dead: 0
93  1.63245   0.0207133   0.334023  1.00163 	Dead: 0
94  1.62935   0.0208825   0.336752  1.00163 	Dead: 0
95  1.62097   0.0203895   0.328801  1.00163 	Dead: 0
96  1.61126   0.0202502   0.326554  1.00163 	Dead: 0
97  1.62192   0.0201974   0.325704  1.00163 	Dead: 0
98  1.62592   0.0208249   0.335823  1.00163 	Dead: 0
99  1.6057    0.0201007   0.324143  1.00163 	Dead: 0
100 1.6096    0.0204808   0.330273  1.00163 	Dead: 0
