0   6.54039   0.062115    1.00167   3.48426 	Dead: 0
1   2.61935   0.0328028   0.528978  1.67592 	Dead: 0
2   2.09096   0.0223053   0.359695  1.37578 	Dead: 0
3   2.02523   0.0213915   0.344959  1.31526 	Dead: 0
4   1.9868    0.0216408   0.348979  1.31526 	Dead: 0
5   1.94906   0.0218046   0.351621  1.31526 	Dead: 0
6   1.9468    0.0224495   0.362021  1.31526 	Dead: 0
7   1.93262   0.0223595   0.36057   1.31526 	Dead: 0
8   1.91423   0.0223198   0.359929  1.22726 	Dead: 0
9   1.91315   0.0235596   0.379922  1.22726 	Dead: 0
10  1.88123   0.021537    0.347306  1.22726 	Dead: 0
11  1.8561    0.0218584   0.352489  1.22726 	Dead: 0
12  1.86241   0.0235787   0.380229  1.22726 	Dead: 0
13  1.84013   0.0224218   0.361574  1.22726 	Dead: 0
14  1.82723   0.0230705   0.372036  1.22726 	Dead: 0
15  1.80891   0.0221264   0.35681   1.22726 	Dead: 0
16  1.80379   0.0227517   0.366893  1.22726 	Dead: 0
17  1.80203   0.0230033   0.370951  1.22726 	Dead: 0
18  1.79378   0.0232837   0.375473  1.21507 	Dead: 0
19  1.7943    0.0234264   0.377774  1.21507 	Dead: 0
20  1.76695   0.0218852   0.352921  1.1486  	Dead: 0
21  1.75006   0.021705    0.350015  1.1486  	Dead: 0
22  1.75044   0.0223611   0.360595  1.08092 	Dead: 0
23  1.75203   0.0233314   0.376243  1.08092 	Dead: 0
24  1.73596   0.0229748   0.370491  1.08092 	Dead: 0
25  1.71739   0.0219641   0.354193  1.08092 	Dead: 0
26  1.72319   0.0227614   0.367051  1.08092 	Dead: 0
27  1.7186    0.0226182   0.364742  1.08092 	Dead: 0
28  1.68374   0.0199239   0.321293  1.08092 	Dead: 0
29  1.69209   0.0217703   0.351069  1.08092 	Dead: 0
30  1.70788   0.0246157   0.396953  1.08092 	Dead: 0
31  1.69179   0.0218687   0.352654  1.08092 	Dead: 0
32  1.65388   0.0208217   0.335771  1.08092 	Dead: 0
33  1.67715   0.0218081   0.351678  1.08092 	Dead: 0
34  1.67522   0.0217094   0.350086  1.08092 	Dead: 0
35  1.69161   0.0229986   0.370876  1.08092 	Dead: 0
36  1.66632   0.0210373   0.339247  1.08092 	Dead: 0
37  1.66615   0.0215669   0.347787  1.08092 	Dead: 0
38  1.67854   0.0239925   0.386902  1.08092 	Dead: 0
39  1.65261   0.0208246   0.335818  1.08092 	Dead: 0
40  1.65947   0.022087    0.356176  1.08092 	Dead: 0
41  1.66347   0.0229736   0.370473  1.08092 	Dead: 0
42  1.65498   0.021295    0.343403  1.08092 	Dead: 0
43  1.66487   0.0233309   0.376235  1.08092 	Dead: 0
44  1.65577   0.0219657   0.354219  1.08092 	Dead: 0
45  1.65947   0.0252001   0.406377  1.08092 	Dead: 0
46  1.6449    0.0216466   0.349073  1.08092 	Dead: 0
47  1.64228   0.0207299   0.33429   1.08092 	Dead: 0
48  1.65059   0.0223429   0.360301  1.05268 	Dead: 0
49  1.64611   0.0217288   0.350399  1.05268 	Dead: 0
50  1.64269   0.0216119   0.348513  1.05268 	Dead: 0
51  1.62982   0.0208334   0.33596   1.05268 	Dead: 0
52  1.63519   0.0234326   0.377875  1.05268 	Dead: 0
53  1.65204   0.0247771   0.399555  1.05268 	Dead: 0
54  1.63687   0.0226265   0.364875  1.05268 	Dead: 0
55  1.62292   0.021847    0.352304  1.05268 	Dead: 0
56  1.65008   0.0233069   0.375847  1.05268 	Dead: 0
57  1.64018   0.0233061   0.375835  1.05268 	Dead: 0
58  1.62563   0.0217276   0.350379  1.05268 	Dead: 0
59  1.6468    0.0249483   0.402317  1.04636 	Dead: 0
60  1.62029   0.0217357   0.35051   1.04636 	Dead: 0
61  1.62508   0.0226703   0.365581  1.04636 	Dead: 0
62  1.62696   0.0235032   0.379013  1.04636 	Dead: 0
63  1.62003   0.0221505   0.3572    1.04636 	Dead: 0
64  1.62112   0.0224016   0.361248  1.04636 	Dead: 0
65  1.6164    0.0228702   0.368805  1.04636 	Dead: 0
66  1.60406   0.021465    0.346144  1.04636 	Dead: 0
67  1.61818   0.0231102   0.372675  1.04636 	Dead: 0
68  1.58673   0.0205256   0.330996  1.04636 	Dead: 0
69  1.60338   0.0219522   0.354001  1.04636 	Dead: 0
70  1.59843   0.0205226   0.330948  1.04636 	Dead: 0
71  1.60639   0.0218356   0.352121  1.04636 	Dead: 0
72  1.59598   0.0217805   0.351232  1.04636 	Dead: 0
73  1.60262   0.02012     0.324455  1.04636 	Dead: 0
74  1.6143    0.0221407   0.357041  1.04636 	Dead: 0
75  1.60595   0.0219027   0.353203  1.04636 	Dead: 0
76  1.60649   0.0224282   0.361677  1.04636 	Dead: 0
77  1.59122   0.0209638   0.338062  1.04636 	Dead: 0
78  1.59377   0.0213901   0.344937  1.04636 	Dead: 0
79  1.59599   0.0209394   0.33767   1.04636 	Dead: 0
80  1.59591   0.0216782   0.349582  1.04636 	Dead: 0
81  1.59094   0.0212419   0.342547  1.04636 	Dead: 0
82  1.59602   0.0216408   0.348979  1.04636 	Dead: 0
83  1.57843   0.0216419   0.348997  1.04636 	Dead: 0
84  1.58677   0.0217336   0.350477  1.04636 	Dead: 0
85  1.58127   0.0203577   0.328289  1.04636 	Dead: 0
86  1.58057   0.0212306   0.342364  1.04636 	Dead: 0
87  1.59467   0.0234728   0.378523  1.04636 	Dead: 0
88  1.57257   0.0214998   0.346706  1.04636 	Dead: 0
89  1.58734   0.0219204   0.353488  1.04636 	Dead: 0
90  1.57617   0.0221807   0.357685  1.04636 	Dead: 0
91  1.57734   0.0224576   0.362152  1.04636 	Dead: 0
92  1.5639    0.0205405   0.331237  1.04636 	Dead: 0
93  1.57125   0.0214105   0.345266  1.04636 	Dead: 0
94  1.58831   0.0218238   0.351931  1.03865 	Dead: 0
95  1.57461   0.0214736   0.346283  1.03865 	Dead: 0
96  1.567     0.0209685   0.338138  1.03865 	Dead: 0
97  1.57449   0.0216155   0.348572  1.03865 	Dead: 0
98  1.55858   0.0197139   0.317907  1.03865 	Dead: 0
99  1.58652   0.0232832   0.375465  1.03865 	Dead: 0
100 1.57056   0.0211376   0.340865  1.03865 	Dead: 0
