0   6.64932   0.0609393   0.982706  3.06349 	Dead: 0
1   2.79813   0.0364606   0.587964  1.77964 	Dead: 0
2   2.14628   0.0199727   0.322079  1.33659 	Dead: 0
3   2.01887   0.0215239   0.347094  1.33659 	Dead: 0
4   1.95932   0.0215523   0.347553  1.3348  	Dead: 0
5   1.91713   0.0220034   0.354827  1.2173  	Dead: 0
6   1.86952   0.0208074   0.33554   1.2173  	Dead: 0
7   1.84339   0.0213741   0.344679  1.2173  	Dead: 0
8   1.81949   0.0217918   0.351415  1.2173  	Dead: 0
9   1.81308   0.0225426   0.363522  1.21231 	Dead: 0
10  1.77704   0.0209373   0.337635  1.21231 	Dead: 0
11  1.79395   0.0226224   0.364809  1.21113 	Dead: 0
12  1.80029   0.0233567   0.37665   1.21113 	Dead: 0
13  1.76939   0.023433    0.37788   1.15946 	Dead: 0
14  1.76534   0.022737    0.366657  1.15946 	Dead: 0
15  1.76106   0.0224145   0.361456  1.15946 	Dead: 0
16  1.75516   0.0227701   0.367191  1.15946 	Dead: 0
17  1.7462    0.0218691   0.35266   1.15946 	Dead: 0
18  1.75023   0.0229256   0.369698  1.15946 	Dead: 0
19  1.73021   0.0211145   0.340493  1.15946 	Dead: 0
20  1.73779   0.022256    0.3589    1.15946 	Dead: 0
21  1.73408   0.0228071   0.367787  1.15946 	Dead: 0
22  1.72612   0.0217527   0.350783  1.15946 	Dead: 0
23  1.71141   0.0212693   0.342989  1.15946 	Dead: 0
24  1.7152    0.0228148   0.367911  1.15946 	Dead: 0
25  1.69533   0.0201288   0.324596  1.15946 	Dead: 0
26  1.70226   0.0209142   0.337262  1.15946 	Dead: 0
27  1.70455   0.0218648   0.352592  1.15946 	Dead: 0
28  1.69864   0.0212923   0.343359  1.15946 	Dead: 0
29  1.70227   0.0222389   0.358624  1.15946 	Dead: 0
30  1.69496   0.0215738   0.3479    1.15946 	Dead: 0
31  1.70373   0.0220555   0.355667  1.15946 	Dead: 0
32  1.68992   0.0204422   0.329652  1.15946 	Dead: 0
33  1.69926   0.0227837   0.36741   1.15946 	Dead: 0
34  1.68703   0.0215125   0.346911  1.15946 	Dead: 0
35  1.69167   0.0219353   0.353729  1.15946 	Dead: 0
36  1.69308   0.0233592   0.37669   1.15946 	Dead: 0
37  1.68614   0.021898    0.353127  1.15946 	Dead: 0
38  1.67506   0.020915    0.337276  1.15946 	Dead: 0
39  1.68184   0.0212064   0.341975  1.15946 	Dead: 0
40  1.69115   0.0220621   0.355774  1.15946 	Dead: 0
41  1.66563   0.0201621   0.325134  1.05869 	Dead: 0
42  1.66597   0.0208916   0.336898  1.03988 	Dead: 0
43  1.67017   0.0212443   0.342586  1.03988 	Dead: 0
44  1.65868   0.0201057   0.324225  1.03988 	Dead: 0
45  1.66105   0.0209223   0.337393  1.03988 	Dead: 0
46  1.67034   0.0226755   0.365665  1.03988 	Dead: 0
47  1.6535    0.020828    0.335873  1.03988 	Dead: 0
48  1.66153   0.0223221   0.359967  1.03988 	Dead: 0
49  1.64534   0.0205663   0.331652  1.03988 	Dead: 0
50  1.64318   0.0210934   0.340152  1.03988 	Dead: 0
51  1.65767   0.0212904   0.343329  1.03988 	Dead: 0
52  1.65664   0.0216154   0.34857   1.03988 	Dead: 0
53  1.65477   0.0218242   0.351937  1.03988 	Dead: 0
54  1.64715   0.0206076   0.332319  1.03988 	Dead: 0
55  1.63139   0.0202308   0.326242  1.03988 	Dead: 0
56  1.66001   0.0220376   0.355378  1.03988 	Dead: 0
57  1.65635   0.0214473   0.345859  1.03988 	Dead: 0
58  1.65527   0.0218427   0.352236  1.03988 	Dead: 0
59  1.64932   0.02127     0.343     1.03988 	Dead: 0
60  1.64412   0.0210131   0.338858  1.03988 	Dead: 0
61  1.62425   0.0199346   0.321465  1.03988 	Dead: 0
62  1.63089   0.0205325   0.331108  1.03988 	Dead: 0
63  1.62783   0.0208964   0.336975  1.03988 	Dead: 0
64  1.64017   0.0217262   0.350357  1.03988 	Dead: 0
65  1.63573   0.0212675   0.34296   1.03988 	Dead: 0
66  1.64993   0.0220495   0.35557   1.03988 	Dead: 0
67  1.64453   0.0230796   0.372181  1.03988 	Dead: 0
68  1.62835   0.0208857   0.336803  1.03988 	Dead: 0
69  1.6219    0.0206047   0.332272  1.03988 	Dead: 0
70  1.62891   0.0208243   0.335813  1.03988 	Dead: 0
71  1.63541   0.0220545   0.35565   1.03988 	Dead: 0
72  1.63672   0.0225074   0.362954  1.03988 	Dead: 0
73  1.63114   0.0223947   0.361137  1.03988 	Dead: 0
74  1.61296   0.0198799   0.320584  1.03988 	Dead: 0
75  1.60322   0.021138    0.340871  1.03988 	Dead: 0
76  1.63102   0.0220177   0.355057  1.03988 	Dead: 0
77  1.61937   0.0212403   0.342521  1.03988 	Dead: 0
78  1.62766   0.0224554   0.362116  1.03988 	Dead: 0
79  1.61368   0.0210811   0.339954  1.03988 	Dead: 0
80  1.62463   0.0225368   0.363428  1.03988 	Dead: 0
81  1.61053   0.021822    0.351901  1.03988 	Dead: 0
82  1.61583   0.0223265   0.360037  1.03988 	Dead: 0
83  1.59864   0.020443    0.329664  1.03988 	Dead: 0
84  1.628     0.0231333   0.373047  1.03988 	Dead: 0
85  1.6015    0.0205804   0.331879  1.03988 	Dead: 0
86  1.6203    0.0220604   0.355747  1.03988 	Dead: 0
87  1.60045   0.02132     0.343806  1.03988 	Dead: 0
88  1.60366   0.0212647   0.342915  1.03988 	Dead: 0
89  1.59964   0.0206382   0.332812  1.03988 	Dead: 0
90  1.61534   0.0213499   0.344289  1.03988 	Dead: 0
91  1.60394   0.0210938   0.340159  1.03988 	Dead: 0
92  1.63433   0.0242063   0.390351  1.03988 	Dead: 0
93  1.6055    0.0204809   0.330275  1.03988 	Dead: 0
94  1.6008    0.0210012   0.338665  1.03988 	Dead: 0
95  1.59925   0.0212034   0.341926  1.03988 	Dead: 0
96  1.59629   0.0209921   0.338518  1.03988 	Dead: 0
97  1.60758   0.0224341   0.361772  1.03988 	Dead: 0
98  1.59155   0.0203128   0.327564  1.03988 	Dead: 0
99  1.59986   0.0221261   0.356805  1.03988 	Dead: 0
100 1.61048   0.0218592   0.352501  1.03988 	Dead: 0
