0   6.63817   0.05788     0.933373  2.9516  	Dead: 0
1   2.5543    0.0299721   0.483329  1.79151 	Dead: 0
2   2.2174    0.0227082   0.366192  1.51372 	Dead: 0
3   2.12728   0.0226661   0.365513  1.45713 	Dead: 0
4   2.04941   0.022044    0.355482  1.45387 	Dead: 0
5   2.00804   0.0225925   0.364327  1.28713 	Dead: 0
6   1.95573   0.0208847   0.336786  1.27852 	Dead: 0
7   1.93979   0.0228521   0.368513  1.27852 	Dead: 0
8   1.91394   0.0207863   0.335199  1.27852 	Dead: 0
9   1.89155   0.0215073   0.346826  1.27852 	Dead: 0
10  1.86422   0.0205341   0.331132  1.27852 	Dead: 0
11  1.85484   0.0214608   0.346076  1.27852 	Dead: 0
12  1.84662   0.0221425   0.357071  1.24825 	Dead: 0
13  1.82544   0.0207755   0.335026  1.24825 	Dead: 0
14  1.81804   0.0213584   0.344425  1.24825 	Dead: 0
15  1.82287   0.0246855   0.398078  1.24825 	Dead: 0
16  1.79774   0.0233394   0.376371  1.24825 	Dead: 0
17  1.77835   0.0225785   0.364101  1.24707 	Dead: 0
18  1.78419   0.023378    0.376994  1.24707 	Dead: 0
19  1.77694   0.0235055   0.37905   1.14817 	Dead: 0
20  1.76901   0.0227951   0.367594  1.14817 	Dead: 0
21  1.77107   0.0239513   0.386238  1.14817 	Dead: 0
22  1.76703   0.0245398   0.395728  1.14817 	Dead: 0
23  1.7491    0.0233801   0.377028  1.14817 	Dead: 0
24  1.73356   0.0209665   0.338106  1.14817 	Dead: 0
25  1.76976   0.0242867   0.391648  1.14817 	Dead: 0
26  1.74809   0.0232289   0.374589  1.14817 	Dead: 0
27  1.73547   0.0238642   0.384834  1.14817 	Dead: 0
28  1.74366   0.0237982   0.38377   1.14817 	Dead: 0
29  1.73474   0.0220173   0.35505   1.14817 	Dead: 0
30  1.74035   0.0238455   0.384532  1.14817 	Dead: 0
31  1.73147   0.0231482   0.373287  1.14817 	Dead: 0
32  1.73098   0.023124    0.372898  1.14817 	Dead: 0
33  1.72444   0.0230184   0.371195  1.14817 	Dead: 0
34  1.73238   0.0239522   0.386254  1.14817 	Dead: 0
35  1.71474   0.0232678   0.375216  1.14817 	Dead: 0
36  1.71269   0.0220687   0.35588   1.13854 	Dead: 0
37  1.71648   0.0225753   0.364049  1.13854 	Dead: 0
38  1.7151    0.0228159   0.367929  1.13854 	Dead: 0
39  1.70686   0.0225258   0.363251  1.13854 	Dead: 0
40  1.6929    0.021171    0.341404  1.13854 	Dead: 0
41  1.70093   0.0226061   0.364546  1.13854 	Dead: 0
42  1.69111   0.0213168   0.343754  1.05261 	Dead: 0
43  1.70482   0.0234336   0.37789   1.05261 	Dead: 0
44  1.69361   0.0235006   0.378971  1.05261 	Dead: 0
45  1.70274   0.023602    0.380606  1.05261 	Dead: 0
46  1.68583   0.0221203   0.356712  1.05261 	Dead: 0
47  1.69482   0.0227667   0.367136  1.05261 	Dead: 0
48  1.70127   0.0235883   0.380386  1.05261 	Dead: 0
49  1.68803   0.0220331   0.355306  1.05261 	Dead: 0
50  1.69824   0.0232635   0.375147  1.05261 	Dead: 0
51  1.6934    0.0245421   0.395766  1.05261 	Dead: 0
52  1.69315   0.0233308   0.376232  1.05261 	Dead: 0
53  1.68784   0.0237633   0.383208  1.05261 	Dead: 0
54  1.68385   0.0237155   0.382436  1.05261 	Dead: 0
55  1.69291   0.023181    0.373817  1.05261 	Dead: 0
56  1.68575   0.023534    0.37951   1.05261 	Dead: 0
57  1.69819   0.025214    0.406602  1.05261 	Dead: 0
58  1.67687   0.0242922   0.391735  1.05261 	Dead: 0
59  1.67607   0.0240415   0.387693  1.05261 	Dead: 0
60  1.66205   0.0227013   0.366081  1.05261 	Dead: 0
61  1.66641   0.0233699   0.376863  1.05261 	Dead: 0
62  1.67157   0.0234131   0.37756   1.05261 	Dead: 0
63  1.67241   0.0236004   0.380579  1.05261 	Dead: 0
64  1.6633    0.0231336   0.373053  1.05261 	Dead: 0
65  1.66333   0.0231309   0.373009  1.05261 	Dead: 0
66  1.65004   0.0223233   0.359986  1.05261 	Dead: 0
67  1.65027   0.0235815   0.380275  1.05261 	Dead: 0
68  1.65121   0.0221363   0.356969  1.05261 	Dead: 0
69  1.66599   0.0243406   0.392516  1.05261 	Dead: 0
70  1.65011   0.021986    0.354546  1.05261 	Dead: 0
71  1.63906   0.0213786   0.344752  1.05261 	Dead: 0
72  1.65483   0.0229049   0.369365  1.05261 	Dead: 0
73  1.63986   0.0225851   0.364208  1.05261 	Dead: 0
74  1.64367   0.0231897   0.373957  1.05261 	Dead: 0
75  1.6514    0.0240759   0.388248  1.05261 	Dead: 0
76  1.65852   0.023838    0.384411  1.05261 	Dead: 0
77  1.65325   0.0223976   0.361183  1.05261 	Dead: 0
78  1.63451   0.0221307   0.35688   1.05261 	Dead: 0
79  1.63947   0.0219272   0.353598  1.05261 	Dead: 0
80  1.65775   0.023382    0.377058  1.05261 	Dead: 0
81  1.64359   0.0225556   0.363731  1.05261 	Dead: 0
82  1.6581    0.0231256   0.372924  1.05261 	Dead: 0
83  1.63584   0.0211706   0.341397  1.05261 	Dead: 0
84  1.64418   0.0220026   0.354814  1.05261 	Dead: 0
85  1.62943   0.0216641   0.349355  1.05261 	Dead: 0
86  1.63336   0.0218272   0.351986  1.05261 	Dead: 0
87  1.65831   0.0241784   0.389901  1.05261 	Dead: 0
88  1.63416   0.0226169   0.36472   1.05261 	Dead: 0
89  1.6436    0.0237974   0.383757  1.05261 	Dead: 0
90  1.65029   0.023926    0.385831  1.05261 	Dead: 0
91  1.64033   0.0236917   0.382053  1.05261 	Dead: 0
92  1.66648   0.0246137   0.396921  1.05261 	Dead: 0
93  1.63068   0.0213563   0.344392  1.05261 	Dead: 0
94  1.63819   0.0226714   0.365599  1.05261 	Dead: 0
95  1.65582   0.025126    0.405182  1.05261 	Dead: 0
96  1.65172   0.0236852   0.381947  1.05261 	Dead: 0
97  1.64011   0.0229695   0.370406  1.05261 	Dead: 0
98  1.65628   0.0242469   0.391006  1.05261 	Dead: 0
99  1.63776   0.0231456   0.373246  1.05261 	Dead: 0
100 1.6448    0.0235245   0.379355  1.05261 	Dead: 0
