0   6.58864   0.0616023   0.993399  3.34672 	Dead: 0
1   2.60497   0.0313169   0.505016  1.63111 	Dead: 0
2   2.07001   0.0209716   0.338187  1.41009 	Dead: 0
3   1.93292   0.0200673   0.323606  1.23785 	Dead: 0
4   1.889     0.0234653   0.378402  1.23785 	Dead: 0
5   1.83273   0.020918    0.337324  1.14621 	Dead: 0
6   1.8117    0.0224159   0.361479  1.14621 	Dead: 0
7   1.7932    0.0228193   0.367983  1.14621 	Dead: 0
8   1.76367   0.0200278   0.322968  1.14621 	Dead: 0
9   1.75776   0.0223582   0.360549  1.14621 	Dead: 0
10  1.75434   0.0204865   0.330365  1.14621 	Dead: 0
11  1.75799   0.0229134   0.369501  1.14621 	Dead: 0
12  1.72515   0.0197647   0.318725  1.14621 	Dead: 0
13  1.74209   0.0221126   0.356588  1.14621 	Dead: 0
14  1.7143    0.0216903   0.349778  1.14621 	Dead: 0
15  1.70519   0.0194921   0.314329  1.14621 	Dead: 0
16  1.69426   0.0213451   0.34421   1.14621 	Dead: 0
17  1.68864   0.0208066   0.335528  1.14621 	Dead: 0
18  1.67934   0.0202429   0.326438  1.14621 	Dead: 0
19  1.68644   0.0217868   0.351334  1.14621 	Dead: 0
20  1.6824    0.0202493   0.32654   1.14621 	Dead: 0
21  1.67703   0.0201982   0.325716  1.14621 	Dead: 0
22  1.67404   0.0217588   0.350882  1.14621 	Dead: 0
23  1.67482   0.0226764   0.36568   1.14621 	Dead: 0
24  1.66458   0.0215236   0.34709   1.14621 	Dead: 0
25  1.65396   0.0201506   0.324949  1.14621 	Dead: 0
26  1.66645   0.0210763   0.339876  1.14621 	Dead: 0
27  1.64997   0.0214123   0.345296  1.14621 	Dead: 0
28  1.66535   0.0218664   0.352618  1.14621 	Dead: 0
29  1.65909   0.0216542   0.349195  1.14621 	Dead: 0
30  1.64937   0.0206394   0.33283   1.14621 	Dead: 0
31  1.63368   0.0195706   0.315596  1.14621 	Dead: 0
32  1.64299   0.0209046   0.337108  1.14621 	Dead: 0
33  1.64235   0.0219363   0.353744  1.14621 	Dead: 0
34  1.63447   0.0210933   0.340151  1.14078 	Dead: 0
35  1.62835   0.0207916   0.335285  1.14078 	Dead: 0
36  1.61654   0.0203586   0.328303  1.11923 	Dead: 0
37  1.62977   0.0207368   0.334402  1.11923 	Dead: 0
38  1.6227    0.0199484   0.321688  1.05198 	Dead: 0
39  1.61275   0.0204075   0.329091  1.05198 	Dead: 0
40  1.62475   0.0206385   0.332816  1.05198 	Dead: 0
41  1.61739   0.0204219   0.329323  1.05198 	Dead: 0
42  1.63415   0.0224268   0.361655  1.05198 	Dead: 0
43  1.62144   0.0225254   0.363244  1.05198 	Dead: 0
44  1.61249   0.0207225   0.334171  1.05198 	Dead: 0
45  1.609     0.0209752   0.338247  1.05198 	Dead: 0
46  1.61865   0.022287    0.359401  1.05198 	Dead: 0
47  1.59267   0.0194653   0.313898  1.05198 	Dead: 0
48  1.58764   0.0199883   0.322332  1.05198 	Dead: 0
49  1.60377   0.0213412   0.344147  1.05198 	Dead: 0
50  1.59237   0.0201782   0.325393  1.05198 	Dead: 0
51  1.60321   0.0220239   0.355158  1.05198 	Dead: 0
52  1.59302   0.0203588   0.328306  1.05198 	Dead: 0
53  1.60256   0.0223776   0.360862  1.05198 	Dead: 0
54  1.60953   0.0222167   0.358267  1.05198 	Dead: 0
55  1.6032    0.0226331   0.364981  1.05198 	Dead: 0
56  1.59238   0.0214812   0.346406  1.05198 	Dead: 0
57  1.58228   0.0198925   0.320787  1.05198 	Dead: 0
58  1.57252   0.0208954   0.33696   1.05198 	Dead: 0
59  1.56845   0.0206542   0.33307   1.05198 	Dead: 0
60  1.57909   0.0201732   0.325313  1.05198 	Dead: 0
61  1.58436   0.0210539   0.339515  1.05198 	Dead: 0
62  1.58266   0.020118    0.324424  1.05198 	Dead: 0
63  1.5752    0.0216324   0.348844  1.05198 	Dead: 0
64  1.58624   0.0215462   0.347453  1.05198 	Dead: 0
65  1.59785   0.0237861   0.383574  1.05198 	Dead: 0
66  1.5795    0.0206321   0.332713  1.05198 	Dead: 0
67  1.57458   0.0204712   0.330119  1.05198 	Dead: 0
68  1.5702    0.0203331   0.327891  1.05198 	Dead: 0
69  1.57022   0.020392    0.328842  1.05198 	Dead: 0
70  1.58101   0.0225029   0.362882  1.05198 	Dead: 0
71  1.57086   0.0202553   0.326638  1.05198 	Dead: 0
72  1.5795    0.020078    0.323778  1.05198 	Dead: 0
73  1.5751    0.0208921   0.336906  1.05198 	Dead: 0
74  1.55683   0.019972    0.322068  1.05198 	Dead: 0
75  1.57394   0.0214802   0.34639   1.05198 	Dead: 0
76  1.5538    0.0211692   0.341375  1.05198 	Dead: 0
77  1.57342   0.0244778   0.394729  1.05198 	Dead: 0
78  1.56956   0.0223361   0.360193  1.05198 	Dead: 0
79  1.56302   0.0208572   0.336343  1.05198 	Dead: 0
80  1.56322   0.0218413   0.352213  1.05198 	Dead: 0
81  1.55909   0.0211343   0.340812  1.05198 	Dead: 0
82  1.5638    0.0225469   0.363591  1.05198 	Dead: 0
83  1.54612   0.0195299   0.314939  1.05198 	Dead: 0
84  1.56035   0.0215628   0.347721  1.05198 	Dead: 0
85  1.561     0.0216839   0.349674  1.05198 	Dead: 0
86  1.55756   0.0207473   0.334571  1.05198 	Dead: 0
87  1.55144   0.0194397   0.313484  1.05198 	Dead: 0
88  1.55296   0.0212482   0.342649  1.05198 	Dead: 0
89  1.5495    0.0212159   0.342128  1.05198 	Dead: 0
90  1.55344   0.0218788   0.352818  1.05198 	Dead: 0
91  1.56424   0.0224598   0.362187  1.05198 	Dead: 0
92  1.55529   0.0210556   0.339542  1.04842 	Dead: 0
93  1.56187   0.0237553   0.383079  1.04842 	Dead: 0
94  1.53926   0.0201974   0.325704  1.04842 	Dead: 0
95  1.54486   0.0204346   0.329529  1.04842 	Dead: 0
96  1.55135   0.0207826   0.33514   1.04842 	Dead: 0
97  1.54529   0.0201151   0.324376  1.04842 	Dead: 0
98  1.5474    0.020918    0.337324  1.04842 	Dead: 0
99  1.5598    0.0222548   0.358881  1.04842 	Dead: 0
100 1.54757   0.0223172   0.359887  1.04842 	Dead: 0
