0   4369      3.95648     63.8022   4169    	Dead: 0
1   4273.06   3.11513     50.2346   4106    	Dead: 0
2   4220.36   3.05992     49.3443   4059    	Dead: 0
3   4188.38   3.22993     52.0858   4048    	Dead: 0
4   4154.39   3.19902     51.5874   3970    	Dead: 0
5   4131.54   3.43534     55.3983   3970    	Dead: 0
6   4106.69   3.25133     52.431    3923    	Dead: 0
7   4089.21   3.44634     55.5758   3923    	Dead: 0
8   4076.89   3.32997     53.6991   3923    	Dead: 0
9   4066.24   3.38919     54.654    3923    	Dead: 0
10  4058.85   3.51669     56.7101   3923    	Dead: 0
11  4050.86   3.55882     57.3895   3899    	Dead: 0
12  4044.1    3.48591     56.2137   3899    	Dead: 0
13  4035.51   3.50234     56.4787   3898    	Dead: 0
14  4032.78   3.68072     59.3552   3894    	Dead: 0
15  4026.45   3.58904     57.8768   3894    	Dead: 0
16  4024.14   3.76268     60.677    3894    	Dead: 0
17  4018.77   3.85304     62.1342   3863    	Dead: 0
18  4014.38   3.85642     62.1886   3863    	Dead: 0
19  4008.01   3.83362     61.821    3863    	Dead: 0
20  4001.53   3.71477     59.9044   3863    	Dead: 0
21  3995.86   3.82734     61.7197   3863    	Dead: 0
22  3989.6    3.80298     61.3268   3861    	Dead: 0
23  3983.99   3.75798     60.6011   3861    	Dead: 0
24  3978.02   3.78732     61.0744   3861    	Dead: 0
25  3972.78   3.78817     61.0881   3819    	Dead: 0
26  3972.75   3.97874     64.1612   3819    	Dead: 0
27  3966.28   3.76921     60.7824   3819    	Dead: 0
28  3963.16   3.87141     62.4304   3819    	Dead: 0
29  3958.2    3.87117     62.4264   3819    	Dead: 0
30  3950.96   3.7174      59.9468   3819    	Dead: 0
31  3946.98   3.75632     60.5743   3819    	Dead: 0
32  3939.24   3.736       60.2468   3783    	Dead: 0
33  3934.31   3.73827     60.2833   3783    	Dead: 0
34  3927.82   3.67903     59.3281   3783    	Dead: 0
35  3919.55   3.53253     56.9656   3783    	Dead: 0
36  3913.78   3.69697     59.6174   3757    	Dead: 0
37  3906.4    3.63692     58.649    3751    	Dead: 0
38  3899.13   3.47064     55.9675   3751    	Dead: 0
39  3894.51   3.62663     58.483    3751    	Dead: 0
40  3889.01   3.69878     59.6466   3751    	Dead: 0
41  3882.9    3.65508     58.9418   3751    	Dead: 0
42  3878.45   3.71721     59.9438   3751    	Dead: 0
43  3874.52   3.63647     58.6417   3751    	Dead: 0
44  3871.8    3.79148     61.1414   3738    	Dead: 0
45  3869.62   3.7406      60.3209   3738    	Dead: 0
46  3863.18   3.57983     57.7284   3738    	Dead: 0
47  3860.13   3.67674     59.2912   3734    	Dead: 0
48  3859.31   3.79894     61.2618   3734    	Dead: 0
49  3856.21   3.80949     61.4318   3729    	Dead: 0
50  3852.32   3.90208     62.925    3675    	Dead: 0
51  3852.02   3.86543     62.3339   3675    	Dead: 0
52  3849.22   4.02532     64.9124   3675    	Dead: 0
53  3844.58   3.8591      62.2319   3675    	Dead: 0
54  3844.31   3.97071     64.0317   3675    	Dead: 0
55  3841.05   3.94586     63.6309   3675    	Dead: 0
56  3840.2    4.16265     67.1269   3675    	Dead: 0
57  3839.19   4.21153     67.9152   3675    	Dead: 0
58  3836.06   4.16615     67.1833   3675    	Dead: 0
59  3836.2    4.39466     70.8683   3675    	Dead: 0
60  3833.57   4.39654     70.8987   3675    	Dead: 0
61  3831.57   4.59154     74.0432   3675    	Dead: 0
62  3827.1    4.55781     73.4993   3675    	Dead: 0
63  3821.59   4.60989     74.3392   3675    	Dead: 0
64  3822.46   4.8595      78.3643   3670    	Dead: 0
65  3822.13   4.95234     79.8615   3670    	Dead: 0
66  3820.26   4.85764     78.3342   3670    	Dead: 0
67  3817.07   4.9203      79.3448   3657    	Dead: 0
68  3816.58   5.03158     81.1393   3646    	Dead: 0
69  3817.17   5.21627     84.1176   3646    	Dead: 0
70  3815.14   5.17836     83.5063   3646    	Dead: 0
71  3812.29   5.13936     82.8774   3646    	Dead: 0
72  3809.67   5.13216     82.7613   3646    	Dead: 0
73  3804.87   5.08417     81.9874   3646    	Dead: 0
74  3808.8    5.19143     83.717    3646    	Dead: 0
75  3804.34   5.20608     83.9533   3646    	Dead: 0
76  3803.53   5.28406     85.2107   3646    	Dead: 0
77  3804.23   5.41354     87.2988   3646    	Dead: 0
78  3799.14   5.38679     86.8674   3646    	Dead: 0
79  3797.58   5.33635     86.0539   3645    	Dead: 0
80  3801.2    5.59518     90.2278   3645    	Dead: 0
81  3800.67   5.5855      90.0718   3645    	Dead: 0
82  3797.64   5.59867     90.2842   3645    	Dead: 0
83  3799.37   5.58152     90.0077   3645    	Dead: 0
84  3798.45   5.65901     91.2571   3641    	Dead: 0
85  3798.72   5.76099     92.9018   3641    	Dead: 0
86  3801.75   5.79043     93.3764   3641    	Dead: 0
87  3798.58   5.71152     92.1039   3641    	Dead: 0
88  3794.95   5.71491     92.1587   3641    	Dead: 0
89  3793.33   5.82437     93.9237   3641    	Dead: 0
90  3796.11   5.94731     95.9062   3624    	Dead: 0
91  3792.51   5.89956     95.1364   3616    	Dead: 0
92  3792.47   5.86717     94.614    3616    	Dead: 0
93  3791.48   5.85821     94.4695   3616    	Dead: 0
94  3792.98   6.07597     97.9811   3616    	Dead: 0
95  3793.61   6.21923     100.291   3610    	Dead: 0
96  3790.02   6.03194     97.2711   3610    	Dead: 0
97  3791.29   6.21287     100.189   3610    	Dead: 0
98  3790.67   6.10583     98.4626   3610    	Dead: 0
99  3790.75   6.0864      98.1494   3610    	Dead: 0
100 3789.51   6.19424     99.8884   3610    	Dead: 0
