0   6180.35   4.30705     69.4555   5957    	Dead: 0
1   6008.9    3.90495     62.9713   5797    	Dead: 0
2   5882.49   3.53586     57.0193   5673    	Dead: 0
3   5756.12   3.68525     59.4283   5580    	Dead: 0
4   5643.77   3.36142     54.2063   5435    	Dead: 0
5   5538.68   3.12796     50.4416   5364    	Dead: 0
6   5442.47   3.11982     50.3102   5283    	Dead: 0
7   5358.06   2.7145      43.774    5211    	Dead: 0
8   5286.9    2.54349     41.0163   5155    	Dead: 0
9   5228.07   2.46189     39.7004   5111    	Dead: 0
10  5168.01   2.48218     40.0276   5048    	Dead: 0
11  5115.69   2.31576     37.344    5003    	Dead: 0
12  5070.47   2.22994     35.96     4957    	Dead: 0
13  5023.52   2.26829     36.5785   4908    	Dead: 0
14  4986.41   2.22049     35.8076   4894    	Dead: 0
15  4955.85   2.1316      34.3743   4848    	Dead: 0
16  4929.56   2.16505     34.9135   4798    	Dead: 0
17  4898.94   2.20832     35.6113   4779    	Dead: 0
18  4867.26   2.17856     35.1314   4762    	Dead: 0
19  4841.31   2.19179     35.3448   4719    	Dead: 0
20  4813.34   2.12591     34.2824   4712    	Dead: 0
21  4786.19   2.06286     33.2656   4681    	Dead: 0
22  4758.47   2.15219     34.7062   4659    	Dead: 0
23  4732.27   2.12271     34.2308   4632    	Dead: 0
24  4706.82   2.09807     33.8335   4611    	Dead: 0
25  4688.67   2.16899     34.9771   4581    	Dead: 0
26  4662.69   2.19065     35.3264   4581    	Dead: 0
27  4631.9    2.21007     35.6395   4541    	Dead: 0
28  4601.76   2.00245     32.2915   4499    	Dead: 0
29  4578.01   2.05946     33.2108   4489    	Dead: 0
30  4552      1.98335     31.9835   4472    	Dead: 0
31  4531.87   2.08823     33.6748   4450    	Dead: 0
32  4510.47   2.10847     34.0012   4423    	Dead: 0
33  4486.49   1.95797     31.5742   4394    	Dead: 0
34  4469.6    1.99421     32.1586   4394    	Dead: 0
35  4454.53   1.9244      31.0329   4370    	Dead: 0
36  4439.54   2.00084     32.2656   4357    	Dead: 0
37  4421.1    1.94057     31.2936   4345    	Dead: 0
38  4403.77   1.94541     31.3716   4293    	Dead: 0
39  4381.92   1.83265     29.5532   4293    	Dead: 0
40  4364.64   1.82773     29.4739   4293    	Dead: 0
41  4350.33   1.78078     28.7169   4282    	Dead: 0
42  4337.32   1.74856     28.1973   4275    	Dead: 0
43  4325.79   1.89306     30.5274   4262    	Dead: 0
44  4311.64   1.81889     29.3315   4234    	Dead: 0
45  4300.49   1.88176     30.3452   4217    	Dead: 0
46  4287.08   1.78882     28.8465   4196    	Dead: 0
47  4274.21   1.93524     31.2076   4196    	Dead: 0
48  4259.17   1.94472     31.3605   4183    	Dead: 0
49  4245.68   1.86135     30.0161   4183    	Dead: 0
50  4236.29   1.92253     31.0027   4165    	Dead: 0
51  4224.47   1.8972      30.5943   4154    	Dead: 0
52  4213.91   1.89696     30.5904   4150    	Dead: 0
53  4206.01   1.94921     31.433    4143    	Dead: 0
54  4195.72   1.93774     31.2481   4126    	Dead: 0
55  4186.96   1.98509     32.0116   4102    	Dead: 0
56  4177.81   1.96994     31.7673   4102    	Dead: 0
57  4168.18   1.98279     31.9745   4102    	Dead: 0
58  4158.42   1.95328     31.4986   4086    	Dead: 0
59  4147.87   1.94042     31.2913   4070    	Dead: 0
60  4139.29   2.09626     33.8043   4070    	Dead: 0
61  4129.3    1.99307     32.1402   4055    	Dead: 0
62  4120.14   2.10072     33.8763   4042    	Dead: 0
63  4109.56   2.05132     33.0796   4029    	Dead: 0
64  4098.37   2.10092     33.8794   4014    	Dead: 0
65  4088.08   2.11593     34.1215   4005    	Dead: 0
66  4078.54   2.13219     34.3838   3990    	Dead: 0
67  4067.57   2.07414     33.4476   3978    	Dead: 0
68  4058.72   2.09921     33.8519   3978    	Dead: 0
69  4050.31   2.11694     34.1378   3948    	Dead: 0
70  4041.48   2.18422     35.2228   3948    	Dead: 0
71  4032.14   2.13255     34.3895   3948    	Dead: 0
72  4021.26   2.09539     33.7902   3948    	Dead: 0
73  4014.25   2.18877     35.296    3931    	Dead: 0
74  4009.23   2.28365     36.8262   3927    	Dead: 0
75  4001.85   2.19405     35.3812   3926    	Dead: 0
76  3993.55   2.10764     33.9877   3917    	Dead: 0
77  3987.7    2.06906     33.3657   3916    	Dead: 0
78  3983.07   2.1256      34.2775   3911    	Dead: 0
79  3978.2    2.16675     34.9409   3911    	Dead: 0
80  3971.75   2.11502     34.1067   3884    	Dead: 0
81  3968.02   2.26207     36.4782   3882    	Dead: 0
82  3962.59   2.2115      35.6626   3882    	Dead: 0
83  3957.55   2.209       35.6223   3882    	Dead: 0
84  3949.77   2.21341     35.6934   3872    	Dead: 0
85  3944.43   2.18663     35.2616   3872    	Dead: 0
86  3938.75   2.21389     35.7012   3869    	Dead: 0
87  3934.62   2.25187     36.3136   3858    	Dead: 0
88  3930.33   2.29849     37.0654   3858    	Dead: 0
89  3924.79   2.24038     36.1283   3842    	Dead: 0
90  3918.8    2.15706     34.7848   3842    	Dead: 0
91  3914.76   2.22657     35.9057   3842    	Dead: 0
92  3912.51   2.29181     36.9578   3837    	Dead: 0
93  3907.3    2.21834     35.7729   3837    	Dead: 0
94  3901.74   2.24728     36.2397   3834    	Dead: 0
95  3898.1    2.22561     35.8902   3832    	Dead: 0
96  3892.66   2.24594     36.218    3823    	Dead: 0
97  3885.26   2.27194     36.6373   3801    	Dead: 0
98  3876.97   2.09972     33.8602   3801    	Dead: 0
99  3872.48   2.19938     35.4672   3801    	Dead: 0
100 3868.18   2.20008     35.4786   3801    	Dead: 0
