0   4703.5    3.17513     51.2021   4533    	Dead: 0
1   4425.33   2.41555     38.9531   4272    	Dead: 0
2   4246.54   1.58705     25.5928   4178    	Dead: 0
3   4139.76   1.34093     21.6238   4070    	Dead: 0
4   4053.21   1.17062     18.8774   3992    	Dead: 0
5   3978.13   1.12369     18.1206   3916    	Dead: 0
6   3914.38   1.07791     17.3823   3860    	Dead: 0
7   3872.09   1.08622     17.5164   3826    	Dead: 0
8   3843.98   1.1245      18.1337   3778    	Dead: 0
9   3820.77   1.18902     19.1742   3774    	Dead: 0
10  3800.92   1.30497     21.0439   3755    	Dead: 0
11  3783.63   1.34439     21.6797   3737    	Dead: 0
12  3772.03   1.39766     22.5386   3725    	Dead: 0
13  3762.48   1.37959     22.2472   3722    	Dead: 0
14  3755.6    1.44024     23.2253   3708    	Dead: 0
15  3746.96   1.4097      22.7329   3704    	Dead: 0
16  3740.06   1.45383     23.4444   3696    	Dead: 0
17  3734.19   1.59591     25.7356   3691    	Dead: 0
18  3727.07   1.71741     27.695    3665    	Dead: 0
19  3721.49   1.79904     29.0113   3665    	Dead: 0
20  3714.33   1.89723     30.5947   3663    	Dead: 0
21  3708.82   1.94754     31.4061   3663    	Dead: 0
22  3702.8    1.93806     31.2532   3653    	Dead: 0
23  3701.14   2.07387     33.4433   3652    	Dead: 0
24  3697.43   2.20798     35.6059   3649    	Dead: 0
25  3693.21   2.12344     34.2426   3643    	Dead: 0
26  3692.06   2.28208     36.8009   3643    	Dead: 0
27  3687.34   2.23815     36.0923   3622    	Dead: 0
28  3683.46   2.31442     37.3223   3620    	Dead: 0
29  3678.63   2.3404      37.7413   3620    	Dead: 0
30  3674.58   2.37666     38.326    3620    	Dead: 0
31  3670.72   2.40178     38.731    3619    	Dead: 0
32  3669.24   2.57469     41.5195   3619    	Dead: 0
33  3666.54   2.56064     41.2928   3616    	Dead: 0
34  3663.8    2.56455     41.3559   3614    	Dead: 0
35  3661.12   2.61628     42.1902   3608    	Dead: 0
36  3658.45   2.60735     42.0462   3608    	Dead: 0
37  3657.89   2.596       41.8631   3608    	Dead: 0
38  3654.91   2.62794     42.3781   3606    	Dead: 0
39  3656.12   2.72084     43.8763   3605    	Dead: 0
40  3653.07   2.58743     41.7249   3605    	Dead: 0
41  3651.98   2.74019     44.1883   3605    	Dead: 0
42  3649.4    2.60523     42.012    3599    	Dead: 0
43  3649.06   2.63285     42.4574   3598    	Dead: 0
44  3646.98   2.72848     43.9995   3598    	Dead: 0
45  3647.91   2.74912     44.3322   3595    	Dead: 0
46  3645.77   2.78        44.8303   3595    	Dead: 0
47  3646.64   2.86195     46.1518   3589    	Dead: 0
48  3644.98   2.81962     45.4691   3588    	Dead: 0
49  3643.63   2.8433      45.851    3588    	Dead: 0
50  3642.94   2.84175     45.8261   3588    	Dead: 0
51  3641.9    2.85695     46.0712   3587    	Dead: 0
52  3638.08   2.69245     43.4185   3586    	Dead: 0
53  3638.12   2.86088     46.1346   3582    	Dead: 0
54  3635.09   2.92068     47.0988   3575    	Dead: 0
55  3632.9    3.00143     48.4011   3575    	Dead: 0
56  3630.23   2.96949     47.886    3566    	Dead: 0
57  3627.69   2.8796      46.4364   3563    	Dead: 0
58  3625.28   3.02228     48.7373   3563    	Dead: 0
59  3622.13   2.99428     48.2857   3559    	Dead: 0
60  3616.3    2.90749     46.8862   3550    	Dead: 0
61  3612.4    2.89451     46.6769   3550    	Dead: 0
62  3608.77   2.94798     47.5392   3546    	Dead: 0
63  3606.55   2.97466     47.9694   3545    	Dead: 0
64  3601.46   2.96976     47.8904   3545    	Dead: 0
65  3600.32   3.01736     48.6579   3545    	Dead: 0
66  3597.12   2.97492     47.9735   3545    	Dead: 0
67  3598.92   3.12293     50.3604   3541    	Dead: 0
68  3594      2.91883     47.0691   3539    	Dead: 0
69  3594.39   3.03985     49.0206   3537    	Dead: 0
70  3592.18   2.94225     47.4468   3537    	Dead: 0
71  3589.42   2.90174     46.7934   3537    	Dead: 0
72  3590.38   2.94232     47.4479   3537    	Dead: 0
73  3587.66   2.91416     46.9937   3534    	Dead: 0
74  3587.24   2.96442     47.8042   3530    	Dead: 0
75  3587.18   3.06288     49.392    3530    	Dead: 0
76  3584.4    3.01809     48.6698   3530    	Dead: 0
77  3585.5    3.06054     49.3542   3530    	Dead: 0
78  3583.07   3.02041     48.7072   3526    	Dead: 0
79  3583.28   3.11039     50.1581   3525    	Dead: 0
80  3581.93   3.09554     49.9187   3521    	Dead: 0
81  3580.01   3.07672     49.6152   3521    	Dead: 0
82  3578.28   3.01472     48.6153   3518    	Dead: 0
83  3576.47   3.05801     49.3135   3517    	Dead: 0
84  3570.59   2.87768     46.4054   3517    	Dead: 0
85  3570.18   2.97229     47.9312   3517    	Dead: 0
86  3568.53   3.02697     48.8129   3517    	Dead: 0
87  3570.38   3.13046     50.4818   3517    	Dead: 0
88  3569.11   3.09169     49.8566   3516    	Dead: 0
89  3566.54   3.05239     49.2228   3515    	Dead: 0
90  3567.72   3.14718     50.7515   3512    	Dead: 0
91  3566.83   3.1608      50.971    3512    	Dead: 0
92  3563.96   3.14274     50.6798   3512    	Dead: 0
93  3563.67   3.13673     50.5828   3511    	Dead: 0
94  3562.61   3.15145     50.8202   3511    	Dead: 0
95  3561.12   3.05141     49.207    3510    	Dead: 0
96  3558.66   3.12177     50.3417   3508    	Dead: 0
97  3554.76   3.06742     49.4653   3508    	Dead: 0
98  3553.52   3.01312     48.5896   3505    	Dead: 0
99  3551.75   3.01833     48.6736   3503    	Dead: 0
100 3552.55   3.09743     49.9492   3500    	Dead: 0
