0   4651.41   3.27996     52.8926   4480    	Dead: 0
1   4502.76   2.65605     42.8314   4353    	Dead: 0
2   4376.32   2.5269      40.7489   4201    	Dead: 0
3   4266.43   2.09379     33.7644   4153    	Dead: 0
4   4177.84   1.90759     30.7618   4086    	Dead: 0
5   4109.59   1.45985     23.5416   4032    	Dead: 0
6   4061.97   1.32384     21.3483   3990    	Dead: 0
7   4020.74   1.20746     19.4716   3958    	Dead: 0
8   3990.32   1.16146     18.7297   3938    	Dead: 0
9   3960.64   1.20246     19.3908   3900    	Dead: 0
10  3931.57   1.1324      18.2611   3863    	Dead: 0
11  3904.53   1.12839     18.1965   3847    	Dead: 0
12  3876.95   1.14354     18.4408   3825    	Dead: 0
13  3855.72   1.0995      17.7305   3809    	Dead: 0
14  3839.27   1.07133     17.2762   3797    	Dead: 0
15  3821.99   1.07047     17.2625   3762    	Dead: 0
16  3806.36   1.11227     17.9364   3739    	Dead: 0
17  3789.55   1.0401      16.7726   3738    	Dead: 0
18  3776.51   1.04567     16.8625   3732    	Dead: 0
19  3766.49   1.06889     17.237    3722    	Dead: 0
20  3759.07   1.12836     18.196    3699    	Dead: 0
21  3752.43   1.15452     18.6178   3699    	Dead: 0
22  3743.29   1.16437     18.7767   3699    	Dead: 0
23  3734.73   1.12645     18.1652   3694    	Dead: 0
24  3727.09   1.16961     18.8612   3686    	Dead: 0
25  3720.47   1.137       18.3352   3680    	Dead: 0
26  3715.22   1.09201     17.6097   3678    	Dead: 0
27  3710.37   1.11356     17.9573   3671    	Dead: 0
28  3706.22   1.17131     18.8886   3663    	Dead: 0
29  3700.75   1.15167     18.5719   3663    	Dead: 0
30  3696.78   1.13609     18.3206   3658    	Dead: 0
31  3692.04   1.1122      17.9353   3648    	Dead: 0
32  3686.3    1.16442     18.7774   3643    	Dead: 0
33  3679.28   1.11061     17.9097   3640    	Dead: 0
34  3673.94   1.13893     18.3664   3638    	Dead: 0
35  3668.38   1.1486      18.5223   3632    	Dead: 0
36  3663.66   1.09162     17.6035   3629    	Dead: 0
37  3660.98   1.20249     19.3913   3620    	Dead: 0
38  3655.86   1.13351     18.2791   3620    	Dead: 0
39  3652.58   1.14568     18.4753   3611    	Dead: 0
40  3650.36   1.2552      20.2414   3611    	Dead: 0
41  3646.82   1.27691     20.5915   3605    	Dead: 0
42  3643.7    1.37345     22.1483   3605    	Dead: 0
43  3640      1.38071     22.2653   3601    	Dead: 0
44  3635.36   1.38181     22.283    3597    	Dead: 0
45  3631.18   1.39347     22.4711   3591    	Dead: 0
46  3628.44   1.43392     23.1234   3587    	Dead: 0
47  3624.89   1.43433     23.13     3582    	Dead: 0
48  3621.17   1.41567     22.8291   3582    	Dead: 0
49  3618.38   1.48158     23.892    3577    	Dead: 0
50  3616.84   1.61398     26.027    3577    	Dead: 0
51  3614.11   1.54682     24.9441   3576    	Dead: 0
52  3611.26   1.48908     24.0129   3576    	Dead: 0
53  3608.65   1.4691      23.6908   3570    	Dead: 0
54  3608.17   1.56885     25.2993   3570    	Dead: 0
55  3605.6    1.55313     25.0458   3567    	Dead: 0
56  3605.15   1.62044     26.1312   3567    	Dead: 0
57  3602.1    1.60355     25.8588   3565    	Dead: 0
58  3600.99   1.61418     26.0302   3560    	Dead: 0
59  3600.43   1.71439     27.6463   3559    	Dead: 0
60  3598.01   1.71153     27.6002   3559    	Dead: 0
61  3595.34   1.69939     27.4043   3555    	Dead: 0
62  3591.42   1.59924     25.7894   3555    	Dead: 0
63  3590.16   1.69032     27.2581   3538    	Dead: 0
64  3587.25   1.64512     26.5291   3538    	Dead: 0
65  3584.37   1.59072     25.652    3538    	Dead: 0
66  3583.15   1.5752      25.4017   3538    	Dead: 0
67  3581.83   1.6595      26.7611   3538    	Dead: 0
68  3578.94   1.57076     25.33     3538    	Dead: 0
69  3576.99   1.59186     25.6704   3538    	Dead: 0
70  3575.31   1.59388     25.7029   3536    	Dead: 0
71  3573.03   1.57767     25.4415   3536    	Dead: 0
72  3570.48   1.54888     24.9772   3532    	Dead: 0
73  3568.45   1.52014     24.5138   3526    	Dead: 0
74  3566.89   1.6148      26.0402   3526    	Dead: 0
75  3565.22   1.62748     26.2448   3524    	Dead: 0
76  3562.88   1.62811     26.2549   3517    	Dead: 0
77  3560.21   1.56877     25.298    3517    	Dead: 0
78  3558.6    1.63204     26.3183   3517    	Dead: 0
79  3556.09   1.63714     26.4005   3517    	Dead: 0
80  3556.27   1.67122     26.9501   3517    	Dead: 0
81  3554.54   1.74876     28.2004   3514    	Dead: 0
82  3553.29   1.78454     28.7774   3509    	Dead: 0
83  3551.59   1.76138     28.404    3509    	Dead: 0
84  3550.11   1.74846     28.1957   3507    	Dead: 0
85  3549.66   1.82686     29.46     3507    	Dead: 0
86  3549.39   1.88939     30.4684   3505    	Dead: 0
87  3547.16   1.83628     29.6118   3505    	Dead: 0
88  3547.82   1.95305     31.4949   3503    	Dead: 0
89  3545.47   1.84575     29.7645   3503    	Dead: 0
90  3545.85   1.93465     31.1981   3503    	Dead: 0
91  3544.25   1.89962     30.6333   3503    	Dead: 0
92  3542.74   1.91623     30.9012   3499    	Dead: 0
93  3543.52   1.94976     31.4418   3494    	Dead: 0
94  3540.31   1.88851     30.4541   3494    	Dead: 0
95  3538.88   1.90503     30.7205   3494    	Dead: 0
96  3537.69   1.92396     31.0258   3493    	Dead: 0
97  3536.54   1.93498     31.2035   3493    	Dead: 0
98  3534.18   1.90149     30.6635   3493    	Dead: 0
99  3534      1.9743      31.8376   3493    	Dead: 0
100 3532      1.86003     29.9948   3493    	Dead: 0
