0   4646.61   3.26797     52.6993   4488    	Dead: 0
1   4491.51   2.97235     47.9321   4356    	Dead: 0
2   4369.16   2.37353     38.2755   4266    	Dead: 0
3   4271.41   2.00107     32.2693   4170    	Dead: 0
4   4183.27   1.89083     30.4915   4104    	Dead: 0
5   4119.68   1.41774     22.8624   4040    	Dead: 0
6   4069.24   1.27562     20.5706   4011    	Dead: 0
7   4027.37   1.23226     19.8715   3943    	Dead: 0
8   3987.04   1.17818     18.9994   3920    	Dead: 0
9   3950.93   1.11233     17.9374   3899    	Dead: 0
10  3919.5    0.959555    15.4738   3873    	Dead: 0
11  3891.76   0.954311    15.3892   3849    	Dead: 0
12  3864.84   0.985924    15.899    3812    	Dead: 0
13  3838.09   1.00297     16.1739   3784    	Dead: 0
14  3810.72   0.976947    15.7542   3765    	Dead: 0
15  3789.75   0.917577    14.7968   3735    	Dead: 0
16  3771.49   0.894959    14.4321   3729    	Dead: 0
17  3754.19   0.841399    13.5684   3719    	Dead: 0
18  3739.11   0.782627    12.6206   3705    	Dead: 0
19  3726.51   0.744181    12.0007   3689    	Dead: 0
20  3715.1    0.765133    12.3385   3682    	Dead: 0
21  3705.83   0.778564    12.5551   3673    	Dead: 0
22  3697.3    0.812838    13.1078   3665    	Dead: 0
23  3689.99   0.809324    13.0512   3661    	Dead: 0
24  3684.08   0.832214    13.4203   3658    	Dead: 0
25  3678.01   0.868453    14.0047   3644    	Dead: 0
26  3672.27   0.882171    14.2259   3641    	Dead: 0
27  3666.6    0.978895    15.7857   3630    	Dead: 0
28  3662.07   1.00115     16.1446   3630    	Dead: 0
29  3657.31   0.993012    16.0133   3630    	Dead: 0
30  3654.93   1.07425     17.3234   3617    	Dead: 0
31  3651.74   1.08979     17.5739   3616    	Dead: 0
32  3649.01   1.14534     18.4698   3613    	Dead: 0
33  3645.03   1.11359     17.9578   3608    	Dead: 0
34  3642.71   1.17124     18.8874   3608    	Dead: 0
35  3638.6    1.17552     18.9564   3602    	Dead: 0
36  3637.07   1.30305     21.013    3599    	Dead: 0
37  3634.47   1.28867     20.781    3594    	Dead: 0
38  3630.91   1.22764     19.7969   3594    	Dead: 0
39  3628.58   1.25959     20.3122   3587    	Dead: 0
40  3627.87   1.34866     21.7485   3587    	Dead: 0
41  3624.98   1.27035     20.4856   3587    	Dead: 0
42  3624.71   1.37942     22.2445   3577    	Dead: 0
43  3621.28   1.33776     21.5728   3577    	Dead: 0
44  3620.17   1.42751     23.02     3576    	Dead: 0
45  3618.03   1.4519      23.4133   3572    	Dead: 0
46  3614.01   1.41201     22.77     3571    	Dead: 0
47  3612.22   1.49947     24.1804   3569    	Dead: 0
48  3609.25   1.44754     23.343    3555    	Dead: 0
49  3608.8    1.5802      25.4823   3555    	Dead: 0
50  3606.35   1.5379      24.8002   3555    	Dead: 0
51  3605.05   1.56299     25.2047   3555    	Dead: 0
52  3602.88   1.58287     25.5254   3555    	Dead: 0
53  3600.98   1.53715     24.7881   3555    	Dead: 0
54  3600.85   1.60201     25.8341   3555    	Dead: 0
55  3599.61   1.57468     25.3933   3555    	Dead: 0
56  3599.31   1.64864     26.586    3555    	Dead: 0
57  3598.39   1.6429      26.4933   3555    	Dead: 0
58  3598.9    1.67142     26.9533   3555    	Dead: 0
59  3597.61   1.66098     26.785    3555    	Dead: 0
60  3595.87   1.61406     26.0283   3549    	Dead: 0
61  3595.29   1.65406     26.6734   3549    	Dead: 0
62  3594.62   1.67065     26.941    3549    	Dead: 0
63  3595.33   1.7736      28.6011   3544    	Dead: 0
64  3593.86   1.72638     27.8397   3544    	Dead: 0
65  3592.68   1.75935     28.3713   3544    	Dead: 0
66  3591.04   1.73544     27.9858   3544    	Dead: 0
67  3590.33   1.74016     28.0619   3544    	Dead: 0
68  3590.01   1.80505     29.1082   3544    	Dead: 0
69  3588.84   1.73383     27.9598   3544    	Dead: 0
70  3588.38   1.79507     28.9473   3544    	Dead: 0
71  3586.94   1.73823     28.0307   3541    	Dead: 0
72  3587.43   1.8195      29.3413   3539    	Dead: 0
73  3584.99   1.75818     28.3524   3539    	Dead: 0
74  3583.81   1.76035     28.3873   3535    	Dead: 0
75  3583.43   1.82975     29.5066   3532    	Dead: 0
76  3582.33   1.78254     28.7452   3530    	Dead: 0
77  3580.23   1.79423     28.9338   3530    	Dead: 0
78  3579.24   1.82738     29.4684   3530    	Dead: 0
79  3575.59   1.70925     27.5633   3530    	Dead: 0
80  3575.54   1.80549     29.1154   3530    	Dead: 0
81  3572.87   1.76804     28.5114   3530    	Dead: 0
82  3572.28   1.83077     29.523    3527    	Dead: 0
83  3569.21   1.7764      28.6462   3526    	Dead: 0
84  3567.98   1.8236      29.4073   3518    	Dead: 0
85  3566.26   1.9001      30.641    3518    	Dead: 0
86  3563.25   1.81028     29.1925   3518    	Dead: 0
87  3562.03   1.84814     29.8032   3518    	Dead: 0
88  3560.51   1.8505      29.8411   3518    	Dead: 0
89  3558.59   1.79941     29.0174   3518    	Dead: 0
90  3556.34   1.82196     29.381    3515    	Dead: 0
91  3556.47   1.86795     30.1226   3514    	Dead: 0
92  3553.96   1.87365     30.2145   3509    	Dead: 0
93  3552.06   1.86283     30.0401   3509    	Dead: 0
94  3549.34   1.85062     29.8431   3501    	Dead: 0
95  3545.72   1.79915     29.0132   3501    	Dead: 0
96  3542.8    1.77624     28.6436   3500    	Dead: 0
97  3539.14   1.84319     29.7232   3494    	Dead: 0
98  3535.31   1.80542     29.1142   3492    	Dead: 0
99  3531.61   1.83797     29.6391   3492    	Dead: 0
100 3528.26   1.82507     29.4311   3492    	Dead: 0
