0   4648.06   3.26397     52.6348   4482    	Dead: 0
1   4496.44   2.84467     45.8732   4369    	Dead: 0
2   4368.35   2.25173     36.3114   4254    	Dead: 0
3   4273.93   1.9131      30.8506   4163    	Dead: 0
4   4185.42   1.92276     31.0064   4094    	Dead: 0
5   4109.16   1.54855     24.9719   4040    	Dead: 0
6   4055.12   1.40677     22.6855   3981    	Dead: 0
7   4008.16   1.34147     21.6326   3930    	Dead: 0
8   3964.47   1.28063     20.6515   3893    	Dead: 0
9   3922.62   1.2775      20.6009   3857    	Dead: 0
10  3889.07   1.07713     17.3698   3841    	Dead: 0
11  3864.52   0.967572    15.6031   3819    	Dead: 0
12  3844.57   0.998793    16.1065   3799    	Dead: 0
13  3826.24   0.912276    14.7114   3788    	Dead: 0
14  3813.16   0.894576    14.4259   3776    	Dead: 0
15  3799.35   0.764967    12.3359   3766    	Dead: 0
16  3788.05   0.813518    13.1188   3751    	Dead: 0
17  3776.23   0.804807    12.9783   3737    	Dead: 0
18  3765.51   0.84044     13.5529   3720    	Dead: 0
19  3753.47   0.896482    14.4567   3712    	Dead: 0
20  3742.56   0.910018    14.675    3700    	Dead: 0
21  3734.66   0.954693    15.3954   3692    	Dead: 0
22  3726.62   1.04506     16.8527   3688    	Dead: 0
23  3718.88   1.07419     17.3224   3669    	Dead: 0
24  3710.72   1.02684     16.5588   3669    	Dead: 0
25  3704.42   1.14122     18.4033   3660    	Dead: 0
26  3696.53   1.10823     17.8713   3659    	Dead: 0
27  3688.98   1.1058      17.8322   3651    	Dead: 0
28  3681.7    1.08374     17.4764   3646    	Dead: 0
29  3676.01   1.11726     18.0169   3646    	Dead: 0
30  3672.09   1.12528     18.1463   3643    	Dead: 0
31  3669.1    1.1871      19.1432   3637    	Dead: 0
32  3665.8    1.19698     19.3025   3633    	Dead: 0
33  3662.34   1.24525     20.0808   3623    	Dead: 0
34  3657.45   1.16248     18.7461   3623    	Dead: 0
35  3654.64   1.24432     20.0659   3623    	Dead: 0
36  3651.33   1.23843     19.9709   3620    	Dead: 0
37  3650.15   1.24228     20.0329   3617    	Dead: 0
38  3646.83   1.16913     18.8534   3617    	Dead: 0
39  3646.34   1.33442     21.5189   3612    	Dead: 0
40  3644.34   1.29146     20.8261   3612    	Dead: 0
41  3642.57   1.33111     21.4654   3604    	Dead: 0
42  3641.83   1.38517     22.3372   3603    	Dead: 0
43  3640.03   1.43815     23.1917   3603    	Dead: 0
44  3635.07   1.29592     20.8981   3600    	Dead: 0
45  3634.55   1.46339     23.5986   3600    	Dead: 0
46  3631.11   1.38596     22.3499   3594    	Dead: 0
47  3629.64   1.52111     24.5294   3592    	Dead: 0
48  3627.32   1.45225     23.419    3592    	Dead: 0
49  3626.02   1.53916     24.8205   3586    	Dead: 0
50  3623.16   1.59714     25.7554   3585    	Dead: 0
51  3620.81   1.58435     25.5492   3582    	Dead: 0
52  3620.18   1.73303     27.9469   3577    	Dead: 0
53  3617.34   1.78167     28.7312   3577    	Dead: 0
54  3616.16   1.87356     30.2131   3577    	Dead: 0
55  3610.96   1.79742     28.9851   3570    	Dead: 0
56  3608.55   1.85184     29.8628   3570    	Dead: 0
57  3608.9    1.93921     31.2717   3565    	Dead: 0
58  3607.22   1.99458     32.1646   3564    	Dead: 0
59  3602.45   1.96016     31.6095   3561    	Dead: 0
60  3600.66   1.99922     32.2393   3552    	Dead: 0
61  3597.35   1.96628     31.7082   3552    	Dead: 0
62  3596.47   2.04187     32.9271   3552    	Dead: 0
63  3593.55   2.08573     33.6344   3552    	Dead: 0
64  3591.25   2.08283     33.5877   3552    	Dead: 0
65  3589.46   2.04438     32.9676   3552    	Dead: 0
66  3587.97   2.10307     33.9142   3547    	Dead: 0
67  3587.9    2.16066     34.8428   3547    	Dead: 0
68  3585.77   2.12681     34.2969   3547    	Dead: 0
69  3584.25   2.17088     35.0075   3542    	Dead: 0
70  3583.64   2.12714     34.3023   3541    	Dead: 0
71  3581.2    2.09389     33.7661   3541    	Dead: 0
72  3580.82   2.1838      35.2159   3536    	Dead: 0
73  3578.36   2.18085     35.1683   3535    	Dead: 0
74  3578.17   2.23819     36.0931   3535    	Dead: 0
75  3575.96   2.10653     33.9699   3535    	Dead: 0
76  3575.24   2.14164     34.5361   3535    	Dead: 0
77  3573.86   2.14742     34.6293   3534    	Dead: 0
78  3573.39   2.21907     35.7848   3530    	Dead: 0
79  3571.31   2.20034     35.4826   3529    	Dead: 0
80  3571.87   2.29809     37.059    3527    	Dead: 0
81  3568.5    2.2538      36.3448   3523    	Dead: 0
82  3568.24   2.38107     38.3971   3523    	Dead: 0
83  3565.96   2.21323     35.6905   3523    	Dead: 0
84  3564.44   2.28529     36.8525   3515    	Dead: 0
85  3563.18   2.27915     36.7535   3515    	Dead: 0
86  3562.6    2.32751     37.5334   3515    	Dead: 0
87  3561.08   2.30835     37.2245   3515    	Dead: 0
88  3558.39   2.22752     35.921    3515    	Dead: 0
89  3558.46   2.33759     37.6959   3515    	Dead: 0
90  3556.48   2.30273     37.1339   3513    	Dead: 0
91  3555.59   2.33496     37.6535   3513    	Dead: 0
92  3554.37   2.3788      38.3606   3513    	Dead: 0
93  3551.45   2.31295     37.2987   3510    	Dead: 0
94  3549.24   2.22979     35.9575   3508    	Dead: 0
95  3547.75   2.29568     37.0201   3506    	Dead: 0
96  3547.75   2.35624     37.9967   3502    	Dead: 0
97  3545.82   2.3616      38.0832   3502    	Dead: 0
98  3544.75   2.28397     36.8313   3502    	Dead: 0
99  3544.14   2.36617     38.1569   3498    	Dead: 0
100 3543.15   2.39595     38.6371   3496    	Dead: 0
