0   4706.79   3.30421     53.2837   4528    	Dead: 0
1   4433.67   2.63395     42.4751   4295    	Dead: 0
2   4241.92   1.82094     29.3644   4152    	Dead: 0
3   4116.63   1.33561     21.538    4044    	Dead: 0
4   4025.61   1.14157     18.409    3963    	Dead: 0
5   3951.54   1.07352     17.3115   3896    	Dead: 0
6   3899.61   1.0995      17.7306   3840    	Dead: 0
7   3853.24   1.03965     16.7655   3807    	Dead: 0
8   3826.09   1.01919     16.4354   3786    	Dead: 0
9   3802.53   1.04474     16.8475   3760    	Dead: 0
10  3780.88   1.08834     17.5506   3739    	Dead: 0
11  3766.32   1.10992     17.8985   3724    	Dead: 0
12  3755.64   1.14908     18.5301   3718    	Dead: 0
13  3746.94   1.21536     19.5989   3702    	Dead: 0
14  3739.9    1.1927      19.2334   3702    	Dead: 0
15  3735.93   1.26567     20.4103   3694    	Dead: 0
16  3730.93   1.3146      21.1993   3691    	Dead: 0
17  3725.14   1.32261     21.3285   3673    	Dead: 0
18  3720.21   1.39252     22.4558   3673    	Dead: 0
19  3714.19   1.46047     23.5516   3666    	Dead: 0
20  3707.25   1.45573     23.4751   3665    	Dead: 0
21  3701.55   1.45912     23.5298   3656    	Dead: 0
22  3697.98   1.46764     23.6672   3656    	Dead: 0
23  3695.41   1.52101     24.5278   3656    	Dead: 0
24  3691.8    1.58107     25.4963   3647    	Dead: 0
25  3688.45   1.5857      25.571    3641    	Dead: 0
26  3685.65   1.70361     27.4724   3628    	Dead: 0
27  3681.83   1.68551     27.1805   3618    	Dead: 0
28  3676.29   1.71671     27.6836   3618    	Dead: 0
29  3672.15   1.75765     28.3438   3618    	Dead: 0
30  3668.11   1.8183      29.3219   3618    	Dead: 0
31  3667.67   1.94127     31.3049   3617    	Dead: 0
32  3663.58   1.86716     30.1098   3617    	Dead: 0
33  3659.91   1.89951     30.6315   3617    	Dead: 0
34  3657.99   1.90926     30.7887   3612    	Dead: 0
35  3655.42   1.89115     30.4967   3612    	Dead: 0
36  3652.59   1.89326     30.5307   3612    	Dead: 0
37  3651.13   1.93694     31.2351   3605    	Dead: 0
38  3651.09   1.94554     31.3739   3605    	Dead: 0
39  3650.42   2.01279     32.4583   3605    	Dead: 0
40  3647.4    1.969       31.752    3605    	Dead: 0
41  3646.52   1.98023     31.9332   3603    	Dead: 0
42  3645.65   2.01289     32.4599   3603    	Dead: 0
43  3644.71   2.02161     32.6005   3600    	Dead: 0
44  3643.29   2.05851     33.1955   3599    	Dead: 0
45  3642.48   2.03189     32.7662   3597    	Dead: 0
46  3640.22   2.04875     33.0381   3593    	Dead: 0
47  3639.66   2.16445     34.9039   3592    	Dead: 0
48  3637.87   2.15909     34.8174   3592    	Dead: 0
49  3637.02   2.23211     35.9951   3591    	Dead: 0
50  3633.86   2.15617     34.7704   3587    	Dead: 0
51  3633.72   2.24782     36.2483   3587    	Dead: 0
52  3631.08   2.17836     35.1282   3587    	Dead: 0
53  3630.94   2.23023     35.9647   3587    	Dead: 0
54  3629.16   2.26685     36.5553   3587    	Dead: 0
55  3628.03   2.29783     37.0548   3587    	Dead: 0
56  3625.99   2.17212     35.0277   3587    	Dead: 0
57  3625.84   2.27611     36.7045   3587    	Dead: 0
58  3625.11   2.32548     37.5007   3583    	Dead: 0
59  3623.84   2.28948     36.9202   3583    	Dead: 0
60  3623.24   2.23814     36.0923   3583    	Dead: 0
61  3620.53   2.20567     35.5686   3582    	Dead: 0
62  3621.97   2.30692     37.2014   3582    	Dead: 0
63  3621.1    2.27637     36.7087   3579    	Dead: 0
64  3620.44   2.21098     35.6542   3578    	Dead: 0
65  3619.17   2.23648     36.0654   3578    	Dead: 0
66  3617.3    2.18572     35.247    3578    	Dead: 0
67  3617.04   2.23151     35.9853   3573    	Dead: 0
68  3616.83   2.343       37.7833   3573    	Dead: 0
69  3617.72   2.32106     37.4294   3569    	Dead: 0
70  3612.89   2.21973     35.7954   3569    	Dead: 0
71  3612.14   2.27897     36.7507   3568    	Dead: 0
72  3612.76   2.33611     37.6721   3565    	Dead: 0
73  3609.71   2.29116     36.9472   3560    	Dead: 0
74  3610.45   2.33602     37.6706   3560    	Dead: 0
75  3607.37   2.2638      36.506    3560    	Dead: 0
76  3606      2.36657     38.1634   3560    	Dead: 0
77  3603.97   2.30895     37.2341   3560    	Dead: 0
78  3604.32   2.35655     38.0017   3559    	Dead: 0
79  3601.57   2.32281     37.4577   3555    	Dead: 0
80  3601.7    2.37558     38.3086   3555    	Dead: 0
81  3600.57   2.38545     38.4677   3549    	Dead: 0
82  3598.36   2.32166     37.4391   3546    	Dead: 0
83  3598.26   2.35726     38.0133   3546    	Dead: 0
84  3597.93   2.43838     39.3213   3546    	Dead: 0
85  3597.62   2.52071     40.649    3544    	Dead: 0
86  3593.47   2.40902     38.8479   3544    	Dead: 0
87  3594.09   2.58384     41.667    3544    	Dead: 0
88  3591.46   2.43244     39.2255   3541    	Dead: 0
89  3590.59   2.49926     40.303    3537    	Dead: 0
90  3591.22   2.54738     41.079    3537    	Dead: 0
91  3590.39   2.60094     41.9428   3537    	Dead: 0
92  3587.97   2.5316      40.8246   3533    	Dead: 0
93  3586.35   2.58139     41.6276   3533    	Dead: 0
94  3586.37   2.68541     43.3049   3533    	Dead: 0
95  3586.23   2.67064     43.0667   3533    	Dead: 0
96  3585.26   2.6873      43.3353   3532    	Dead: 0
97  3584.61   2.67482     43.1342   3529    	Dead: 0
98  3582.11   2.67977     43.214    3529    	Dead: 0
99  3582.64   2.7332      44.0756   3527    	Dead: 0
100 3579.82   2.65566     42.8252   3527    	Dead: 0
