0   4704.73   3.23161     52.1129   4527    	Dead: 0
1   4427.44   2.49726     40.2708   4321    	Dead: 0
2   4240.54   1.73711     28.0126   4150    	Dead: 0
3   4123.36   1.31609     21.2233   4050    	Dead: 0
4   4042.45   1.2004      19.3576   3979    	Dead: 0
5   3965.79   1.14534     18.4697   3891    	Dead: 0
6   3906.01   1.05393     16.9957   3852    	Dead: 0
7   3876      1.02811     16.5793   3831    	Dead: 0
8   3845.02   0.936233    15.0977   3807    	Dead: 0
9   3817.17   0.954357    15.39     3773    	Dead: 0
10  3794.71   0.911462    14.6982   3754    	Dead: 0
11  3778.36   0.949908    15.3182   3744    	Dead: 0
12  3766.11   0.990674    15.9756   3735    	Dead: 0
13  3756.47   1.01158     16.3127   3721    	Dead: 0
14  3746.99   0.946841    15.2688   3712    	Dead: 0
15  3738.51   0.988813    15.9456   3701    	Dead: 0
16  3724.2    1.03199     16.6418   3682    	Dead: 0
17  3705.74   1.00012     16.128    3668    	Dead: 0
18  3693.71   1.02226     16.4849   3657    	Dead: 0
19  3681.18   0.994724    16.0409   3646    	Dead: 0
20  3672.62   1.09302     17.626    3632    	Dead: 0
21  3662.64   1.05013     16.9345   3624    	Dead: 0
22  3656.22   1.17331     18.9207   3616    	Dead: 0
23  3647.92   1.17378     18.9285   3610    	Dead: 0
24  3639.7    1.15919     18.693    3600    	Dead: 0
25  3632.89   1.14912     18.5307   3590    	Dead: 0
26  3628.55   1.24055     20.0051   3590    	Dead: 0
27  3624.57   1.31358     21.1829   3584    	Dead: 0
28  3619.22   1.3341      21.5138   3571    	Dead: 0
29  3611.96   1.29647     20.9068   3569    	Dead: 0
30  3606.6    1.41778     22.8631   3561    	Dead: 0
31  3600.51   1.40189     22.6068   3557    	Dead: 0
32  3595.57   1.49244     24.067    3546    	Dead: 0
33  3592.54   1.58829     25.6128   3546    	Dead: 0
34  3587.96   1.61605     26.0604   3545    	Dead: 0
35  3585.59   1.66364     26.8278   3545    	Dead: 0
36  3582.07   1.66633     26.8712   3545    	Dead: 0
37  3579.44   1.673       26.9788   3541    	Dead: 0
38  3578.64   1.7719      28.5736   3540    	Dead: 0
39  3576.28   1.7232      27.7883   3540    	Dead: 0
40  3573.01   1.69794     27.3809   3539    	Dead: 0
41  3573.13   1.73069     27.9092   3539    	Dead: 0
42  3572.07   1.74083     28.0727   3539    	Dead: 0
43  3572.63   1.80664     29.1339   3529    	Dead: 0
44  3571.45   1.81114     29.2065   3529    	Dead: 0
45  3569.22   1.75657     28.3265   3529    	Dead: 0
46  3570.02   1.83704     29.6242   3529    	Dead: 0
47  3569.86   1.86388     30.0569   3525    	Dead: 0
48  3567.72   1.91368     30.86     3523    	Dead: 0
49  3565.05   1.90939     30.7908   3523    	Dead: 0
50  3566.06   1.98286     31.9756   3523    	Dead: 0
51  3563.18   1.86741     30.1138   3517    	Dead: 0
52  3561.06   1.93694     31.2351   3517    	Dead: 0
53  3560.06   2.10021     33.8679   3517    	Dead: 0
54  3558.15   2.03195     32.7673   3514    	Dead: 0
55  3555.27   2.07598     33.4772   3514    	Dead: 0
56  3553.34   2.10398     33.9288   3504    	Dead: 0
57  3551.22   2.02615     32.6737   3504    	Dead: 0
58  3549.82   2.09601     33.8002   3504    	Dead: 0
59  3548.77   2.12777     34.3124   3504    	Dead: 0
60  3547.61   2.19312     35.3663   3501    	Dead: 0
61  3546.1    2.19438     35.3866   3501    	Dead: 0
62  3544.17   2.26319     36.4962   3500    	Dead: 0
63  3545.55   2.31203     37.2838   3495    	Dead: 0
64  3545.13   2.37529     38.304    3491    	Dead: 0
65  3542.81   2.37095     38.234    3491    	Dead: 0
66  3543.53   2.5011      40.3327   3490    	Dead: 0
67  3540.76   2.44148     39.3712   3485    	Dead: 0
68  3540.39   2.52092     40.6524   3485    	Dead: 0
69  3540.22   2.58731     41.7229   3485    	Dead: 0
70  3541.5    2.67083     43.0699   3485    	Dead: 0
71  3539.26   2.61796     42.2173   3485    	Dead: 0
72  3540.72   2.76569     44.5996   3479    	Dead: 0
73  3540.26   2.78269     44.8736   3479    	Dead: 0
74  3538.73   2.76758     44.6301   3479    	Dead: 0
75  3535.61   2.71317     43.7526   3479    	Dead: 0
76  3535.05   2.80903     45.2985   3475    	Dead: 0
77  3533.45   2.817       45.4269   3475    	Dead: 0
78  3535.01   2.798       45.1206   3475    	Dead: 0
79  3531.31   2.78788     44.9573   3475    	Dead: 0
80  3531.08   2.81926     45.4635   3475    	Dead: 0
81  3529.62   2.73115     44.0426   3475    	Dead: 0
82  3529.57   2.81391     45.3771   3475    	Dead: 0
83  3531.42   2.87642     46.3851   3475    	Dead: 0
84  3528.44   2.80416     45.2199   3474    	Dead: 0
85  3529.05   2.90044     46.7725   3474    	Dead: 0
86  3528.29   2.91133     46.948    3474    	Dead: 0
87  3528.96   2.90721     46.8817   3474    	Dead: 0
88  3527.62   2.84617     45.8974   3474    	Dead: 0
89  3528.33   2.844       45.8623   3474    	Dead: 0
90  3529.4    2.97377     47.955    3474    	Dead: 0
91  3526.74   2.9015      46.7896   3469    	Dead: 0
92  3525.4    2.89576     46.697    3469    	Dead: 0
93  3525.83   2.95539     47.6586   3469    	Dead: 0
94  3526.51   2.96777     47.8582   3464    	Dead: 0
95  3524.42   2.85883     46.1015   3464    	Dead: 0
96  3526.01   2.91879     47.0684   3464    	Dead: 0
97  3525.69   2.91465     47.0017   3464    	Dead: 0
98  3524.78   2.87318     46.3329   3464    	Dead: 0
99  3523.63   2.91619     47.0264   3464    	Dead: 0
100 3522.72   2.89215     46.6388   3464    	Dead: 0
