0   4206.04   2.89669     46.712    4065    	Dead: 0
1   4050.66   2.02314     32.6252   3954    	Dead: 0
2   3967.48   1.76199     28.4139   3875    	Dead: 0
3   3910.11   1.82355     29.4065   3813    	Dead: 0
4   3860.83   1.60446     25.8735   3790    	Dead: 0
5   3823.84   1.55869     25.1354   3760    	Dead: 0
6   3794.34   1.53214     24.7074   3728    	Dead: 0
7   3766.95   1.51368     24.4096   3702    	Dead: 0
8   3749.52   1.51174     24.3783   3689    	Dead: 0
9   3734.3    1.59338     25.6949   3675    	Dead: 0
10  3717.8    1.63135     26.3072   3648    	Dead: 0
11  3703.61   1.70503     27.4953   3642    	Dead: 0
12  3691.32   1.78401     28.7689   3629    	Dead: 0
13  3678.69   1.74032     28.0643   3621    	Dead: 0
14  3671.11   1.91856     30.9388   3616    	Dead: 0
15  3662.97   1.99199     32.1228   3607    	Dead: 0
16  3656.14   1.98275     31.9738   3600    	Dead: 0
17  3650.07   2.06597     33.3159   3590    	Dead: 0
18  3645.19   2.08557     33.6319   3587    	Dead: 0
19  3640.43   2.14915     34.6572   3575    	Dead: 0
20  3636.29   2.20371     35.537    3575    	Dead: 0
21  3631.93   2.16731     34.9501   3569    	Dead: 0
22  3630.21   2.3305      37.5816   3569    	Dead: 0
23  3626.45   2.33866     37.7133   3569    	Dead: 0
24  3620.64   2.24679     36.2318   3562    	Dead: 0
25  3618.73   2.35556     37.9857   3562    	Dead: 0
26  3616.45   2.34534     37.8209   3557    	Dead: 0
27  3613.3    2.39029     38.5457   3555    	Dead: 0
28  3608.26   2.36793     38.1852   3551    	Dead: 0
29  3606.08   2.35165     37.9228   3539    	Dead: 0
30  3602.68   2.42315     39.0757   3539    	Dead: 0
31  3599.23   2.45517     39.5921   3535    	Dead: 0
32  3595.58   2.3627      38.1008   3535    	Dead: 0
33  3594.32   2.40793     38.8303   3533    	Dead: 0
34  3592.3    2.48461     40.0668   3533    	Dead: 0
35  3585.76   2.33946     37.7261   3533    	Dead: 0
36  3585.7    2.59666     41.8738   3522    	Dead: 0
37  3583.14   2.56635     41.385    3518    	Dead: 0
38  3579.2    2.50219     40.3504   3518    	Dead: 0
39  3575.64   2.50485     40.3932   3518    	Dead: 0
40  3570.18   2.46029     39.6747   3512    	Dead: 0
41  3564.96   2.38893     38.5238   3508    	Dead: 0
42  3562.5    2.5249      40.7166   3502    	Dead: 0
43  3559.73   2.49952     40.3073   3502    	Dead: 0
44  3555.07   2.47957     39.9855   3502    	Dead: 0
45  3550.1    2.38815     38.5112   3493    	Dead: 0
46  3547.18   2.50855     40.4529   3489    	Dead: 0
47  3539.51   2.42657     39.1309   3481    	Dead: 0
48  3533.64   2.43168     39.2133   3481    	Dead: 0
49  3529.24   2.55281     41.1666   3477    	Dead: 0
50  3524.29   2.58149     41.629    3467    	Dead: 0
51  3517.99   2.39357     38.5987   3466    	Dead: 0
52  3515.83   2.47568     39.9228   3461    	Dead: 0
53  3512.9    2.67019     43.0594   3459    	Dead: 0
54  3510.99   2.52592     40.7329   3457    	Dead: 0
55  3509.06   2.64245     42.6122   3457    	Dead: 0
56  3506.99   2.50423     40.3833   3453    	Dead: 0
57  3506.69   2.61786     42.2157   3453    	Dead: 0
58  3504.03   2.57371     41.5037   3453    	Dead: 0
59  3505.55   2.73521     44.108    3453    	Dead: 0
60  3501.14   2.64294     42.62     3441    	Dead: 0
61  3499.3    2.64094     42.5878   3435    	Dead: 0
62  3496.91   2.73736     44.1426   3435    	Dead: 0
63  3495.59   2.71111     43.7194   3435    	Dead: 0
64  3490.53   2.72297     43.9106   3435    	Dead: 0
65  3487.05   2.83154     45.6615   3425    	Dead: 0
66  3483.8    2.94061     47.4203   3424    	Dead: 0
67  3478.35   2.83002     45.637    3423    	Dead: 0
68  3473.99   2.81079     45.3268   3419    	Dead: 0
69  3472.76   2.96214     47.7674   3418    	Dead: 0
70  3467.43   2.87648     46.3861   3414    	Dead: 0
71  3464.46   2.94257     47.4519   3410    	Dead: 0
72  3464.29   3.13141     50.4972   3410    	Dead: 0
73  3461.09   3.15881     50.939    3405    	Dead: 0
74  3456.11   3.03402     48.9267   3405    	Dead: 0
75  3453.6    3.07974     49.6638   3393    	Dead: 0
76  3452.72   3.14772     50.7601   3393    	Dead: 0
77  3449.7    3.09218     49.8644   3393    	Dead: 0
78  3449.28   3.14706     50.7494   3389    	Dead: 0
79  3446.16   3.2271      52.0403   3389    	Dead: 0
80  3445.84   3.35122     54.0418   3385    	Dead: 0
81  3443.9    3.29619     53.1544   3382    	Dead: 0
82  3442.42   3.37175     54.3728   3382    	Dead: 0
83  3443.43   3.49479     56.357    3382    	Dead: 0
84  3441.99   3.4752      56.0411   3380    	Dead: 0
85  3438.7    3.36416     54.2505   3380    	Dead: 0
86  3438.47   3.5159      56.6974   3379    	Dead: 0
87  3438.4    3.59801     58.0216   3379    	Dead: 0
88  3435.94   3.46038     55.8021   3379    	Dead: 0
89  3436.04   3.49383     56.3415   3379    	Dead: 0
90  3437.23   3.67015     59.1848   3375    	Dead: 0
91  3436.06   3.67844     59.3185   3375    	Dead: 0
92  3436.46   3.79698     61.2302   3371    	Dead: 0
93  3436.1    3.77609     60.8932   3371    	Dead: 0
94  3436.07   3.85956     62.2392   3371    	Dead: 0
95  3437.44   3.83417     61.8298   3371    	Dead: 0
96  3433.45   3.73414     60.2167   3371    	Dead: 0
97  3432.16   3.68003     59.3442   3371    	Dead: 0
98  3430.72   3.68802     59.473    3371    	Dead: 0
99  3434.17   3.94341     63.5915   3362    	Dead: 0
100 3432.5    3.84743     62.0437   3362    	Dead: 0
