0   4143.9    2.89752     46.7255   4010    	Dead: 0
1   4047.66   2.3202      37.4156   3919    	Dead: 0
2   3990.75   1.99856     32.2288   3890    	Dead: 0
3   3946.5    1.88425     30.3854   3846    	Dead: 0
4   3907.74   1.93995     31.2837   3788    	Dead: 0
5   3870.39   1.8239      29.4122   3765    	Dead: 0
6   3829.48   1.86068     30.0054   3721    	Dead: 0
7   3786.72   1.67746     27.0508   3707    	Dead: 0
8   3756.92   1.51659     24.4566   3687    	Dead: 0
9   3736.85   1.57504     25.3991   3662    	Dead: 0
10  3722.86   1.64683     26.5568   3662    	Dead: 0
11  3710.11   1.62645     26.2281   3635    	Dead: 0
12  3698.57   1.63153     26.31     3634    	Dead: 0
13  3687.4    1.57657     25.4238   3626    	Dead: 0
14  3677.5    1.66771     26.8936   3605    	Dead: 0
15  3661.54   1.52019     24.5145   3605    	Dead: 0
16  3651.28   1.45429     23.4519   3597    	Dead: 0
17  3641.38   1.4729      23.752    3584    	Dead: 0
18  3634.83   1.48268     23.9097   3584    	Dead: 0
19  3630.01   1.55273     25.0392   3584    	Dead: 0
20  3624.26   1.53696     24.7851   3579    	Dead: 0
21  3618.92   1.54135     24.8557   3568    	Dead: 0
22  3613.88   1.53108     24.6902   3565    	Dead: 0
23  3609.62   1.56231     25.1938   3565    	Dead: 0
24  3602.23   1.40659     22.6827   3550    	Dead: 0
25  3598.19   1.46291     23.5909   3549    	Dead: 0
26  3595.24   1.59281     25.6857   3545    	Dead: 0
27  3591.56   1.58678     25.5885   3528    	Dead: 0
28  3586.91   1.60097     25.8173   3528    	Dead: 0
29  3581.41   1.56566     25.2478   3528    	Dead: 0
30  3577.96   1.63093     26.3003   3528    	Dead: 0
31  3574.39   1.65001     26.6081   3523    	Dead: 0
32  3568.82   1.60228     25.8384   3523    	Dead: 0
33  3566.11   1.70103     27.4309   3507    	Dead: 0
34  3562.34   1.7032      27.4658   3507    	Dead: 0
35  3557.58   1.72225     27.7731   3507    	Dead: 0
36  3552.85   1.69405     27.3182   3498    	Dead: 0
37  3549.81   1.84127     29.6924   3498    	Dead: 0
38  3545.78   1.80733     29.145    3491    	Dead: 0
39  3541.25   1.80853     29.1644   3488    	Dead: 0
40  3536.52   1.76733     28.5      3488    	Dead: 0
41  3534.35   1.86618     30.094    3486    	Dead: 0
42  3532.26   1.95306     31.4951   3486    	Dead: 0
43  3528.53   1.87069     30.1667   3479    	Dead: 0
44  3527.58   1.94884     31.427    3476    	Dead: 0
45  3525.56   2.01678     32.5226   3469    	Dead: 0
46  3521.74   1.90231     30.6766   3469    	Dead: 0
47  3520.99   1.97354     31.8253   3469    	Dead: 0
48  3518.99   2.06037     33.2255   3456    	Dead: 0
49  3517.99   2.12435     34.2573   3456    	Dead: 0
50  3514.39   2.104       33.9291   3456    	Dead: 0
51  3510.8    2.07341     33.4358   3443    	Dead: 0
52  3509.44   2.0799      33.5405   3443    	Dead: 0
53  3507.44   2.12749     34.3079   3443    	Dead: 0
54  3504.96   2.16642     34.9357   3443    	Dead: 0
55  3501.11   2.10044     33.8717   3443    	Dead: 0
56  3501.41   2.2086      35.6159   3443    	Dead: 0
57  3497.93   2.1221      34.2209   3443    	Dead: 0
58  3494.74   2.12234     34.2249   3435    	Dead: 0
59  3492.57   2.08306     33.5915   3429    	Dead: 0
60  3491.9    2.21459     35.7125   3429    	Dead: 0
61  3489.9    2.17399     35.0577   3429    	Dead: 0
62  3487.49   2.19145     35.3393   3429    	Dead: 0
63  3483.62   2.09998     33.8642   3429    	Dead: 0
64  3483.22   2.19773     35.4405   3429    	Dead: 0
65  3482.9    2.22983     35.9582   3429    	Dead: 0
66  3482.07   2.30187     37.1199   3429    	Dead: 0
67  3479.74   2.28714     36.8824   3416    	Dead: 0
68  3476.4    2.24571     36.2143   3416    	Dead: 0
69  3474.96   2.21591     35.7337   3416    	Dead: 0
70  3475.8    2.2995      37.0818   3416    	Dead: 0
71  3473.04   2.30585     37.1841   3416    	Dead: 0
72  3473.78   2.39785     38.6677   3416    	Dead: 0
73  3472.62   2.37361     38.2768   3415    	Dead: 0
74  3471.72   2.43828     39.3197   3415    	Dead: 0
75  3468.85   2.29834     37.063    3415    	Dead: 0
76  3468.47   2.42056     39.0339   3415    	Dead: 0
77  3466.32   2.39588     38.636    3414    	Dead: 0
78  3466.72   2.47342     39.8864   3414    	Dead: 0
79  3465.95   2.50086     40.3289   3414    	Dead: 0
80  3465.14   2.49332     40.2073   3408    	Dead: 0
81  3464.44   2.47953     39.985    3408    	Dead: 0
82  3461.97   2.38784     38.5063   3408    	Dead: 0
83  3463.12   2.50706     40.4289   3408    	Dead: 0
84  3460.09   2.47321     39.883    3408    	Dead: 0
85  3459.76   2.50275     40.3593   3408    	Dead: 0
86  3459.67   2.46101     39.6863   3408    	Dead: 0
87  3459.34   2.51827     40.6097   3408    	Dead: 0
88  3456.36   2.44583     39.4414   3408    	Dead: 0
89  3453.31   2.35618     37.9957   3405    	Dead: 0
90  3454.73   2.51611     40.5749   3403    	Dead: 0
91  3452.51   2.41365     38.9225   3403    	Dead: 0
92  3452.36   2.46229     39.7068   3403    	Dead: 0
93  3452.63   2.46312     39.7203   3403    	Dead: 0
94  3451.05   2.48739     40.1116   3401    	Dead: 0
95  3449.25   2.53252     40.8394   3398    	Dead: 0
96  3448.3    2.50432     40.3847   3396    	Dead: 0
97  3447.1    2.48379     40.0536   3395    	Dead: 0
98  3444.7    2.29269     36.9719   3390    	Dead: 0
99  3446.09   2.49386     40.216    3390    	Dead: 0
100 3444.3    2.55128     41.1419   3390    	Dead: 0
