0   4142.15   2.96757     47.855    3974    	Dead: 0
1   4050.73   2.27853     36.7436   3943    	Dead: 0
2   3984.15   2.08864     33.6815   3887    	Dead: 0
3   3937.41   1.83424     29.5789   3820    	Dead: 0
4   3896.53   1.86475     30.071    3814    	Dead: 0
5   3860.43   1.85971     29.9898   3747    	Dead: 0
6   3821.68   1.77279     28.588    3727    	Dead: 0
7   3790.77   1.62761     26.2469   3720    	Dead: 0
8   3766.66   1.53507     24.7546   3705    	Dead: 0
9   3750.46   1.55679     25.1048   3682    	Dead: 0
10  3738.61   1.69024     27.2568   3677    	Dead: 0
11  3724.25   1.61514     26.0458   3665    	Dead: 0
12  3710.18   1.55477     25.0723   3650    	Dead: 0
13  3698.87   1.67535     27.0166   3647    	Dead: 0
14  3685.74   1.50917     24.3369   3631    	Dead: 0
15  3675.27   1.49003     24.0282   3610    	Dead: 0
16  3668.41   1.66952     26.9226   3598    	Dead: 0
17  3659.49   1.68094     27.1068   3598    	Dead: 0
18  3651.09   1.64265     26.4894   3594    	Dead: 0
19  3645.37   1.77239     28.5816   3590    	Dead: 0
20  3639.71   1.7614      28.4043   3582    	Dead: 0
21  3633.51   1.84684     29.7822   3582    	Dead: 0
22  3628.05   1.81846     29.3245   3578    	Dead: 0
23  3622.41   1.78223     28.7402   3575    	Dead: 0
24  3619      1.80888     29.1699   3569    	Dead: 0
25  3614.65   1.82469     29.425    3569    	Dead: 0
26  3612.05   1.88034     30.3224   3563    	Dead: 0
27  3608.61   1.8975      30.5991   3552    	Dead: 0
28  3606.08   1.9916      32.1166   3552    	Dead: 0
29  3601.39   1.84786     29.7986   3549    	Dead: 0
30  3599.1    1.9646      31.6812   3546    	Dead: 0
31  3596.33   2.01969     32.5696   3541    	Dead: 0
32  3591.2    1.91859     30.9392   3541    	Dead: 0
33  3587.45   1.89085     30.4919   3534    	Dead: 0
34  3584.07   1.97726     31.8853   3533    	Dead: 0
35  3580.95   2.00521     32.3361   3527    	Dead: 0
36  3575.3    1.86018     29.9973   3527    	Dead: 0
37  3572.31   1.95355     31.503    3526    	Dead: 0
38  3568.18   1.93584     31.2174   3518    	Dead: 0
39  3564.48   1.91121     30.8202   3518    	Dead: 0
40  3560.16   1.82815     29.4807   3518    	Dead: 0
41  3557.87   1.94696     31.3967   3515    	Dead: 0
42  3554.61   1.92903     31.1076   3510    	Dead: 0
43  3553.55   2.00333     32.3057   3510    	Dead: 0
44  3550.36   1.97872     31.9088   3499    	Dead: 0
45  3546.91   1.90314     30.6901   3499    	Dead: 0
46  3544.28   1.97868     31.9082   3496    	Dead: 0
47  3545.69   2.20677     35.5864   3496    	Dead: 0
48  3540.59   2.01466     32.4885   3496    	Dead: 0
49  3540.15   2.11906     34.172    3493    	Dead: 0
50  3537.55   2.09676     33.8123   3493    	Dead: 0
51  3534.08   1.99573     32.1831   3492    	Dead: 0
52  3531.7    2.02614     32.6736   3492    	Dead: 0
53  3533.05   2.19852     35.4534   3481    	Dead: 0
54  3531.03   2.28012     36.7692   3473    	Dead: 0
55  3526.37   2.12284     34.233    3472    	Dead: 0
56  3523.18   2.19715     35.4313   3470    	Dead: 0
57  3518.07   2.17414     35.0603   3470    	Dead: 0
58  3515.53   2.3189      37.3945   3460    	Dead: 0
59  3511.56   2.25092     36.2984   3460    	Dead: 0
60  3509.87   2.2698      36.6027   3454    	Dead: 0
61  3506.67   2.30685     37.2002   3454    	Dead: 0
62  3504.65   2.42318     39.0762   3454    	Dead: 0
63  3504.35   2.51757     40.5983   3454    	Dead: 0
64  3501.98   2.46679     39.7794   3446    	Dead: 0
65  3499.47   2.43768     39.3101   3430    	Dead: 0
66  3497.8    2.51279     40.5213   3430    	Dead: 0
67  3496.06   2.58641     41.7085   3430    	Dead: 0
68  3493.72   2.46094     39.6851   3430    	Dead: 0
69  3493.61   2.63846     42.5478   3430    	Dead: 0
70  3492.36   2.56726     41.3996   3430    	Dead: 0
71  3487.8    2.49015     40.1562   3430    	Dead: 0
72  3488.31   2.63516     42.4947   3430    	Dead: 0
73  3487.86   2.75152     44.3711   3430    	Dead: 0
74  3485.68   2.66829     43.0289   3430    	Dead: 0
75  3484.95   2.80602     45.2499   3430    	Dead: 0
76  3479.72   2.60237     41.9658   3416    	Dead: 0
77  3478.8    2.74014     44.1875   3416    	Dead: 0
78  3474.63   2.63537     42.4979   3416    	Dead: 0
79  3473.41   2.64373     42.6328   3416    	Dead: 0
80  3471.18   2.74966     44.341    3406    	Dead: 0
81  3465.58   2.6179      42.2163   3406    	Dead: 0
82  3462.43   2.60468     42.0031   3406    	Dead: 0
83  3462.18   2.78624     44.9308   3406    	Dead: 0
84  3461.25   2.88064     46.4532   3406    	Dead: 0
85  3456.9    2.65851     42.8712   3406    	Dead: 0
86  3456.24   2.73474     44.1005   3406    	Dead: 0
87  3453.51   2.70553     43.6294   3404    	Dead: 0
88  3452.39   2.73855     44.1619   3397    	Dead: 0
89  3452.37   2.85923     46.108    3397    	Dead: 0
90  3449.82   2.75298     44.3945   3396    	Dead: 0
91  3451.43   2.95868     47.7116   3396    	Dead: 0
92  3449.13   2.80579     45.2462   3396    	Dead: 0
93  3447.92   2.83616     45.7359   3396    	Dead: 0
94  3444.6    2.80537     45.2395   3396    	Dead: 0
95  3443.46   2.78501     44.9111   3396    	Dead: 0
96  3442.98   2.88207     46.4763   3396    	Dead: 0
97  3443.98   2.89431     46.6737   3396    	Dead: 0
98  3440.76   2.83703     45.7499   3393    	Dead: 0
99  3440.76   2.91433     46.9964   3393    	Dead: 0
100 3439.95   2.86792     46.2481   3393    	Dead: 0
