0   4210.06   2.8994      46.7557   4074    	Dead: 0
1   4043.04   2.21133     35.66     3931    	Dead: 0
2   3944.78   1.81417     29.2553   3843    	Dead: 0
3   3895.75   1.81111     29.2059   3820    	Dead: 0
4   3848.71   1.76866     28.5214   3771    	Dead: 0
5   3801.55   1.61895     26.1072   3731    	Dead: 0
6   3765.77   1.61974     26.1199   3701    	Dead: 0
7   3742.28   1.73379     27.9591   3658    	Dead: 0
8   3723.24   1.74919     28.2074   3645    	Dead: 0
9   3710.35   1.74645     28.1633   3645    	Dead: 0
10  3701.83   1.94581     31.3781   3620    	Dead: 0
11  3694      1.93373     31.1833   3612    	Dead: 0
12  3683.79   1.92577     31.055    3610    	Dead: 0
13  3673.16   1.94737     31.4033   3593    	Dead: 0
14  3662.2    1.84458     29.7458   3593    	Dead: 0
15  3653.41   1.88262     30.3592   3590    	Dead: 0
16  3647.61   1.94208     31.318    3582    	Dead: 0
17  3640.42   1.90052     30.6479   3576    	Dead: 0
18  3629.85   1.90699     30.7521   3563    	Dead: 0
19  3618.89   1.84954     29.8257   3555    	Dead: 0
20  3608.5    1.77815     28.6744   3548    	Dead: 0
21  3602.65   1.87621     30.2557   3540    	Dead: 0
22  3596.66   1.96134     31.6285   3540    	Dead: 0
23  3593.62   2.00974     32.409    3540    	Dead: 0
24  3590.07   2.0493      33.047    3540    	Dead: 0
25  3587.1    2.14778     34.635    3516    	Dead: 0
26  3581.86   2.132       34.3807   3516    	Dead: 0
27  3575.23   2.12214     34.2216   3511    	Dead: 0
28  3567.85   2.03889     32.8791   3511    	Dead: 0
29  3564.12   2.13405     34.4138   3509    	Dead: 0
30  3558.77   2.12923     34.3359   3507    	Dead: 0
31  3549.54   1.90706     30.7533   3505    	Dead: 0
32  3545.77   2.11871     34.1663   3500    	Dead: 0
33  3540.69   2.10139     33.887    3494    	Dead: 0
34  3534.32   2.00973     32.4089   3487    	Dead: 0
35  3531.73   2.12634     34.2894   3487    	Dead: 0
36  3529.29   2.2462      36.2222   3481    	Dead: 0
37  3523.47   2.08716     33.6576   3477    	Dead: 0
38  3520.14   2.14083     34.5231   3466    	Dead: 0
39  3516.6    2.22017     35.8025   3458    	Dead: 0
40  3511.65   2.18597     35.251    3458    	Dead: 0
41  3505.53   2.27501     36.6868   3453    	Dead: 0
42  3498.51   2.2371      36.0754   3452    	Dead: 0
43  3494.56   2.43714     39.3014   3441    	Dead: 0
44  3491.47   2.5917      41.7938   3438    	Dead: 0
45  3487.17   2.42177     39.0534   3437    	Dead: 0
46  3484.23   2.52058     40.6468   3431    	Dead: 0
47  3480.1    2.47335     39.8852   3431    	Dead: 0
48  3476.4    2.50519     40.3987   3424    	Dead: 0
49  3477.9    2.71205     43.7345   3424    	Dead: 0
50  3476.61   2.82258     45.5169   3423    	Dead: 0
51  3472.15   2.72628     43.9641   3422    	Dead: 0
52  3473.96   2.93081     47.2623   3422    	Dead: 0
53  3470.97   2.87593     46.3773   3421    	Dead: 0
54  3469.09   2.84242     45.8368   3415    	Dead: 0
55  3466.33   2.75604     44.4439   3406    	Dead: 0
56  3466.01   2.87901     46.4269   3404    	Dead: 0
57  3463.93   2.98467     48.1307   3404    	Dead: 0
58  3461.01   2.89666     46.7115   3400    	Dead: 0
59  3458.2    2.92868     47.2279   3397    	Dead: 0
60  3454.52   2.8987      46.7444   3397    	Dead: 0
61  3450.31   2.88484     46.5209   3394    	Dead: 0
62  3447.51   2.90467     46.8408   3392    	Dead: 0
63  3447.87   2.98821     48.1879   3390    	Dead: 0
64  3445.76   3.08514     49.751    3386    	Dead: 0
65  3444.02   3.15727     50.9142   3386    	Dead: 0
66  3441.1    3.04765     49.1464   3385    	Dead: 0
67  3440.04   3.13518     50.558    3385    	Dead: 0
68  3439.23   3.0652      49.4294   3380    	Dead: 0
69  3436.13   3.06458     49.4194   3376    	Dead: 0
70  3434.88   3.1448      50.713    3367    	Dead: 0
71  3431.65   3.16122     50.9778   3367    	Dead: 0
72  3425.48   3.07162     49.533    3361    	Dead: 0
73  3424.5    3.21898     51.9092   3360    	Dead: 0
74  3420.55   3.22285     51.9717   3358    	Dead: 0
75  3415.79   3.15664     50.9041   3355    	Dead: 0
76  3414.66   3.31667     53.4845   3348    	Dead: 0
77  3410.06   3.24984     52.4069   3348    	Dead: 0
78  3411.16   3.45196     55.6663   3348    	Dead: 0
79  3411.71   3.63149     58.5613   3344    	Dead: 0
80  3405.08   3.37172     54.3724   3344    	Dead: 0
81  3402.93   3.41189     55.0202   3344    	Dead: 0
82  3399.42   3.39649     54.7718   3335    	Dead: 0
83  3397.99   3.3401      53.8625   3335    	Dead: 0
84  3396.87   3.34159     53.8864   3335    	Dead: 0
85  3396.33   3.32277     53.583    3335    	Dead: 0
86  3393.69   3.37019     54.3477   3333    	Dead: 0
87  3392.96   3.48729     56.2361   3326    	Dead: 0
88  3390.93   3.47925     56.1065   3326    	Dead: 0
89  3390.9    3.46022     55.7995   3326    	Dead: 0
90  3389.36   3.45999     55.7957   3326    	Dead: 0
91  3390.64   3.63143     58.5604   3325    	Dead: 0
92  3387.94   3.48954     56.2723   3325    	Dead: 0
93  3383.67   3.47257     55.9987   3324    	Dead: 0
94  3385.18   3.61671     58.3231   3324    	Dead: 0
95  3384.53   3.69385     59.567    3324    	Dead: 0
96  3382.77   3.5924      57.9311   3322    	Dead: 0
97  3379.65   3.64555     58.7881   3319    	Dead: 0
98  3377.87   3.56111     57.4265   3318    	Dead: 0
99  3377.65   3.65736     58.9786   3318    	Dead: 0
100 3375.62   3.66347     59.0771   3315    	Dead: 0
