0   4140.87   2.97409     47.9602   3995    	Dead: 0
1   4038.74   2.37911     38.3655   3920    	Dead: 0
2   3970.19   2.09516     33.7866   3873    	Dead: 0
3   3913.47   1.82859     29.4879   3832    	Dead: 0
4   3872.04   1.72138     27.759    3786    	Dead: 0
5   3834.53   1.68925     27.2408   3730    	Dead: 0
6   3805.39   1.61374     26.0231   3729    	Dead: 0
7   3784.69   1.53535     24.7591   3719    	Dead: 0
8   3768.18   1.5452      24.9179   3701    	Dead: 0
9   3754.05   1.57297     25.3658   3687    	Dead: 0
10  3740.36   1.57821     25.4503   3678    	Dead: 0
11  3726.91   1.54956     24.9882   3669    	Dead: 0
12  3715.13   1.55108     25.0127   3657    	Dead: 0
13  3706.89   1.67249     26.9706   3644    	Dead: 0
14  3699.07   1.59904     25.7861   3644    	Dead: 0
15  3690.27   1.59827     25.7737   3632    	Dead: 0
16  3683.03   1.60358     25.8594   3618    	Dead: 0
17  3674.58   1.50951     24.3423   3618    	Dead: 0
18  3667.15   1.66302     26.8178   3601    	Dead: 0
19  3658.7    1.60288     25.848    3601    	Dead: 0
20  3650.89   1.52316     24.5624   3600    	Dead: 0
21  3643.32   1.53453     24.7459   3590    	Dead: 0
22  3633.13   1.46753     23.6653   3581    	Dead: 0
23  3624.32   1.44098     23.2372   3569    	Dead: 0
24  3618.69   1.44572     23.3137   3569    	Dead: 0
25  3612.7    1.44556     23.3112   3569    	Dead: 0
26  3609.05   1.48165     23.8931   3555    	Dead: 0
27  3606.99   1.55574     25.0878   3555    	Dead: 0
28  3602.64   1.53399     24.7371   3551    	Dead: 0
29  3599.63   1.53341     24.7278   3551    	Dead: 0
30  3597.02   1.58141     25.5018   3551    	Dead: 0
31  3593.94   1.55723     25.112    3551    	Dead: 0
32  3592.35   1.62168     26.1512   3549    	Dead: 0
33  3589.87   1.64648     26.5512   3539    	Dead: 0
34  3587.78   1.66745     26.8893   3539    	Dead: 0
35  3585.46   1.68996     27.2524   3539    	Dead: 0
36  3582.29   1.69721     27.3693   3539    	Dead: 0
37  3577.76   1.68451     27.1644   3535    	Dead: 0
38  3573.5    1.76337     28.4361   3521    	Dead: 0
39  3570.24   1.8233      29.4025   3516    	Dead: 0
40  3568.53   1.92495     31.0418   3513    	Dead: 0
41  3562.79   1.82838     29.4845   3513    	Dead: 0
42  3559.62   1.80976     29.1841   3513    	Dead: 0
43  3558.61   1.89437     30.5486   3513    	Dead: 0
44  3556.09   1.96214     31.6414   3503    	Dead: 0
45  3553.76   1.9346      31.1973   3503    	Dead: 0
46  3549      1.92917     31.1098   3502    	Dead: 0
47  3545.9    1.94004     31.2851   3495    	Dead: 0
48  3545.92   2.02836     32.7093   3495    	Dead: 0
49  3543.89   2.06876     33.3608   3495    	Dead: 0
50  3541.08   2.07885     33.5236   3484    	Dead: 0
51  3539.93   2.16755     34.9539   3484    	Dead: 0
52  3536.21   2.05082     33.0715   3482    	Dead: 0
53  3534.49   2.15167     34.6979   3482    	Dead: 0
54  3531.75   2.14207     34.543    3474    	Dead: 0
55  3528.82   2.18585     35.249    3474    	Dead: 0
56  3526.78   2.22171     35.8273   3474    	Dead: 0
57  3522.29   2.08709     33.6565   3474    	Dead: 0
58  3519.99   2.14454     34.5828   3462    	Dead: 0
59  3517.15   2.2528      36.3287   3462    	Dead: 0
60  3514.95   2.24113     36.1404   3462    	Dead: 0
61  3510.78   2.13005     34.3491   3462    	Dead: 0
62  3510.56   2.2382      36.0932   3452    	Dead: 0
63  3508.03   2.22202     35.8323   3452    	Dead: 0
64  3508.32   2.35645     38.0001   3452    	Dead: 0
65  3505.62   2.31479     37.3282   3452    	Dead: 0
66  3504.29   2.39228     38.5779   3450    	Dead: 0
67  3502.77   2.46388     39.7326   3450    	Dead: 0
68  3500.5    2.47585     39.9256   3449    	Dead: 0
69  3498.85   2.51235     40.5142   3449    	Dead: 0
70  3499.55   2.62214     42.2846   3444    	Dead: 0
71  3494.7    2.57644     41.5477   3436    	Dead: 0
72  3494.99   2.6584      42.8694   3436    	Dead: 0
73  3495.13   2.82409     45.5412   3436    	Dead: 0
74  3490.9    2.67121     43.0759   3435    	Dead: 0
75  3489.64   2.7211      43.8805   3435    	Dead: 0
76  3487.19   2.72881     44.0048   3435    	Dead: 0
77  3488.78   2.84808     45.9281   3435    	Dead: 0
78  3484.65   2.73944     44.1761   3431    	Dead: 0
79  3484.27   2.76062     44.5178   3431    	Dead: 0
80  3485      2.96555     47.8225   3431    	Dead: 0
81  3485.03   2.96778     47.8584   3431    	Dead: 0
82  3478.85   2.85036     45.9649   3427    	Dead: 0
83  3480.3    2.87966     46.4374   3426    	Dead: 0
84  3475.43   2.83474     45.713    3426    	Dead: 0
85  3478.44   2.97289     47.9409   3426    	Dead: 0
86  3477.75   3.03645     48.9657   3422    	Dead: 0
87  3477.12   3.04496     49.103    3415    	Dead: 0
88  3475.7    3.08881     49.8102   3414    	Dead: 0
89  3474.09   3.06052     49.354    3414    	Dead: 0
90  3470.66   2.95553     47.6609   3411    	Dead: 0
91  3471.84   3.08832     49.8023   3411    	Dead: 0
92  3470.2    3.11775     50.2768   3409    	Dead: 0
93  3469.03   3.13221     50.51     3408    	Dead: 0
94  3464.79   2.98771     48.1798   3408    	Dead: 0
95  3463.86   3.0582      49.3165   3408    	Dead: 0
96  3461.98   2.95553     47.6609   3407    	Dead: 0
97  3461.39   3.08722     49.7844   3404    	Dead: 0
98  3459.29   3.12812     50.444    3404    	Dead: 0
99  3454.71   2.99052     48.2252   3404    	Dead: 0
100 3458.24   3.21009     51.766    3404    	Dead: 0
