0   4206.81   2.90961     46.9203   4066    	Dead: 0
1   4035.24   2.13504     34.4296   3919    	Dead: 0
2   3942.34   1.83917     29.6585   3835    	Dead: 0
3   3874.73   1.39959     22.5698   3793    	Dead: 0
4   3840.74   1.5477      24.9582   3771    	Dead: 0
5   3815.57   1.4933      24.081    3750    	Dead: 0
6   3797.64   1.38023     22.2577   3731    	Dead: 0
7   3779.21   1.38688     22.3649   3730    	Dead: 0
8   3756.73   1.30892     21.1076   3706    	Dead: 0
9   3741.2    1.31319     21.1765   3697    	Dead: 0
10  3729.82   1.34825     21.7418   3669    	Dead: 0
11  3715.42   1.33992     21.6076   3660    	Dead: 0
12  3705.64   1.37918     22.2406   3660    	Dead: 0
13  3696.51   1.43638     23.163    3651    	Dead: 0
14  3688.97   1.45963     23.538    3645    	Dead: 0
15  3682.87   1.40839     22.7116   3638    	Dead: 0
16  3680.07   1.51736     24.469    3628    	Dead: 0
17  3675.47   1.44962     23.3766   3628    	Dead: 0
18  3670.57   1.41253     22.7784   3628    	Dead: 0
19  3668.53   1.56467     25.2319   3621    	Dead: 0
20  3663.27   1.54223     24.87     3610    	Dead: 0
21  3659.14   1.58625     25.5799   3610    	Dead: 0
22  3654.3    1.66656     26.8749   3607    	Dead: 0
23  3647.67   1.66466     26.8443   3594    	Dead: 0
24  3644.47   1.84531     29.7575   3593    	Dead: 0
25  3639.6    1.83777     29.6359   3588    	Dead: 0
26  3636.59   1.89002     30.4785   3578    	Dead: 0
27  3632.61   1.91878     30.9422   3577    	Dead: 0
28  3629.37   1.95577     31.5388   3564    	Dead: 0
29  3628.36   2.06005     33.2204   3564    	Dead: 0
30  3622.53   1.98734     32.0479   3564    	Dead: 0
31  3619.16   2.03298     32.7839   3545    	Dead: 0
32  3615.89   2.13819     34.4805   3545    	Dead: 0
33  3614.45   2.25774     36.4083   3545    	Dead: 0
34  3611.19   2.31314     37.3016   3545    	Dead: 0
35  3608.17   2.24768     36.246    3544    	Dead: 0
36  3603.41   2.17763     35.1165   3544    	Dead: 0
37  3601.62   2.28464     36.8422   3542    	Dead: 0
38  3598.02   2.29866     37.0681   3542    	Dead: 0
39  3597.73   2.32588     37.5071   3532    	Dead: 0
40  3594.74   2.34191     37.7656   3525    	Dead: 0
41  3594.69   2.43278     39.231    3525    	Dead: 0
42  3593.18   2.4777      39.9554   3522    	Dead: 0
43  3590.26   2.46606     39.7676   3522    	Dead: 0
44  3587.82   2.54939     41.1114   3521    	Dead: 0
45  3586.7    2.59947     41.919    3520    	Dead: 0
46  3587.04   2.64303     42.6215   3520    	Dead: 0
47  3583.27   2.61842     42.2247   3518    	Dead: 0
48  3583.95   2.77624     44.7697   3515    	Dead: 0
49  3581.55   2.77771     44.7934   3515    	Dead: 0
50  3580.17   2.79535     45.0778   3513    	Dead: 0
51  3578.44   2.86819     46.2524   3513    	Dead: 0
52  3577.15   2.83699     45.7493   3511    	Dead: 0
53  3576.66   2.91877     47.0681   3508    	Dead: 0
54  3575.4    2.97588     47.9891   3508    	Dead: 0
55  3574      2.98563     48.1463   3505    	Dead: 0
56  3574.09   3.05476     49.261    3503    	Dead: 0
57  3572.83   3.08538     49.7549   3503    	Dead: 0
58  3569.59   2.90546     46.8534   3503    	Dead: 0
59  3570.06   3.01672     48.6476   3503    	Dead: 0
60  3567.73   2.98842     48.1912   3500    	Dead: 0
61  3566.96   3.01404     48.6045   3500    	Dead: 0
62  3569.58   3.1546      50.8711   3500    	Dead: 0
63  3566.13   3.15551     50.8857   3500    	Dead: 0
64  3565.75   3.19453     51.5149   3497    	Dead: 0
65  3564.67   3.13837     50.6093   3497    	Dead: 0
66  3565.25   3.17166     51.1462   3493    	Dead: 0
67  3563.17   3.21965     51.9201   3493    	Dead: 0
68  3561.57   3.25539     52.4964   3493    	Dead: 0
69  3561.32   3.26675     52.6797   3493    	Dead: 0
70  3560.25   3.28398     52.9574   3493    	Dead: 0
71  3558.38   3.28371     52.9531   3491    	Dead: 0
72  3559.18   3.3388      53.8415   3487    	Dead: 0
73  3556.89   3.27438     52.8027   3479    	Dead: 0
74  3557.4    3.34458     53.9348   3479    	Dead: 0
75  3552.97   3.41283     55.0353   3479    	Dead: 0
76  3554.78   3.48766     56.2421   3479    	Dead: 0
77  3549.85   3.31035     53.3827   3479    	Dead: 0
78  3548.53   3.29645     53.1585   3479    	Dead: 0
79  3550.03   3.41944     55.142    3479    	Dead: 0
80  3549      3.36329     54.2364   3479    	Dead: 0
81  3546.15   3.47595     56.0532   3475    	Dead: 0
82  3546.72   3.52352     56.8203   3475    	Dead: 0
83  3545.6    3.51465     56.6773   3472    	Dead: 0
84  3543.88   3.48967     56.2745   3471    	Dead: 0
85  3541.34   3.45407     55.7003   3470    	Dead: 0
86  3543.68   3.61866     58.3545   3470    	Dead: 0
87  3539.05   3.48564     56.2095   3470    	Dead: 0
88  3539.76   3.52492     56.8429   3470    	Dead: 0
89  3537.34   3.52187     56.7937   3467    	Dead: 0
90  3537.73   3.69584     59.5992   3467    	Dead: 0
91  3535.33   3.61552     58.3039   3467    	Dead: 0
92  3534.95   3.61008     58.2162   3467    	Dead: 0
93  3536.69   3.643       58.747    3464    	Dead: 0
94  3532.69   3.62795     58.5043   3464    	Dead: 0
95  3534.73   3.67992     59.3423   3464    	Dead: 0
96  3532.34   3.62438     58.4468   3462    	Dead: 0
97  3528.2    3.47929     56.1071   3458    	Dead: 0
98  3528.7    3.61327     58.2677   3457    	Dead: 0
99  3528.69   3.65161     58.8859   3455    	Dead: 0
100 3527.99   3.71503     59.9085   3454    	Dead: 0
