0   30.7672   0.281466    4.53892   53.6    
1   44.5152   0.44519     7.17913   70.2    
2   50.0894   0.560383    9.03674   75.2    
3   51.6126   0.655838    10.5761   75.2    
4   52.5944   0.676531    10.9097   81      
5   52.928    0.738899    11.9155   81      
6   52.9872   0.752071    12.1279   81      
7   53.9424   0.752708    12.1382   82.6    
8   54.2924   0.777559    12.5389   82.6    
9   54.2556   0.810989    13.078    82.6    
10  55.0226   0.804573    12.9746   82.6    
11  54.8038   0.844043    13.611    82.6    
12  55.333    0.817875    13.1891   85.6    
13  55.3134   0.849507    13.6992   85.6    
14  55.2528   0.841473    13.5696   85.6    
15  55.2814   0.86018     13.8713   85.6    
16  55.7908   0.851068    13.7243   85.6    
17  55.934    0.85925     13.8563   90.6    
18  55.5554   0.88301     14.2394   92.8    
19  56.1212   0.848158    13.6774   92.8    
20  56.2184   0.878261    14.1628   92.8    
21  56.7618   0.857248    13.824    92.8    
22  56.4658   0.874325    14.0994   92.8    
23  56.198    0.889485    14.3438   92.8    
24  56.2876   0.891994    14.3843   92.8    
25  56.713    0.913037    14.7236   92.8    
26  56.7422   0.893169    14.4032   92.8    
27  56.5588   0.938558    15.1352   92.8    
28  56.9578   0.924689    14.9115   92.8    
29  57.2424   0.905725    14.6057   92.8    
30  56.8294   0.936984    15.1098   92.8    
31  56.8014   0.919936    14.8349   92.8    
32  57.1376   0.912833    14.7203   92.8    
33  57.4424   0.917036    14.7881   92.8    
34  57.0272   0.940715    15.17     92.8    
35  57.069    0.931322    15.0185   92.8    
36  57.6234   0.923328    14.8896   92.8    
37  57.4952   0.932317    15.0345   92.8    
38  57.8478   0.926936    14.9478   92.8    
39  57.6418   0.921237    14.8559   92.8    
40  58.1824   0.897204    14.4683   92.8    
41  57.9308   0.920028    14.8364   92.8    
42  57.7752   0.941093    15.1761   92.8    
43  57.4604   0.956227    15.4201   92.8    
44  57.6852   0.964546    15.5543   92.8    
45  57.9236   0.94587     15.2531   92.8    
46  58.0274   0.926474    14.9403   92.8    
47  57.9142   0.950389    15.326    92.8    
48  58.2612   0.956819    15.4297   92.8    
49  58.3546   0.955948    15.4156   92.8    
50  57.8666   0.952225    15.3556   92.8    
51  58.2346   0.969061    15.6271   92.8    
52  58.2998   0.967644    15.6042   92.8    
53  58.2242   0.956481    15.4242   92.8    
54  58.3492   0.96647     15.5853   92.8    
55  58.581    0.964977    15.5612   92.8    
56  57.9738   0.970843    15.6558   92.8    
57  58.7834   0.955139    15.4026   92.8    
58  58.5006   0.950305    15.3246   92.8    
59  58.1662   0.996408    16.0681   92.8    
60  58.794    0.961854    15.5109   92.8    
61  58.7986   0.981525    15.8281   92.8    
62  59.0062   0.978671    15.7821   92.8    
63  58.638    0.986374    15.9063   92.8    
64  59.186    0.972315    15.6795   92.8    
65  59.047    0.970578    15.6515   92.8    
66  59.1698   0.945925    15.254    92.8    
67  59.459    0.968633    15.6202   92.8    
68  59.3882   0.961412    15.5037   92.8    
69  58.4196   1.01213     16.3217   92.8    
70  59.6544   0.959222    15.4684   92.8    
71  58.9948   0.999899    16.1244   92.8    
72  59.638    0.972565    15.6836   92.8    
73  59.4338   0.998573    16.103    92.8    
74  60.1062   0.971293    15.6631   92.8    
75  59.5994   0.998602    16.1035   92.8    
76  60.2296   0.962875    15.5273   92.8    
77  59.8244   0.998977    16.1095   92.8    
78  60.1114   0.973628    15.7007   92.8    
79  59.9312   0.977885    15.7694   92.8    
80  60.4118   0.96105     15.4979   92.8    
81  59.5762   1.01544     16.375    92.8    
82  59.9638   0.989146    15.951    92.8    
83  59.6724   1.00193     16.1572   96      
84  60.1654   0.979163    15.79     96      
85  59.9234   1.00814     16.2572   96      
86  60.2042   0.979483    15.7951   96      
87  60.2214   1.01418     16.3547   96      
88  59.9302   0.996716    16.073    96      
89  60.16     0.9971      16.0792   96      
90  59.8078   1.01827     16.4207   96      
91  59.9024   1.03282     16.6553   96      
92  60.3286   0.995028    16.0458   96      
93  60.04     1.01902     16.4327   96      
94  60.0186   1.02787     16.5755   96      
95  60.4442   1.01194     16.3185   96      
96  60.2032   1.01868     16.4272   96      
97  60.6728   1.00214     16.1605   96      
98  60.3536   1.0017      16.1534   96      
99  60.248    1.01672     16.3956   96      
100 60.1138   1.0326      16.6516   96      
