0   24.5854   0.209214    3.37378   39.8    
1   47.5344   0.437202    7.05031   97.8    
2   90.5302   0.848119    13.6768   152.8   
3   126.223   1.13416     18.2894   181     
4   140.07    1.39119     22.4343   204.8   
5   146.693   1.47574     23.7978   204.8   
6   150.079   1.55973     25.1522   206     
7   151.368   1.61348     26.019    206     
8   152.34    1.67508     27.0124   210     
9   153.589   1.70958     27.5687   210     
10  153.312   1.76179     28.4106   210     
11  154.401   1.73365     27.9568   210     
12  154.531   1.78824     28.8371   210     
13  155.767   1.74937     28.2104   215.2   
14  155.717   1.81113     29.2063   215.2   
15  155.201   1.78239     28.7429   215.2   
16  156.135   1.77814     28.6743   215.2   
17  155.469   1.85211     29.8671   215.2   
18  155.778   1.84175     29.7001   215.2   
19  156.8     1.85857     29.9713   215.2   
20  156.504   1.84632     29.7737   215.2   
21  156.246   1.86492     30.0737   215.2   
22  156.328   1.8764      30.2588   215.2   
23  156.756   1.90235     30.6773   215.2   
24  157.605   1.88712     30.4317   215.2   
25  158.232   1.84857     29.8101   215.2   
26  156.254   1.94953     31.4381   215.2   
27  157.386   1.88989     30.4764   215.2   
28  157.446   1.9126      30.8426   215.2   
29  158.088   1.8846      30.3911   215.2   
30  158.667   1.89175     30.5063   215.2   
31  157.415   1.9225      31.0023   215.2   
32  157.567   1.97344     31.8237   215.2   
33  157.993   1.94821     31.4169   215.2   
34  157.61    1.97943     31.9204   223.4   
35  158.492   1.95981     31.6039   223.4   
36  158.024   1.96072     31.6186   223.4   
37  158.218   1.86737     30.1132   223.4   
38  157.844   1.95197     31.4774   223.4   
39  158.793   1.93442     31.1945   223.4   
40  159.106   1.93408     31.189    223.4   
41  159.972   1.91883     30.9431   224.8   
42  157.884   2.01011     32.4151   224.8   
43  158.878   1.96085     31.6207   224.8   
44  159.449   1.93561     31.2137   224.8   
45  158.802   1.94176     31.3129   224.8   
46  158.474   1.96478     31.684    224.8   
47  160.41    1.88611     30.4154   224.8   
48  157.959   2.01813     32.5444   224.8   
49  159.528   1.98331     31.9828   224.8   
50  159.121   1.96627     31.7081   224.8   
51  158.656   2.00964     32.4074   224.8   
52  159.364   1.98465     32.0044   224.8   
53  158.684   1.96035     31.6126   224.8   
54  158.512   1.94517     31.3677   224.8   
55  159.52    1.91925     30.9498   224.8   
56  157.493   2.02277     32.6191   224.8   
57  158.744   1.98763     32.0525   224.8   
58  159.405   1.96        31.6069   224.8   
59  159.189   1.91374     30.861    224.8   
60  159.672   1.97219     31.8036   224.8   
61  159.411   1.96529     31.6922   224.8   
62  159.081   2.00434     32.322    224.8   
63  159.231   1.98422     31.9975   224.8   
64  158.979   1.97108     31.7856   224.8   
65  158.798   2.01042     32.42     224.8   
66  159.566   1.97329     31.8213   224.8   
67  160.16    1.93473     31.1995   224.8   
68  160.44    1.95468     31.5211   224.8   
69  161.237   1.9006      30.6491   224.8   
70  160.313   1.95481     31.5232   224.8   
71  159.718   2.00268     32.2953   224.8   
72  160.025   2.01593     32.5088   224.8   
73  159.108   2.06109     33.2372   224.8   
74  158.69    2.01679     32.5228   224.8   
75  159.873   1.93943     31.2753   224.8   
76  160.155   1.93646     31.2273   224.8   
77  160.26    1.96066     31.6175   224.8   
78  158.928   1.92868     31.102    224.8   
79  158.75    2.01457     32.4869   224.8   
80  159.09    1.97589     31.8632   224.8   
81  160.938   1.92657     31.0679   224.8   
82  159.736   1.99454     32.1639   224.8   
83  160.465   1.96523     31.6913   224.8   
84  159.855   1.96862     31.746    224.8   
85  159.621   2.00309     32.3019   224.8   
86  159.745   1.98068     31.9404   224.8   
87  159.668   2.02079     32.5873   224.8   
88  160.299   1.95269     31.4891   224.8   
89  159.683   2.00569     32.3437   224.8   
90  158.368   2.0347      32.8115   224.8   
91  159.411   2.0106      32.4229   224.8   
92  159.12    2.0639      33.2825   224.8   
93  160.1     2.05097     33.074    224.8   
94  159.507   2.02863     32.7136   224.8   
95  160.249   2.0054      32.3391   224.8   
96  159.791   2.03832     32.87     224.8   
97  159.508   2.05738     33.1774   224.8   
98  159.723   2.01872     32.5538   224.8   
99  160.37    2.00074     32.264    224.8   
100 160.262   2.01019     32.4163   224.8   
