0   30.6996   0.288229    4.64798   51      
1   43.5898   0.40912     6.59746   64.2    
2   47.9618   0.510322    8.22945   77.6    
3   49.88     0.611744    9.86499   77.6    
4   51.731    0.623355    10.0522   77.6    
5   52.1712   0.684493    11.0381   79.8    
6   52.7616   0.701954    11.3197   79.8    
7   53.3538   0.725923    11.7062   80.2    
8   53.7238   0.738507    11.9092   81.2    
9   53.5656   0.780544    12.5871   81.2    
10  54.7024   0.763059    12.3051   81.2    
11  54.275    0.813855    13.1242   81.2    
12  54.224    0.814121    13.1285   83.4    
13  54.3702   0.803058    12.9501   83.4    
14  54.5154   0.809997    13.062    83.4    
15  54.971    0.818983    13.2069   83.4    
16  54.7832   0.853632    13.7657   83.4    
17  55.247    0.823446    13.2789   83.4    
18  55.3844   0.856231    13.8076   83.4    
19  55.4616   0.867407    13.9878   83.4    
20  56.0106   0.84174     13.5739   83.4    
21  56.115    0.848057    13.6758   83.4    
22  55.6034   0.856589    13.8134   83.4    
23  55.4596   0.881236    14.2108   83.4    
24  55.702    0.871066    14.0468   83.4    
25  55.5434   0.882815    14.2363   83.4    
26  55.7638   0.885904    14.2861   83.4    
27  55.9382   0.865527    13.9575   83.4    
28  56.3208   0.852228    13.743    83.4    
29  55.9634   0.88635     14.2933   83.4    
30  56.7114   0.858196    13.8393   83.4    
31  55.756    0.893003    14.4006   83.4    
32  56.277    0.880101    14.1925   83.4    
33  56.3276   0.908797    14.6553   83.4    
34  56.534    0.876922    14.1412   83.4    
35  56.5372   0.873423    14.0848   83.4    
36  56.1518   0.897327    14.4703   83.4    
37  57.0054   0.879182    14.1777   83.6    
38  56.5474   0.916273    14.7758   85      
39  56.5382   0.914041    14.7398   85      
40  57.135    0.908052    14.6432   85      
41  56.8706   0.914105    14.7409   85      
42  57.4224   0.893207    14.4039   88      
43  57.1334   0.919972    14.8355   88      
44  57.1394   0.891472    14.3759   88      
45  56.9022   0.922083    14.8695   88      
46  57.5062   0.916595    14.781    88      
47  57.5292   0.914148    14.7416   88      
48  56.8962   0.944836    15.2364   88      
49  57.0304   0.936006    15.094    88      
50  57.3914   0.939734    15.1542   101.4   
51  57.064    0.9484      15.2939   101.4   
52  57.4948   0.934953    15.0771   101.4   
53  57.9872   0.931236    15.0171   101.4   
54  57.799    0.921631    14.8622   101.4   
55  58.015    0.921163    14.8547   101.4   
56  57.6828   0.955746    15.4124   101.4   
57  57.9092   0.94858     15.2968   101.4   
58  57.354    0.960862    15.4949   101.4   
59  58.0162   0.95059     15.3292   101.4   
60  58.2312   0.954293    15.3889   101.4   
61  58.508    0.958973    15.4644   101.4   
62  58.5296   0.943685    15.2179   101.4   
63  58.1158   0.968545    15.6188   101.4   
64  58.0508   0.979766    15.7997   101.4   
65  58.1182   0.958362    15.4545   101.4   
66  58.149    0.947097    15.2729   101.4   
67  57.977    0.970955    15.6576   101.4   
68  58.9012   0.92606     14.9337   101.4   
69  57.8458   0.975248    15.7268   101.4   
70  58.7402   0.945507    15.2472   101.4   
71  58.745    0.957971    15.4482   101.4   
72  58.7026   0.950035    15.3203   101.4   
73  58.4478   0.969451    15.6334   101.4   
74  58.8836   0.974641    15.7171   101.4   
75  58.9304   0.942704    15.202    101.4   
76  58.7596   0.955861    15.4142   101.4   
77  59.1194   0.949211    15.307    101.4   
78  59.3522   0.962413    15.5199   101.4   
79  59.3864   0.956428    15.4234   101.4   
80  59.5726   0.939698    15.1536   101.4   
81  59.3564   0.952804    15.3649   101.4   
82  59.3068   0.961023    15.4975   101.4   
83  59.3406   0.969792    15.6389   101.4   
84  58.8596   0.981265    15.8239   101.4   
85  58.8848   0.977783    15.7677   101.4   
86  59.257    0.954684    15.3952   101.4   
87  59.2578   0.971921    15.6732   101.4   
88  58.8674   0.986701    15.9115   101.4   
89  58.5464   0.998176    16.0966   101.4   
90  59.3398   0.962024    15.5136   101.4   
91  59.8046   0.941175    15.1774   101.4   
92  59.6662   0.957759    15.4448   101.4   
93  60.3276   0.940631    15.1686   101.4   
94  59.3214   0.966565    15.5868   101.4   
95  59.8164   0.945115    15.2409   101.4   
96  59.2186   0.987526    15.9248   101.4   
97  59.4912   0.959661    15.4755   101.4   
98  59.8632   0.953713    15.3796   101.4   
99  60.3494   0.950575    15.329    101.4   
100 59.988    0.964804    15.5584   101.4   
