0   4144.7    2.93303     47.298    3973    	Dead: 0
1   4045.56   2.26322     36.4966   3933    	Dead: 0
2   3991.41   2.02352     32.6313   3896    	Dead: 0
3   3953.84   1.82543     29.4368   3837    	Dead: 0
4   3922.94   1.84004     29.6724   3837    	Dead: 0
5   3893.28   1.74864     28.1986   3792    	Dead: 0
6   3869.71   1.72365     27.7956   3792    	Dead: 0
7   3848.45   1.79415     28.9324   3771    	Dead: 0
8   3828.43   1.73705     28.0117   3752    	Dead: 0
9   3813.94   1.7626      28.4236   3745    	Dead: 0
10  3799.28   1.66214     26.8037   3712    	Dead: 0
11  3787.82   1.69848     27.3897   3712    	Dead: 0
12  3778.66   1.73949     28.051    3712    	Dead: 0
13  3770.06   1.72798     27.8654   3692    	Dead: 0
14  3762.24   1.75619     28.3204   3692    	Dead: 0
15  3753.61   1.80997     29.1876   3692    	Dead: 0
16  3743.93   1.67346     26.9862   3668    	Dead: 0
17  3737.89   1.72592     27.8322   3668    	Dead: 0
18  3731.91   1.75428     28.2895   3668    	Dead: 0
19  3725.21   1.75061     28.2304   3662    	Dead: 0
20  3718.09   1.78001     28.7044   3657    	Dead: 0
21  3710.03   1.79167     28.8924   3645    	Dead: 0
22  3697.15   1.61683     26.0731   3630    	Dead: 0
23  3681.9    1.63365     26.3442   3597    	Dead: 0
24  3665.17   1.54815     24.9655   3597    	Dead: 0
25  3652.79   1.55116     25.014    3585    	Dead: 0
26  3641.44   1.52964     24.6669   3579    	Dead: 0
27  3633.45   1.57884     25.4603   3574    	Dead: 0
28  3625.11   1.71026     27.5797   3558    	Dead: 0
29  3614.15   1.66012     26.7711   3558    	Dead: 0
30  3605.92   1.72589     27.8317   3550    	Dead: 0
31  3601.05   1.72092     27.7515   3547    	Dead: 0
32  3594.92   1.7524      28.2592   3541    	Dead: 0
33  3590.65   1.83395     29.5743   3535    	Dead: 0
34  3583.89   1.81036     29.1939   3529    	Dead: 0
35  3577      1.75624     28.3212   3529    	Dead: 0
36  3570.43   1.73322     27.9499   3521    	Dead: 0
37  3565.71   1.73369     27.9575   3513    	Dead: 0
38  3559.54   1.6644      26.8401   3512    	Dead: 0
39  3554.18   1.809       29.1719   3503    	Dead: 0
40  3548.8    1.78599     28.8009   3500    	Dead: 0
41  3543.15   1.73389     27.9607   3494    	Dead: 0
42  3540.24   1.74359     28.1171   3493    	Dead: 0
43  3537.43   1.92361     31.0201   3482    	Dead: 0
44  3530.41   1.65905     26.7538   3482    	Dead: 0
45  3526.5    1.82295     29.3969   3462    	Dead: 0
46  3522.01   1.7883      28.8382   3462    	Dead: 0
47  3517.01   1.74417     28.1264   3462    	Dead: 0
48  3514.37   1.88726     30.4339   3462    	Dead: 0
49  3511.02   1.85893     29.9771   3462    	Dead: 0
50  3507.98   1.95876     31.5869   3458    	Dead: 0
51  3503.66   1.84644     29.7757   3458    	Dead: 0
52  3499.8    1.8813      30.3378   3453    	Dead: 0
53  3499.01   2.10993     34.0247   3453    	Dead: 0
54  3496.15   2.12401     34.2517   3448    	Dead: 0
55  3491.73   2.05754     33.1799   3441    	Dead: 0
56  3488.69   2.06306     33.2688   3440    	Dead: 0
57  3485.03   2.07909     33.5274   3438    	Dead: 0
58  3482.56   2.07523     33.4651   3438    	Dead: 0
59  3480.23   2.13887     34.4914   3436    	Dead: 0
60  3477.41   2.14297     34.5575   3425    	Dead: 0
61  3474.72   2.15909     34.8174   3425    	Dead: 0
62  3472.93   2.25335     36.3374   3425    	Dead: 0
63  3472.35   2.44433     39.4172   3425    	Dead: 0
64  3467.37   2.28548     36.8556   3421    	Dead: 0
65  3466.5    2.30764     37.2131   3421    	Dead: 0
66  3465.35   2.42064     39.0352   3421    	Dead: 0
67  3464.07   2.43673     39.2948   3419    	Dead: 0
68  3461.77   2.38398     38.4441   3416    	Dead: 0
69  3460.55   2.44239     39.3861   3416    	Dead: 0
70  3458.61   2.34282     37.7803   3416    	Dead: 0
71  3457.12   2.36071     38.0688   3413    	Dead: 0
72  3456.35   2.40154     38.7272   3410    	Dead: 0
73  3456.19   2.53788     40.9258   3403    	Dead: 0
74  3452.76   2.37123     38.2385   3403    	Dead: 0
75  3453.32   2.60262     41.9698   3402    	Dead: 0
76  3449.11   2.36406     38.1229   3402    	Dead: 0
77  3451.93   2.62724     42.3669   3402    	Dead: 0
78  3448.62   2.58672     41.7134   3402    	Dead: 0
79  3447.06   2.50262     40.3572   3402    	Dead: 0
80  3444.28   2.46993     39.8301   3397    	Dead: 0
81  3444.88   2.58788     41.7322   3393    	Dead: 0
82  3441.66   2.60594     42.0234   3392    	Dead: 0
83  3440.66   2.63457     42.4851   3389    	Dead: 0
84  3438.25   2.64698     42.6851   3389    	Dead: 0
85  3435.74   2.56855     41.4204   3388    	Dead: 0
86  3436.05   2.58561     41.6956   3388    	Dead: 0
87  3432.2    2.59132     41.7876   3387    	Dead: 0
88  3432.15   2.71196     43.7331   3385    	Dead: 0
89  3429.83   2.5665      41.3874   3384    	Dead: 0
90  3428.61   2.62487     42.3287   3383    	Dead: 0
91  3427.5    2.6544      42.8049   3375    	Dead: 0
92  3427.65   2.84624     45.8985   3375    	Dead: 0
93  3424.79   2.81975     45.4712   3372    	Dead: 0
94  3422.5    2.66481     42.9727   3369    	Dead: 0
95  3420.62   2.78921     44.9787   3361    	Dead: 0
96  3418.35   2.72164     43.8891   3361    	Dead: 0
97  3416.91   2.76041     44.5144   3361    	Dead: 0
98  3414.47   2.69441     43.45     3361    	Dead: 0
99  3412.24   2.71994     43.8617   3359    	Dead: 0
100 3410.53   2.77458     44.7429   3359    	Dead: 0
