0   4143.23   2.87029     46.2863   3972    	Dead: 0
1   4049.56   2.2024      35.516    3941    	Dead: 0
2   3997.39   2.01791     32.5408   3907    	Dead: 0
3   3953.51   1.97865     31.9076   3868    	Dead: 0
4   3909.83   1.94714     31.3995   3816    	Dead: 0
5   3878.84   2.04502     32.9781   3770    	Dead: 0
6   3850.59   1.92583     31.056    3746    	Dead: 0
7   3824.85   1.87993     30.3158   3746    	Dead: 0
8   3798.49   1.81309     29.2379   3719    	Dead: 0
9   3771.9    1.83723     29.6272   3681    	Dead: 0
10  3741.92   1.55792     25.1231   3678    	Dead: 0
11  3722.47   1.61299     26.011    3667    	Dead: 0
12  3710.17   1.66993     26.9293   3652    	Dead: 0
13  3700.17   1.72303     27.7856   3631    	Dead: 0
14  3685.62   1.68278     27.1365   3612    	Dead: 0
15  3672.46   1.71071     27.587    3607    	Dead: 0
16  3661.05   1.6603      26.774    3596    	Dead: 0
17  3652.87   1.71492     27.6548   3596    	Dead: 0
18  3645.88   1.83866     29.6503   3589    	Dead: 0
19  3637.14   1.6556      26.6981   3577    	Dead: 0
20  3630.37   1.70167     27.4412   3570    	Dead: 0
21  3625.19   1.81139     29.2105   3565    	Dead: 0
22  3616.1    1.68163     27.118    3563    	Dead: 0
23  3610.34   1.68895     27.2361   3551    	Dead: 0
24  3601.97   1.64519     26.5304   3542    	Dead: 0
25  3596.28   1.76205     28.4148   3535    	Dead: 0
26  3588.55   1.77728     28.6604   3531    	Dead: 0
27  3579.16   1.66224     26.8053   3525    	Dead: 0
28  3570.9    1.7038      27.4754   3508    	Dead: 0
29  3562.01   1.66244     26.8085   3492    	Dead: 0
30  3554.66   1.61085     25.9765   3492    	Dead: 0
31  3549.33   1.65509     26.6901   3492    	Dead: 0
32  3543.3    1.6205      26.1322   3492    	Dead: 0
33  3537.72   1.67692     27.042    3486    	Dead: 0
34  3534.44   1.74105     28.0762   3480    	Dead: 0
35  3531.74   1.75151     28.2448   3472    	Dead: 0
36  3527.77   1.7676      28.5044   3472    	Dead: 0
37  3524.41   1.76148     28.4056   3472    	Dead: 0
38  3521.21   1.76447     28.4538   3465    	Dead: 0
39  3519.03   1.76601     28.4787   3465    	Dead: 0
40  3516.1    1.79315     28.9163   3465    	Dead: 0
41  3515.76   1.86551     30.0832   3463    	Dead: 0
42  3512.41   1.8196      29.3429   3463    	Dead: 0
43  3510.2    1.85029     29.8378   3460    	Dead: 0
44  3508.76   1.85241     29.872    3460    	Dead: 0
45  3507.07   1.85374     29.8935   3458    	Dead: 0
46  3504.41   1.87455     30.2289   3450    	Dead: 0
47  3502.36   1.88668     30.4246   3449    	Dead: 0
48  3500.21   1.86485     30.0726   3449    	Dead: 0
49  3497.63   1.8753      30.2411   3440    	Dead: 0
50  3495.91   1.88237     30.3551   3438    	Dead: 0
51  3492.39   1.76661     28.4883   3438    	Dead: 0
52  3493      1.93811     31.2539   3438    	Dead: 0
53  3490.53   1.91517     30.884    3435    	Dead: 0
54  3488.91   2.02902     32.72     3424    	Dead: 0
55  3487.25   1.95186     31.4757   3424    	Dead: 0
56  3484.43   1.86108     30.0117   3424    	Dead: 0
57  3480.24   1.83221     29.5462   3422    	Dead: 0
58  3477.13   1.80716     29.1423   3422    	Dead: 0
59  3475.52   1.84131     29.6929   3422    	Dead: 0
60  3473.37   1.9282      31.0942   3422    	Dead: 0
61  3471.64   1.97636     31.8708   3420    	Dead: 0
62  3467.99   1.92616     31.0613   3415    	Dead: 0
63  3463.56   1.86532     30.0801   3411    	Dead: 0
64  3461.73   1.93947     31.2759   3411    	Dead: 0
65  3459.86   1.97537     31.8549   3411    	Dead: 0
66  3454.61   1.84544     29.7596   3406    	Dead: 0
67  3451.75   1.94594     31.3802   3399    	Dead: 0
68  3446.3    1.81622     29.2883   3389    	Dead: 0
69  3443.88   2.07821     33.5132   3389    	Dead: 0
70  3440.77   1.94942     31.4363   3387    	Dead: 0
71  3438.3    2.03447     32.8079   3387    	Dead: 0
72  3434.15   1.98987     32.0887   3387    	Dead: 0
73  3431.54   1.84706     29.7857   3387    	Dead: 0
74  3431.03   2.02712     32.6894   3386    	Dead: 0
75  3430.66   2.16195     34.8636   3383    	Dead: 0
76  3426.39   1.94453     31.3574   3383    	Dead: 0
77  3425.03   2.01218     32.4484   3377    	Dead: 0
78  3422.94   2.04623     32.9976   3376    	Dead: 0
79  3422.04   2.08135     33.5638   3376    	Dead: 0
80  3420.78   2.01743     32.5331   3376    	Dead: 0
81  3420.18   2.07434     33.4509   3375    	Dead: 0
82  3418.38   2.02345     32.6301   3375    	Dead: 0
83  3417.89   2.00432     32.3216   3373    	Dead: 0
84  3417.85   2.12659     34.2934   3365    	Dead: 0
85  3416.52   2.07551     33.4697   3365    	Dead: 0
86  3414.59   2.03152     32.7603   3365    	Dead: 0
87  3414.78   2.16004     34.8328   3365    	Dead: 0
88  3413.22   2.11574     34.1184   3365    	Dead: 0
89  3410.97   2.05214     33.0929   3365    	Dead: 0
90  3409.13   2.02671     32.6827   3356    	Dead: 0
91  3409.4    2.11155     34.0509   3356    	Dead: 0
92  3409      2.16518     34.9158   3356    	Dead: 0
93  3407.6    2.15653     34.7762   3352    	Dead: 0
94  3406.29   2.14147     34.5334   3352    	Dead: 0
95  3404.22   2.20192     35.5081   3352    	Dead: 0
96  3403.36   2.20561     35.5676   3352    	Dead: 0
97  3400.32   2.14304     34.5587   3345    	Dead: 0
98  3397.64   2.14631     34.6114   3345    	Dead: 0
99  3395.39   2.10287     33.911    3345    	Dead: 0
100 3392.54   2.10001     33.8647   3342    	Dead: 0
