0   10.8253   0.201563    3.2504    3.66434 	Dead: 0
1   8.72374   0.173407    2.79636   3.56771 	Dead: 0
2   7.21927   0.140489    2.26553   3.56771 	Dead: 0
3   6.37444   0.117823    1.90001   3.3363  	Dead: 0
4   5.90311   0.110467    1.78139   3.16331 	Dead: 0
5   5.64405   0.105956    1.70865   3.16331 	Dead: 0
6   5.44824   0.100397    1.619     3.09797 	Dead: 0
7   5.3381    0.0948308   1.52924   3.09797 	Dead: 0
8   5.30207   0.0997872   1.60917   3.05795 	Dead: 0
9   5.21177   0.0907449   1.46335   2.95712 	Dead: 0
10  5.22212   0.0975534   1.57315   2.95712 	Dead: 0
11  5.15981   0.0955551   1.54092   2.95712 	Dead: 0
12  5.10878   0.0943238   1.52107   2.95712 	Dead: 0
13  5.02574   0.0890034   1.43527   2.76228 	Dead: 0
14  4.98477   0.0880861   1.42048   2.76228 	Dead: 0
15  4.99476   0.0939576   1.51516   2.76228 	Dead: 0
16  4.946     0.0892991   1.44004   2.76228 	Dead: 0
17  4.97553   0.0958904   1.54633   2.76228 	Dead: 0
18  4.95233   0.0899763   1.45096   2.76228 	Dead: 0
19  4.96209   0.0959577   1.54741   2.76228 	Dead: 0
20  4.89671   0.0924938   1.49156   2.76228 	Dead: 0
21  4.77936   0.0835733   1.3477    2.76228 	Dead: 0
22  4.87041   0.0898294   1.44859   2.76228 	Dead: 0
23  4.85964   0.0905266   1.45983   2.76228 	Dead: 0
24  4.89554   0.0963888   1.55437   2.76228 	Dead: 0
25  4.80911   0.0932485   1.50373   2.76228 	Dead: 0
26  4.81083   0.0871893   1.40601   2.76228 	Dead: 0
27  4.76182   0.0849716   1.37025   2.76228 	Dead: 0
28  4.81633   0.0905929   1.4609    2.76228 	Dead: 0
29  4.82593   0.0909476   1.46662   2.76228 	Dead: 0
30  4.78661   0.0892802   1.43973   2.76228 	Dead: 0
31  4.75752   0.0893487   1.44084   2.76228 	Dead: 0
32  4.76494   0.0920883   1.48502   2.76228 	Dead: 0
33  4.77498   0.0907645   1.46367   2.76228 	Dead: 0
34  4.74172   0.0895333   1.44381   2.76228 	Dead: 0
35  4.72887   0.0890339   1.43576   2.76228 	Dead: 0
36  4.70097   0.0877874   1.41566   2.76228 	Dead: 0
37  4.75729   0.0982663   1.58464   2.76228 	Dead: 0
38  4.69402   0.0885439   1.42786   2.76228 	Dead: 0
39  4.68646   0.0880136   1.41931   2.76228 	Dead: 0
40  4.66964   0.0862457   1.3908    2.76228 	Dead: 0
41  4.71394   0.0940338   1.51639   2.76228 	Dead: 0
42  4.65577   0.0853092   1.3757    2.76228 	Dead: 0
43  4.71828   0.0869871   1.40275   2.76228 	Dead: 0
44  4.69195   0.087858    1.4168    2.76228 	Dead: 0
45  4.71028   0.0912665   1.47176   2.61189 	Dead: 0
46  4.72565   0.0968732   1.56218   2.61189 	Dead: 0
47  4.65692   0.0847026   1.36591   2.61189 	Dead: 0
48  4.687     0.0941433   1.51815   2.61189 	Dead: 0
49  4.64124   0.0880193   1.4194    2.61189 	Dead: 0
50  4.59328   0.0899114   1.44991   2.61189 	Dead: 0
51  4.61944   0.0878889   1.4173    2.61189 	Dead: 0
52  4.64073   0.0891375   1.43743   2.61189 	Dead: 0
53  4.60569   0.0844205   1.36136   2.61189 	Dead: 0
54  4.58443   0.0830289   1.33892   2.61189 	Dead: 0
55  4.61266   0.0864698   1.39441   2.61189 	Dead: 0
56  4.64093   0.0914356   1.47449   2.61189 	Dead: 0
57  4.62427   0.0931166   1.5016    2.61189 	Dead: 0
58  4.61242   0.0886143   1.42899   2.61189 	Dead: 0
59  4.68973   0.0970902   1.56568   2.61189 	Dead: 0
60  4.60207   0.0897113   1.44668   2.61189 	Dead: 0
61  4.57086   0.08807     1.42022   2.61189 	Dead: 0
62  4.60791   0.0891391   1.43746   2.61189 	Dead: 0
63  4.55547   0.0860483   1.38762   2.61189 	Dead: 0
64  4.5193    0.0807121   1.30156   2.61189 	Dead: 0
65  4.53842   0.0829353   1.33741   2.61189 	Dead: 0
66  4.50659   0.0857397   1.38264   2.61189 	Dead: 0
67  4.50467   0.0833744   1.3445    2.61189 	Dead: 0
68  4.56113   0.0873906   1.40926   2.61189 	Dead: 0
69  4.53905   0.0849813   1.37041   2.61189 	Dead: 0
70  4.53185   0.0850434   1.37141   2.61189 	Dead: 0
71  4.58889   0.0924553   1.49093   2.61189 	Dead: 0
72  4.54331   0.0891216   1.43717   2.61189 	Dead: 0
73  4.55897   0.0895348   1.44384   2.61189 	Dead: 0
74  4.52168   0.0843784   1.36069   2.61189 	Dead: 0
75  4.5316    0.0872107   1.40636   2.61189 	Dead: 0
76  4.56556   0.0893716   1.44121   2.61189 	Dead: 0
77  4.48062   0.079785    1.28661   2.61189 	Dead: 0
78  4.54834   0.0861772   1.38969   2.61189 	Dead: 0
79  4.52187   0.0852322   1.37446   2.61189 	Dead: 0
80  4.48753   0.0821597   1.32491   2.61189 	Dead: 0
81  4.50273   0.0843167   1.35969   2.61189 	Dead: 0
82  4.52114   0.09054     1.46005   2.61189 	Dead: 0
83  4.47999   0.0854265   1.37759   2.61189 	Dead: 0
84  4.48451   0.0844024   1.36107   2.61189 	Dead: 0
85  4.48573   0.0797122   1.28544   2.61189 	Dead: 0
86  4.5161    0.0856148   1.38062   2.61189 	Dead: 0
87  4.50185   0.0871825   1.40591   2.61189 	Dead: 0
88  4.47932   0.082814    1.33546   2.61189 	Dead: 0
89  4.498     0.0851158   1.37258   2.61189 	Dead: 0
90  4.4713    0.0847584   1.36681   2.61189 	Dead: 0
91  4.48718   0.0857258   1.38242   2.61189 	Dead: 0
92  4.4819    0.0872916   1.40766   2.61189 	Dead: 0
93  4.47768   0.0879867   1.41887   2.61189 	Dead: 0
94  4.49626   0.0906303   1.4615    2.61189 	Dead: 0
95  4.40511   0.0826559   1.33291   2.61189 	Dead: 0
96  4.44718   0.0891299   1.43731   2.61189 	Dead: 0
97  4.48672   0.0866221   1.39687   2.61189 	Dead: 0
98  4.50836   0.0883936   1.42544   2.61189 	Dead: 0
99  4.49532   0.0929047   1.49818   2.61189 	Dead: 0
100 4.44644   0.0895836   1.44463   2.61189 	Dead: 0
