0   10.6367   0.197469    3.18439   3.42026 	Dead: 0
1   8.48823   0.183486    2.95889   3.42026 	Dead: 0
2   6.92456   0.142309    2.29488   3.33424 	Dead: 0
3   6.17035   0.120405    1.94166   3.28425 	Dead: 0
4   5.75801   0.11047     1.78144   3.14192 	Dead: 0
5   5.52274   0.0991672   1.59917   3.14192 	Dead: 0
6   5.36349   0.0957258   1.54367   3.09421 	Dead: 0
7   5.34849   0.10686     1.72322   2.96463 	Dead: 0
8   5.19702   0.095193    1.53508   2.96463 	Dead: 0
9   5.13115   0.0927509   1.4957    2.96463 	Dead: 0
10  5.12453   0.0965815   1.55747   2.96463 	Dead: 0
11  5.12348   0.104153    1.67957   2.96463 	Dead: 0
12  5.03021   0.0979464   1.57948   2.96463 	Dead: 0
13  5.01786   0.0960741   1.54929   2.96463 	Dead: 0
14  5.04353   0.101805    1.6417    2.96463 	Dead: 0
15  4.9376    0.098752    1.59248   2.96463 	Dead: 0
16  4.89537   0.0992641   1.60073   2.96463 	Dead: 0
17  4.91233   0.101963    1.64425   2.96436 	Dead: 0
18  4.83264   0.0949112   1.53054   2.96436 	Dead: 0
19  4.82268   0.0955812   1.54134   2.96436 	Dead: 0
20  4.78467   0.0932427   1.50363   2.96436 	Dead: 0
21  4.84455   0.0960297   1.54857   2.62725 	Dead: 0
22  4.74959   0.0910978   1.46904   2.62725 	Dead: 0
23  4.79294   0.0979549   1.57962   2.62725 	Dead: 0
24  4.77654   0.0951103   1.53375   2.62725 	Dead: 0
25  4.69419   0.0905609   1.46039   2.62725 	Dead: 0
26  4.67943   0.090281    1.45587   2.62725 	Dead: 0
27  4.63768   0.0905508   1.46022   2.62725 	Dead: 0
28  4.61983   0.0874107   1.40959   2.62725 	Dead: 0
29  4.58291   0.0862959   1.39161   2.62725 	Dead: 0
30  4.5234    0.0822606   1.32653   2.62725 	Dead: 0
31  4.53355   0.0847513   1.3667    2.62725 	Dead: 0
32  4.55165   0.0857737   1.38319   2.62725 	Dead: 0
33  4.4957    0.0824557   1.32968   2.62725 	Dead: 0
34  4.50763   0.0841627   1.35721   2.62725 	Dead: 0
35  4.54408   0.086742    1.3988    2.62725 	Dead: 0
36  4.54139   0.0844154   1.36128   2.62725 	Dead: 0
37  4.53138   0.0852036   1.37399   2.62725 	Dead: 0
38  4.47443   0.0785339   1.26644   2.62725 	Dead: 0
39  4.51586   0.0847073   1.36599   2.62725 	Dead: 0
40  4.47229   0.0784799   1.26557   2.62725 	Dead: 0
41  4.43117   0.0807991   1.30297   2.56557 	Dead: 0
42  4.48753   0.0849327   1.36962   2.56557 	Dead: 0
43  4.4574    0.0835885   1.34795   2.56557 	Dead: 0
44  4.38712   0.0789324   1.27286   2.56557 	Dead: 0
45  4.37203   0.0785768   1.26713   2.56557 	Dead: 0
46  4.3631    0.0751966   1.21262   2.56557 	Dead: 0
47  4.31932   0.0782146   1.26129   2.56557 	Dead: 0
48  4.39691   0.0808509   1.3038    2.56557 	Dead: 0
49  4.3698    0.0778237   1.25499   2.56557 	Dead: 0
50  4.34047   0.0793374   1.27939   2.56557 	Dead: 0
51  4.40664   0.0855694   1.37989   2.56557 	Dead: 0
52  4.30009   0.0750869   1.21085   2.56557 	Dead: 0
53  4.30854   0.0746411   1.20366   2.56557 	Dead: 0
54  4.32048   0.0776667   1.25245   2.56557 	Dead: 0
55  4.31392   0.0747927   1.20611   2.56557 	Dead: 0
56  4.332     0.0777808   1.25429   2.56557 	Dead: 0
57  4.33461   0.0789769   1.27358   2.56557 	Dead: 0
58  4.30925   0.0792611   1.27816   2.56557 	Dead: 0
59  4.32127   0.0792837   1.27853   2.56557 	Dead: 0
60  4.31629   0.0792609   1.27816   2.56557 	Dead: 0
61  4.27766   0.0766021   1.23529   2.56557 	Dead: 0
62  4.28502   0.076249    1.22959   2.56557 	Dead: 0
63  4.24577   0.0761486   1.22797   2.56557 	Dead: 0
64  4.26337   0.0794404   1.28106   2.56557 	Dead: 0
65  4.25449   0.0762794   1.23008   2.56557 	Dead: 0
66  4.22973   0.0751878   1.21248   2.56557 	Dead: 0
67  4.21865   0.07637     1.23154   2.56557 	Dead: 0
68  4.20748   0.0734275   1.18409   2.56557 	Dead: 0
69  4.24612   0.0805229   1.29851   2.56557 	Dead: 0
70  4.22096   0.0789449   1.27307   2.56557 	Dead: 0
71  4.16217   0.0744626   1.20078   2.56557 	Dead: 0
72  4.18132   0.0772274   1.24537   2.49686 	Dead: 0
73  4.13939   0.0730918   1.17868   2.49686 	Dead: 0
74  4.19047   0.0784715   1.26543   2.49686 	Dead: 0
75  4.15539   0.0746441   1.20371   2.49686 	Dead: 0
76  4.21029   0.0795      1.28202   2.49686 	Dead: 0
77  4.10334   0.0712151   1.14841   2.49686 	Dead: 0
78  4.14877   0.0742849   1.19792   2.49686 	Dead: 0
79  4.14989   0.0795555   1.28291   2.49686 	Dead: 0
80  4.12586   0.0769369   1.24068   2.49686 	Dead: 0
81  4.13931   0.0771291   1.24378   2.49686 	Dead: 0
82  4.12481   0.0778195   1.25492   2.49686 	Dead: 0
83  4.08091   0.0721499   1.16349   2.49686 	Dead: 0
84  4.07838   0.0724897   1.16897   2.49686 	Dead: 0
85  4.05432   0.0732458   1.18116   2.49686 	Dead: 0
86  4.07489   0.0780907   1.25929   2.49686 	Dead: 0
87  4.04669   0.0731686   1.17992   2.49686 	Dead: 0
88  3.95155   0.0687985   1.10944   2.49686 	Dead: 0
89  4.01693   0.0742357   1.19712   2.49686 	Dead: 0
90  3.98489   0.0730337   1.17774   2.49686 	Dead: 0
91  3.96465   0.0711325   1.14708   2.49686 	Dead: 0
92  3.96371   0.0741343   1.19549   2.49686 	Dead: 0
93  3.96246   0.0736608   1.18785   2.49686 	Dead: 0
94  3.95607   0.0715825   1.15434   2.49686 	Dead: 0
95  3.97367   0.0717918   1.15771   2.49686 	Dead: 0
96  3.97414   0.0719246   1.15986   2.49686 	Dead: 0
97  3.99165   0.0736105   1.18704   2.49686 	Dead: 0
98  3.94637   0.0706929   1.13999   2.49686 	Dead: 0
99  3.93369   0.0676751   1.09133   2.49686 	Dead: 0
100 3.91144   0.0688321   1.10999   2.49686 	Dead: 0
