0   10.6933   0.19815     3.19536   3.10739 	Dead: 0
1   8.45737   0.173141    2.79208   3.10739 	Dead: 0
2   7.05358   0.140106    2.25935   3.10739 	Dead: 0
3   6.30783   0.121477    1.95894   3.10739 	Dead: 0
4   5.81843   0.10924     1.7616    3.10739 	Dead: 0
5   5.54788   0.0998515   1.61021   3.10739 	Dead: 0
6   5.4359    0.0989545   1.59574   3.10596 	Dead: 0
7   5.34385   0.102016    1.6451    3.10596 	Dead: 0
8   5.22425   0.0926469   1.49402   3.10596 	Dead: 0
9   5.18879   0.0955578   1.54097   3.07511 	Dead: 0
10  5.10881   0.0884386   1.42616   3.07511 	Dead: 0
11  5.06751   0.087095    1.40449   2.99547 	Dead: 0
12  5.06085   0.0879631   1.41849   2.99547 	Dead: 0
13  5.06908   0.0942636   1.5201    2.99547 	Dead: 0
14  5.01331   0.0916985   1.47873   2.99547 	Dead: 0
15  4.99784   0.0905896   1.46085   2.99547 	Dead: 0
16  5.00539   0.0887176   1.43066   2.99547 	Dead: 0
17  4.98493   0.0870704   1.4041    2.99547 	Dead: 0
18  4.96161   0.0926567   1.49418   2.99547 	Dead: 0
19  5.02624   0.094473    1.52347   2.99547 	Dead: 0
20  4.92086   0.0862057   1.39015   2.99547 	Dead: 0
21  4.87951   0.0856288   1.38085   2.99547 	Dead: 0
22  4.92641   0.0980279   1.5808    2.99547 	Dead: 0
23  4.84222   0.0887004   1.43038   2.99547 	Dead: 0
24  4.81036   0.0827257   1.33404   2.99547 	Dead: 0
25  4.84274   0.0840652   1.35563   2.99547 	Dead: 0
26  4.85276   0.0931524   1.50218   2.88579 	Dead: 0
27  4.84432   0.0872993   1.40779   2.88579 	Dead: 0
28  4.8749    0.0927437   1.49559   2.88579 	Dead: 0
29  4.80896   0.0866571   1.39743   2.88579 	Dead: 0
30  4.77199   0.0863852   1.39305   2.88579 	Dead: 0
31  4.85666   0.0919859   1.48337   2.88579 	Dead: 0
32  4.80736   0.0922809   1.48812   2.88579 	Dead: 0
33  4.70167   0.0840058   1.35468   2.88419 	Dead: 0
34  4.78944   0.0896901   1.44634   2.88419 	Dead: 0
35  4.76352   0.0858721   1.38477   2.88419 	Dead: 0
36  4.76097   0.0899512   1.45055   2.88419 	Dead: 0
37  4.74773   0.0905045   1.45948   2.88419 	Dead: 0
38  4.70933   0.0854359   1.37774   2.88419 	Dead: 0
39  4.70229   0.0892209   1.43878   2.88419 	Dead: 0
40  4.69775   0.0844441   1.36175   2.88419 	Dead: 0
41  4.73545   0.0902983   1.45615   2.88419 	Dead: 0
42  4.71358   0.0864528   1.39414   2.88419 	Dead: 0
43  4.71393   0.0891424   1.43751   2.88419 	Dead: 0
44  4.73584   0.0880331   1.41962   2.88419 	Dead: 0
45  4.69932   0.0872198   1.40651   2.88419 	Dead: 0
46  4.65585   0.0835199   1.34684   2.88419 	Dead: 0
47  4.70135   0.08964     1.44553   2.78933 	Dead: 0
48  4.76335   0.0966397   1.55841   2.78933 	Dead: 0
49  4.63454   0.0850808   1.37201   2.78933 	Dead: 0
50  4.68      0.0896976   1.44646   2.78933 	Dead: 0
51  4.65765   0.0887618   1.43137   2.78933 	Dead: 0
52  4.67662   0.0894092   1.44181   2.78933 	Dead: 0
53  4.62731   0.087975    1.41868   2.78933 	Dead: 0
54  4.5866    0.0855821   1.3801    2.78933 	Dead: 0
55  4.57905   0.0835099   1.34668   2.78933 	Dead: 0
56  4.62795   0.0901777   1.45421   2.78933 	Dead: 0
57  4.62709   0.091882    1.48169   2.78933 	Dead: 0
58  4.57818   0.0880134   1.4193    2.78933 	Dead: 0
59  4.59056   0.0865155   1.39515   2.78933 	Dead: 0
60  4.53657   0.0816513   1.31671   2.78933 	Dead: 0
61  4.53585   0.0865875   1.39631   2.54426 	Dead: 0
62  4.4989    0.0828391   1.33586   2.54426 	Dead: 0
63  4.47775   0.0796335   1.28417   2.54426 	Dead: 0
64  4.49555   0.0840589   1.35553   2.54426 	Dead: 0
65  4.49671   0.0839708   1.35411   2.54426 	Dead: 0
66  4.49481   0.0818939   1.32062   2.54426 	Dead: 0
67  4.47641   0.0814359   1.31324   2.54426 	Dead: 0
68  4.45174   0.0824712   1.32993   2.54426 	Dead: 0
69  4.45164   0.0820077   1.32246   2.54426 	Dead: 0
70  4.45597   0.0818106   1.31928   2.54426 	Dead: 0
71  4.42581   0.0784449   1.265     2.54426 	Dead: 0
72  4.42643   0.0795237   1.2824    2.54426 	Dead: 0
73  4.38164   0.0794009   1.28042   2.54426 	Dead: 0
74  4.41959   0.078544    1.2666    2.54426 	Dead: 0
75  4.44266   0.0809511   1.30542   2.54426 	Dead: 0
76  4.35266   0.0749885   1.20927   2.54426 	Dead: 0
77  4.33645   0.07764     1.25202   2.54426 	Dead: 0
78  4.3323    0.0779502   1.25703   2.54426 	Dead: 0
79  4.31151   0.0758826   1.22368   2.54426 	Dead: 0
80  4.34365   0.0767819   1.23819   2.54426 	Dead: 0
81  4.3607    0.0835676   1.34761   2.54426 	Dead: 0
82  4.27795   0.0773404   1.24719   2.54426 	Dead: 0
83  4.27056   0.0782374   1.26166   2.54426 	Dead: 0
84  4.30428   0.0829683   1.33795   2.54426 	Dead: 0
85  4.21125   0.073106    1.17891   2.54426 	Dead: 0
86  4.18681   0.0681318   1.09869   2.54426 	Dead: 0
87  4.21953   0.0738913   1.19157   2.54426 	Dead: 0
88  4.20729   0.0728387   1.1746    2.54426 	Dead: 0
89  4.11584   0.0640339   1.03261   2.54426 	Dead: 0
90  4.14624   0.0722315   1.16481   2.54426 	Dead: 0
91  4.11863   0.070203    1.13209   2.54426 	Dead: 0
92  4.12856   0.069179    1.11558   2.54426 	Dead: 0
93  4.07682   0.0663717   1.07031   2.54426 	Dead: 0
94  4.06842   0.0668405   1.07787   2.54426 	Dead: 0
95  4.07909   0.0694116   1.11933   2.54426 	Dead: 0
96  3.99486   0.0635355   1.02457   2.54426 	Dead: 0
97  3.99463   0.0651459   1.05054   2.54426 	Dead: 0
98  4.01088   0.0665423   1.07306   2.54426 	Dead: 0
99  4.05668   0.0736284   1.18733   2.54426 	Dead: 0
100 4.01092   0.0673045   1.08535   2.54426 	Dead: 0
