0   10.9843   0.20532     3.31099   3.52185 	Dead: 0
1   8.52441   0.18405     2.96799   3.18716 	Dead: 0
2   7.025     0.149182    2.40571   3.18716 	Dead: 0
3   6.19955   0.11995     1.93432   3.03424 	Dead: 0
4   5.73689   0.109741    1.76969   3.03424 	Dead: 0
5   5.51756   0.0983177   1.58547   3.03424 	Dead: 0
6   5.39045   0.0940456   1.51658   3.03424 	Dead: 0
7   5.34618   0.0999255   1.6114    3.03424 	Dead: 0
8   5.25912   0.092214    1.48704   3.03424 	Dead: 0
9   5.15266   0.0935136   1.508     3.03424 	Dead: 0
10  5.13655   0.0919902   1.48343   3.03424 	Dead: 0
11  5.0845    0.0919597   1.48294   3.03424 	Dead: 0
12  4.98866   0.0857817   1.38332   3.03424 	Dead: 0
13  4.95172   0.0851715   1.37348   3.03424 	Dead: 0
14  4.95587   0.0861282   1.3889    3.03424 	Dead: 0
15  5.0044    0.0919284   1.48244   3.03424 	Dead: 0
16  4.88978   0.0830279   1.33891   3.03424 	Dead: 0
17  4.84354   0.0862284   1.39052   2.99052 	Dead: 0
18  4.87029   0.0882316   1.42282   2.96541 	Dead: 0
19  4.84873   0.081848    1.31988   2.76422 	Dead: 0
20  4.88007   0.0849189   1.3694    2.76422 	Dead: 0
21  4.80842   0.0854748   1.37837   2.76422 	Dead: 0
22  4.81694   0.0824577   1.32971   2.76422 	Dead: 0
23  4.90706   0.0940069   1.51596   2.75723 	Dead: 0
24  4.84115   0.0853845   1.37691   2.75723 	Dead: 0
25  4.78626   0.0851023   1.37236   2.75723 	Dead: 0
26  4.79965   0.0851376   1.37293   2.75723 	Dead: 0
27  4.71764   0.0825788   1.33167   2.75723 	Dead: 0
28  4.81914   0.0920202   1.48392   2.75723 	Dead: 0
29  4.78613   0.0871496   1.40537   2.75723 	Dead: 0
30  4.74427   0.0881816   1.42202   2.75723 	Dead: 0
31  4.69912   0.0839468   1.35373   2.7107  	Dead: 0
32  4.6954    0.0847542   1.36675   2.7107  	Dead: 0
33  4.66125   0.0802625   1.29431   2.7107  	Dead: 0
34  4.64982   0.0834477   1.34568   2.7107  	Dead: 0
35  4.6489    0.0831111   1.34025   2.7107  	Dead: 0
36  4.66274   0.0851366   1.37291   2.7107  	Dead: 0
37  4.61743   0.0817593   1.31845   2.7107  	Dead: 0
38  4.61231   0.0820864   1.32373   2.7107  	Dead: 0
39  4.60334   0.0825814   1.33171   2.7107  	Dead: 0
40  4.60455   0.0806444   1.30047   2.7107  	Dead: 0
41  4.63578   0.0854475   1.37793   2.7107  	Dead: 0
42  4.57625   0.0814781   1.31392   2.7107  	Dead: 0
43  4.59415   0.0806875   1.30117   2.7107  	Dead: 0
44  4.57216   0.080714    1.30159   2.7107  	Dead: 0
45  4.56277   0.0777773   1.25424   2.7107  	Dead: 0
46  4.61178   0.0876597   1.4136    2.7107  	Dead: 0
47  4.57342   0.0826034   1.33206   2.7107  	Dead: 0
48  4.54669   0.0784062   1.26438   2.7107  	Dead: 0
49  4.49814   0.0790109   1.27413   2.7107  	Dead: 0
50  4.51151   0.0810388   1.30683   2.7107  	Dead: 0
51  4.5104    0.0792901   1.27863   2.7107  	Dead: 0
52  4.49206   0.0796575   1.28456   2.7107  	Dead: 0
53  4.46311   0.0817515   1.31832   2.7107  	Dead: 0
54  4.49591   0.0826538   1.33287   2.7107  	Dead: 0
55  4.44427   0.0787681   1.27021   2.7107  	Dead: 0
56  4.41987   0.0776621   1.25238   2.7107  	Dead: 0
57  4.44366   0.0791022   1.2756    2.57771 	Dead: 0
58  4.42936   0.0802871   1.29471   2.57771 	Dead: 0
59  4.4532    0.082751    1.33444   2.57771 	Dead: 0
60  4.39914   0.0760992   1.22718   2.57771 	Dead: 0
61  4.35967   0.0759608   1.22494   2.57771 	Dead: 0
62  4.39585   0.0775888   1.2512    2.57771 	Dead: 0
63  4.41485   0.0816015   1.31591   2.57771 	Dead: 0
64  4.39998   0.0752445   1.21339   2.57771 	Dead: 0
65  4.39153   0.0765824   1.23497   2.57771 	Dead: 0
66  4.45321   0.0820517   1.32317   2.57771 	Dead: 0
67  4.43335   0.0810491   1.307     2.57771 	Dead: 0
68  4.38892   0.077529    1.25023   2.57771 	Dead: 0
69  4.37995   0.0770766   1.24294   2.57771 	Dead: 0
70  4.33094   0.072767    1.17344   2.57771 	Dead: 0
71  4.32135   0.0737098   1.18864   2.57771 	Dead: 0
72  4.32353   0.0745731   1.20257   2.57771 	Dead: 0
73  4.30224   0.0744457   1.20051   2.57771 	Dead: 0
74  4.29698   0.0714683   1.1525    2.57771 	Dead: 0
75  4.35382   0.0774845   1.24952   2.57771 	Dead: 0
76  4.29379   0.0744256   1.20019   2.57771 	Dead: 0
77  4.27897   0.0730934   1.1787    2.57771 	Dead: 0
78  4.27789   0.076405    1.23211   2.57771 	Dead: 0
79  4.22414   0.0717453   1.15696   2.57771 	Dead: 0
80  4.23726   0.0728327   1.1745    2.57771 	Dead: 0
81  4.19358   0.0683403   1.10206   2.57771 	Dead: 0
82  4.17311   0.0670205   1.08077   2.57771 	Dead: 0
83  4.12565   0.0644048   1.03859   2.57771 	Dead: 0
84  4.13849   0.0663805   1.07045   2.57771 	Dead: 0
85  4.13166   0.0670898   1.08189   2.57771 	Dead: 0
86  4.10969   0.0663641   1.07019   2.57771 	Dead: 0
87  4.10335   0.0661358   1.06651   2.57771 	Dead: 0
88  4.12992   0.0706786   1.13976   2.57771 	Dead: 0
89  4.08438   0.0670216   1.08079   2.57771 	Dead: 0
90  4.08913   0.0667226   1.07597   2.4131  	Dead: 0
91  4.0287    0.0629938   1.01584   2.4131  	Dead: 0
92  4.04461   0.0613192   0.988833  2.4131  	Dead: 0
93  4.1097    0.0686124   1.10644   2.4131  	Dead: 0
94  4.09767   0.0689026   1.11112   2.4131  	Dead: 0
95  4.07077   0.06645     1.07157   2.4131  	Dead: 0
96  4.05171   0.0658055   1.06118   2.4131  	Dead: 0
97  4.02139   0.0649947   1.0481    2.4131  	Dead: 0
98  4.03781   0.0662654   1.0686    2.4131  	Dead: 0
99  4.06318   0.0678969   1.09491   2.4131  	Dead: 0
100 4.02337   0.0642564   1.0362    2.4131  	Dead: 0
