0   10.8053   0.202032    3.25797   3.75381 	Dead: 0
1   8.69076   0.175917    2.83683   3.75381 	Dead: 0
2   7.10798   0.142178    2.29277   3.6205  	Dead: 0
3   6.24481   0.116817    1.88379   3.47247 	Dead: 0
4   5.90887   0.113273    1.82664   3.2071  	Dead: 0
5   5.65396   0.104133    1.67925   3.08704 	Dead: 0
6   5.57386   0.107986    1.74138   2.74299 	Dead: 0
7   5.42538   0.0989647   1.5959    2.74299 	Dead: 0
8   5.36825   0.0909936   1.46736   2.74299 	Dead: 0
9   5.32489   0.10384     1.67453   2.74299 	Dead: 0
10  5.24322   0.0955932   1.54154   2.74299 	Dead: 0
11  5.1651    0.0894816   1.44298   2.74299 	Dead: 0
12  5.15545   0.0935959   1.50933   2.74299 	Dead: 0
13  5.12609   0.0900218   1.45169   2.74299 	Dead: 0
14  5.05033   0.0892162   1.4387    2.74299 	Dead: 0
15  5.07221   0.0909371   1.46645   2.74299 	Dead: 0
16  5.02581   0.0906759   1.46224   2.74299 	Dead: 0
17  5.03811   0.0890009   1.43523   2.74299 	Dead: 0
18  5.04686   0.0945451   1.52463   2.74299 	Dead: 0
19  5.0138    0.0936685   1.5105    2.74299 	Dead: 0
20  5.05257   0.0992903   1.60115   2.74299 	Dead: 0
21  4.8708    0.0786782   1.26876   2.74299 	Dead: 0
22  4.87547   0.0819384   1.32134   2.74299 	Dead: 0
23  4.92124   0.088642    1.42944   2.74299 	Dead: 0
24  4.89245   0.0901842   1.45431   2.74299 	Dead: 0
25  4.82248   0.0844903   1.36249   2.74299 	Dead: 0
26  4.80036   0.0847681   1.36697   2.74299 	Dead: 0
27  4.86111   0.0891593   1.43778   2.74299 	Dead: 0
28  4.83775   0.0869522   1.40219   2.74299 	Dead: 0
29  4.80567   0.0902071   1.45468   2.74299 	Dead: 0
30  4.73573   0.0822577   1.32649   2.74299 	Dead: 0
31  4.80456   0.0886197   1.42908   2.74299 	Dead: 0
32  4.70091   0.0796488   1.28442   2.74299 	Dead: 0
33  4.72423   0.0840485   1.35537   2.74299 	Dead: 0
34  4.71858   0.0892754   1.43965   2.74299 	Dead: 0
35  4.71575   0.0867741   1.39932   2.74299 	Dead: 0
36  4.70467   0.0824854   1.33016   2.74299 	Dead: 0
37  4.67085   0.0796823   1.28496   2.74299 	Dead: 0
38  4.65961   0.0813747   1.31225   2.7284  	Dead: 0
39  4.67173   0.0809336   1.30514   2.7284  	Dead: 0
40  4.66844   0.0861417   1.38912   2.7284  	Dead: 0
41  4.63204   0.0828648   1.33628   2.7284  	Dead: 0
42  4.64652   0.0846793   1.36554   2.7284  	Dead: 0
43  4.60554   0.082826    1.33565   2.7284  	Dead: 0
44  4.5822    0.0802514   1.29413   2.7284  	Dead: 0
45  4.60009   0.0812772   1.31068   2.7284  	Dead: 0
46  4.663     0.085554    1.37964   2.7284  	Dead: 0
47  4.64044   0.0903729   1.45735   2.7284  	Dead: 0
48  4.54847   0.0831489   1.34086   2.7284  	Dead: 0
49  4.49085   0.0791227   1.27593   2.7284  	Dead: 0
50  4.55205   0.0837239   1.35013   2.7284  	Dead: 0
51  4.56023   0.0845737   1.36384   2.7284  	Dead: 0
52  4.58983   0.0865873   1.39631   2.7284  	Dead: 0
53  4.54135   0.0840302   1.35507   2.7284  	Dead: 0
54  4.57844   0.0905905   1.46086   2.7284  	Dead: 0
55  4.54223   0.0821545   1.32482   2.7284  	Dead: 0
56  4.54349   0.082838    1.33585   2.7284  	Dead: 0
57  4.542     0.0859762   1.38645   2.7284  	Dead: 0
58  4.49295   0.0815781   1.31553   2.57076 	Dead: 0
59  4.5195    0.0865819   1.39622   2.57076 	Dead: 0
60  4.41446   0.0754894   1.21734   2.57076 	Dead: 0
61  4.45159   0.0801106   1.29186   2.57076 	Dead: 0
62  4.46515   0.0799408   1.28913   2.57076 	Dead: 0
63  4.46575   0.0811845   1.30918   2.57076 	Dead: 0
64  4.46588   0.0825078   1.33052   2.57076 	Dead: 0
65  4.4497    0.0808082   1.30311   2.57076 	Dead: 0
66  4.41585   0.0815052   1.31435   2.57076 	Dead: 0
67  4.50243   0.0886504   1.42958   2.57076 	Dead: 0
68  4.44133   0.0817974   1.31907   2.57076 	Dead: 0
69  4.43109   0.0812587   1.31038   2.57076 	Dead: 0
70  4.43347   0.0840872   1.35599   2.57076 	Dead: 0
71  4.42763   0.08223     1.32604   2.57076 	Dead: 0
72  4.3867    0.0794095   1.28056   2.57076 	Dead: 0
73  4.41547   0.0773333   1.24708   2.57076 	Dead: 0
74  4.36786   0.0779621   1.25722   2.57076 	Dead: 0
75  4.37626   0.0796293   1.2841    2.57076 	Dead: 0
76  4.35767   0.0787362   1.2697    2.57076 	Dead: 0
77  4.33899   0.075298    1.21426   2.57076 	Dead: 0
78  4.35885   0.0773888   1.24797   2.57076 	Dead: 0
79  4.34185   0.0773143   1.24677   2.57076 	Dead: 0
80  4.32787   0.0824878   1.3302    2.57076 	Dead: 0
81  4.32503   0.0785403   1.26654   2.57076 	Dead: 0
82  4.28475   0.075134    1.21161   2.57076 	Dead: 0
83  4.26387   0.075938    1.22458   2.57076 	Dead: 0
84  4.28806   0.0758745   1.22355   2.57076 	Dead: 0
85  4.3601    0.086077    1.38808   2.57076 	Dead: 0
86  4.30792   0.0805851   1.29952   2.57076 	Dead: 0
87  4.30817   0.0768257   1.23889   2.57076 	Dead: 0
88  4.24213   0.0736073   1.18699   2.57076 	Dead: 0
89  4.29143   0.078535    1.26646   2.57076 	Dead: 0
90  4.28126   0.0784712   1.26543   2.57076 	Dead: 0
91  4.25496   0.0778045   1.25468   2.50397 	Dead: 0
92  4.1964    0.0723229   1.16628   2.50397 	Dead: 0
93  4.28429   0.0779138   1.25644   2.50397 	Dead: 0
94  4.25285   0.0769762   1.24132   2.50397 	Dead: 0
95  4.28064   0.0815907   1.31573   2.50397 	Dead: 0
96  4.17997   0.0725485   1.16992   2.50397 	Dead: 0
97  4.21062   0.0735472   1.18602   2.50397 	Dead: 0
98  4.25859   0.07966     1.2846    2.50397 	Dead: 0
99  4.24439   0.0759495   1.22476   2.50397 	Dead: 0
100 4.18197   0.0739001   1.19171   2.50397 	Dead: 0
