0   4049.1    2.05697     33.1706   3953    	Dead: 0
1   3911.3    1.12695     18.1732   3858    	Dead: 0
2   3843.08   0.712634    11.4919   3806    	Dead: 0
3   3808.79   0.647911    10.4482   3775    	Dead: 0
4   3783.99   0.631828    10.1889   3756    	Dead: 0
5   3769.33   0.699046    11.2728   3731    	Dead: 0
6   3752.14   0.796774    12.8488   3719    	Dead: 0
7   3735.5    0.87348     14.0857   3707    	Dead: 0
8   3722.67   0.930735    15.009    3690    	Dead: 0
9   3714.91   0.942014    15.1909   3683    	Dead: 0
10  3710.41   1.02917     16.5963   3683    	Dead: 0
11  3707.89   1.11192     17.9308   3683    	Dead: 0
12  3705.82   1.16561     18.7966   3679    	Dead: 0
13  3704.52   1.20808     19.4815   3679    	Dead: 0
14  3700.3    1.18305     19.0778   3674    	Dead: 0
15  3695.65   1.23622     19.9352   3669    	Dead: 0
16  3696.79   1.41242     22.7767   3665    	Dead: 0
17  3691.31   1.35594     21.8659   3658    	Dead: 0
18  3676.72   1.09401     17.642    3654    	Dead: 0
19  3666.42   0.878962    14.1741   3652    	Dead: 0
20  3661.58   0.859568    13.8614   3647    	Dead: 0
21  3660.89   1.01037     16.2932   3642    	Dead: 0
22  3655.84   0.971938    15.6735   3637    	Dead: 0
23  3644.96   0.885531    14.2801   3623    	Dead: 0
24  3634.02   0.825186    13.3069   3615    	Dead: 0
25  3623.82   0.843268    13.5985   3606    	Dead: 0
26  3613.8    0.758975    12.2392   3596    	Dead: 0
27  3599.64   0.772094    12.4508   3588    	Dead: 0
28  3596.55   0.940002    15.1585   3582    	Dead: 0
29  3591.54   0.996569    16.0707   3571    	Dead: 0
30  3585.56   1.12841     18.1968   3562    	Dead: 0
31  3580.52   1.259       20.3026   3559    	Dead: 0
32  3577.99   1.41186     22.7677   3549    	Dead: 0
33  3574.89   1.53967     24.8288   3544    	Dead: 0
34  3573.66   1.7028      27.4593   3540    	Dead: 0
35  3573.03   1.7831      28.7543   3540    	Dead: 0
36  3570.37   1.84311     29.722    3536    	Dead: 0
37  3569.68   2.03663     32.8428   3532    	Dead: 0
38  3565.79   2.04446     32.969    3532    	Dead: 0
39  3561.97   1.94455     31.3578   3528    	Dead: 0
40  3559.55   1.91634     30.9029   3528    	Dead: 0
41  3558.01   2.01709     32.5276   3526    	Dead: 0
42  3555.87   2.11854     34.1636   3521    	Dead: 0
43  3553.79   2.17415     35.0604   3521    	Dead: 0
44  3554.26   2.35558     37.9861   3519    	Dead: 0
45  3550.77   2.41498     38.944    3514    	Dead: 0
46  3551.11   2.4265      39.1297   3514    	Dead: 0
47  3551.89   2.39028     38.5456   3513    	Dead: 0
48  3553.23   2.51136     40.4982   3512    	Dead: 0
49  3549.31   2.45259     39.5504   3507    	Dead: 0
50  3545.82   2.42628     39.1262   3506    	Dead: 0
51  3544.56   2.43175     39.2144   3506    	Dead: 0
52  3543.53   2.48466     40.0676   3503    	Dead: 0
53  3544.15   2.64011     42.5744   3501    	Dead: 0
54  3544.32   2.62998     42.411    3498    	Dead: 0
55  3545.02   2.77104     44.6857   3498    	Dead: 0
56  3542.61   2.71108     43.7188   3498    	Dead: 0
57  3543.58   2.78752     44.9516   3496    	Dead: 0
58  3542.64   2.83945     45.789    3492    	Dead: 0
59  3540.78   2.84222     45.8336   3491    	Dead: 0
60  3539.48   2.8701      46.2833   3487    	Dead: 0
61  3536.78   2.9403      47.4152   3487    	Dead: 0
62  3535.3    2.94188     47.4407   3481    	Dead: 0
63  3534.64   2.96497     47.8131   3481    	Dead: 0
64  3531.13   2.96823     47.8657   3481    	Dead: 0
65  3525.38   2.98297     48.1033   3474    	Dead: 0
66  3526.95   3.10131     50.0117   3471    	Dead: 0
67  3525.94   3.14376     50.6963   3471    	Dead: 0
68  3521.48   3.15717     50.9125   3469    	Dead: 0
69  3520.83   3.24546     52.3363   3464    	Dead: 0
70  3518.19   3.2387      52.2273   3459    	Dead: 0
71  3513.66   3.24676     52.3573   3458    	Dead: 0
72  3514.85   3.3879      54.6332   3452    	Dead: 0
73  3513.04   3.40277     54.8731   3452    	Dead: 0
74  3512.37   3.42789     55.2781   3449    	Dead: 0
75  3509.61   3.43672     55.4206   3448    	Dead: 0
76  3508.42   3.47928     56.1069   3448    	Dead: 0
77  3510.7    3.54642     57.1896   3445    	Dead: 0
78  3506.27   3.47627     56.0584   3444    	Dead: 0
79  3505.29   3.52138     56.7858   3444    	Dead: 0
80  3507.89   3.5453      57.1716   3444    	Dead: 0
81  3500.59   3.38011     54.5077   3443    	Dead: 0
82  3502.44   3.46227     55.8326   3443    	Dead: 0
83  3502.52   3.47        55.9572   3443    	Dead: 0
84  3499.43   3.46675     55.9049   3441    	Dead: 0
85  3499.74   3.43952     55.4658   3441    	Dead: 0
86  3500      3.452       55.6669   3440    	Dead: 0
87  3499.3    3.46347     55.852    3439    	Dead: 0
88  3496.66   3.42731     55.2687   3439    	Dead: 0
89  3497.57   3.48146     56.1421   3438    	Dead: 0
90  3497.67   3.52283     56.8092   3438    	Dead: 0
91  3497.49   3.44517     55.5569   3435    	Dead: 0
92  3495.24   3.50348     56.497    3435    	Dead: 0
93  3493.01   3.48646     56.2227   3434    	Dead: 0
94  3492.4    3.57231     57.607    3433    	Dead: 0
95  3490.5    3.43482     55.3899   3431    	Dead: 0
96  3486.05   3.47447     56.0293   3431    	Dead: 0
97  3483.42   3.50356     56.4983   3426    	Dead: 0
98  3479.35   3.40846     54.9648   3426    	Dead: 0
99  3475.22   3.40116     54.8472   3426    	Dead: 0
100 3476.95   3.58569     57.8229   3425    	Dead: 0
