0   4045.95   2.01992     32.5733   3963    	Dead: 0
1   3903.37   1.11696     18.0121   3849    	Dead: 0
2   3832.44   0.863813    13.9298   3788    	Dead: 0
3   3790.97   0.865964    13.9645   3747    	Dead: 0
4   3767.16   0.887803    14.3167   3732    	Dead: 0
5   3747.68   0.989915    15.9634   3707    	Dead: 0
6   3727.74   0.932237    15.0333   3695    	Dead: 0
7   3715.77   0.938548    15.135    3681    	Dead: 0
8   3700.32   0.942816    15.2038   3664    	Dead: 0
9   3682.59   0.888973    14.3356   3652    	Dead: 0
10  3673.18   1.01444     16.3588   3639    	Dead: 0
11  3666.66   1.08887     17.5592   3637    	Dead: 0
12  3661.04   1.22827     19.8071   3628    	Dead: 0
13  3653.41   1.14644     18.4875   3627    	Dead: 0
14  3649.27   1.30019     20.9669   3622    	Dead: 0
15  3642.78   1.31151     21.1494   3608    	Dead: 0
16  3636.57   1.37582     22.1865   3601    	Dead: 0
17  3628.85   1.41198     22.7696   3596    	Dead: 0
18  3620.21   1.55712     25.1102   3587    	Dead: 0
19  3605.57   1.38764     22.377    3585    	Dead: 0
20  3598.78   1.35028     21.7747   3580    	Dead: 0
21  3593.82   1.32235     21.3243   3574    	Dead: 0
22  3589.72   1.36042     21.9381   3569    	Dead: 0
23  3581.43   1.40533     22.6623   3560    	Dead: 0
24  3575.83   1.54385     24.8961   3554    	Dead: 0
25  3572.65   1.78506     28.7859   3547    	Dead: 0
26  3566.49   1.80422     29.0949   3541    	Dead: 0
27  3564.5    1.92711     31.0766   3538    	Dead: 0
28  3560.8    1.96088     31.6212   3531    	Dead: 0
29  3553.94   1.82866     29.489    3528    	Dead: 0
30  3547.56   1.8563      29.9347   3520    	Dead: 0
31  3542.73   1.80225     29.063    3518    	Dead: 0
32  3539.89   1.84905     29.8178   3516    	Dead: 0
33  3542.65   2.06556     33.3092   3511    	Dead: 0
34  3543.14   2.11695     34.1379   3511    	Dead: 0
35  3540.15   2.15639     34.774    3505    	Dead: 0
36  3539.93   2.23609     36.0592   3505    	Dead: 0
37  3537.63   2.20268     35.5204   3505    	Dead: 0
38  3535.8    2.19398     35.3801   3502    	Dead: 0
39  3534.84   2.22938     35.9511   3500    	Dead: 0
40  3529.78   2.21224     35.6745   3495    	Dead: 0
41  3526.14   2.22239     35.8382   3493    	Dead: 0
42  3518.96   2.0049      32.331    3493    	Dead: 0
43  3517.75   2.05733     33.1764   3488    	Dead: 0
44  3519.07   2.29441     36.9996   3480    	Dead: 0
45  3513.32   2.18033     35.1601   3475    	Dead: 0
46  3500.51   1.97912     31.9154   3469    	Dead: 0
47  3493.18   1.93569     31.215    3458    	Dead: 0
48  3483.99   1.88053     30.3255   3451    	Dead: 0
49  3477.01   1.98646     32.0337   3445    	Dead: 0
50  3468.99   2.05537     33.145    3441    	Dead: 0
51  3464.91   2.16913     34.9794   3435    	Dead: 0
52  3459.12   2.09686     33.8139   3434    	Dead: 0
53  3460.16   2.16492     34.9115   3429    	Dead: 0
54  3458.63   2.30807     37.22     3426    	Dead: 0
55  3454.05   2.38625     38.4807   3419    	Dead: 0
56  3449.3    2.31738     37.3701   3416    	Dead: 0
57  3446.9    2.49858     40.2921   3412    	Dead: 0
58  3440.22   2.22015     35.8021   3410    	Dead: 0
59  3443.98   2.66512     42.9777   3407    	Dead: 0
60  3439.18   2.601       41.9438   3406    	Dead: 0
61  3438.55   2.7925      45.0319   3405    	Dead: 0
62  3434.68   2.78557     44.9201   3404    	Dead: 0
63  3438.51   3.28715     53.0085   3403    	Dead: 0
64  3434.59   3.08618     49.7677   3400    	Dead: 0
65  3431.31   2.89625     46.7049   3398    	Dead: 0
66  3427.68   2.70113     43.5584   3394    	Dead: 0
67  3423.77   2.65487     42.8125   3387    	Dead: 0
68  3421.41   2.82177     45.5039   3387    	Dead: 0
69  3416.35   2.79931     45.1417   3381    	Dead: 0
70  3412.08   2.80111     45.1708   3378    	Dead: 0
71  3407.02   2.77052     44.6775   3374    	Dead: 0
72  3404.8    2.82267     45.5184   3365    	Dead: 0
73  3399.38   2.79816     45.1231   3363    	Dead: 0
74  3395.99   2.83115     45.6552   3358    	Dead: 0
75  3393.1    3.04488     49.1017   3356    	Dead: 0
76  3385.99   2.82011     45.4771   3353    	Dead: 0
77  3383.96   2.79129     45.0123   3350    	Dead: 0
78  3384.69   2.87781     46.4076   3348    	Dead: 0
79  3383.09   2.94207     47.4438   3344    	Dead: 0
80  3377.86   2.82794     45.6033   3344    	Dead: 0
81  3374.09   2.87062     46.2916   3343    	Dead: 0
82  3371.28   2.86827     46.2537   3341    	Dead: 0
83  3368.92   2.88804     46.5725   3339    	Dead: 0
84  3371.21   3.07959     49.6614   3336    	Dead: 0
85  3366.28   2.84848     45.9345   3331    	Dead: 0
86  3367.03   3.02318     48.7517   3326    	Dead: 0
87  3366.37   3.1807      51.292    3324    	Dead: 0
88  3369.08   3.49774     56.4045   3319    	Dead: 0
89  3360.73   3.23477     52.164    3319    	Dead: 0
90  3361.12   3.42506     55.2325   3314    	Dead: 0
91  3367.24   3.70543     59.7538   3314    	Dead: 0
92  3369.84   3.85951     62.2384   3314    	Dead: 0
93  3374.19   3.99934     64.4934   3314    	Dead: 0
94  3376.7    4.01932     64.8156   3308    	Dead: 0
95  3377.98   3.98608     64.2796   3308    	Dead: 0
96  3378.79   4.03173     65.0157   3308    	Dead: 0
97  3380.91   4.10293     66.1638   3308    	Dead: 0
98  3373.13   3.89221     62.7658   3308    	Dead: 0
99  3371.68   3.96197     63.8907   3308    	Dead: 0
100 3367.39   3.94136     63.5583   3308    	Dead: 0
