0   4053.52   2.04714     33.0121   3955    	Dead: 0
1   3964.53   1.45281     23.428    3893    	Dead: 0
2   3914.5    0.988011    15.9327   3870    	Dead: 0
3   3879.07   0.840034    13.5464   3836    	Dead: 0
4   3848.11   0.8336      13.4426   3809    	Dead: 0
5   3821.3    0.706637    11.3952   3790    	Dead: 0
6   3800.3    0.699815    11.2852   3770    	Dead: 0
7   3785.15   0.649617    10.4757   3755    	Dead: 0
8   3771.22   0.677775    10.9298   3742    	Dead: 0
9   3759.45   0.69251     11.1674   3726    	Dead: 0
10  3747.43   0.729645    11.7663   3711    	Dead: 0
11  3738.4    0.769898    12.4154   3710    	Dead: 0
12  3732.19   0.845842    13.6401   3702    	Dead: 0
13  3727.61   0.890333    14.3575   3701    	Dead: 0
14  3721.04   0.825902    13.3185   3693    	Dead: 0
15  3716.56   0.893997    14.4166   3684    	Dead: 0
16  3710.97   0.950471    15.3273   3675    	Dead: 0
17  3705.19   1.04718     16.8868   3673    	Dead: 0
18  3697.47   1.10646     17.8428   3668    	Dead: 0
19  3693.53   1.29132     20.8238   3665    	Dead: 0
20  3689.6    1.31776     21.2501   3661    	Dead: 0
21  3686.34   1.32463     21.3609   3659    	Dead: 0
22  3683.75   1.3478      21.7346   3657    	Dead: 0
23  3679.18   1.32991     21.4461   3651    	Dead: 0
24  3673.03   1.26401     20.3834   3649    	Dead: 0
25  3666.12   1.01588     16.3821   3645    	Dead: 0
26  3662.95   1.07382     17.3163   3641    	Dead: 0
27  3661.86   1.37677     22.2018   3632    	Dead: 0
28  3659.29   1.49986     24.1868   3629    	Dead: 0
29  3655.25   1.52899     24.6564   3629    	Dead: 0
30  3653.21   1.55691     25.1067   3629    	Dead: 0
31  3653.3    1.62235     26.1621   3627    	Dead: 0
32  3649.7    1.56381     25.218    3626    	Dead: 0
33  3648.77   1.599       25.7855   3621    	Dead: 0
34  3648.96   1.7266      27.8432   3618    	Dead: 0
35  3644.54   1.71524     27.6599   3611    	Dead: 0
36  3642.01   1.73817     28.0298   3609    	Dead: 0
37  3637.76   1.66764     26.8923   3608    	Dead: 0
38  3635.2    1.6924      27.2916   3608    	Dead: 0
39  3633.75   1.76679     28.4913   3603    	Dead: 0
40  3630.4    1.73069     27.9092   3598    	Dead: 0
41  3629.61   1.78573     28.7967   3598    	Dead: 0
42  3628.23   1.78257     28.7457   3597    	Dead: 0
43  3626.99   1.83448     29.5829   3597    	Dead: 0
44  3624.85   1.83425     29.5791   3596    	Dead: 0
45  3623.97   1.86204     30.0273   3596    	Dead: 0
46  3622.13   1.86894     30.1385   3593    	Dead: 0
47  3622.6    1.9424      31.3231   3593    	Dead: 0
48  3619.93   1.88054     30.3255   3593    	Dead: 0
49  3620.94   1.91243     30.8399   3589    	Dead: 0
50  3620.36   1.97923     31.9171   3585    	Dead: 0
51  3619.05   1.91755     30.9224   3585    	Dead: 0
52  3616.86   1.87603     30.2529   3584    	Dead: 0
53  3615.72   1.852       29.8654   3578    	Dead: 0
54  3614      1.91476     30.8774   3578    	Dead: 0
55  3611.45   1.84782     29.7979   3578    	Dead: 0
56  3609.84   1.85378     29.8941   3567    	Dead: 0
57  3605.4    1.72675     27.8456   3567    	Dead: 0
58  3603.4    1.75187     28.2506   3567    	Dead: 0
59  3601.18   1.75214     28.255    3567    	Dead: 0
60  3600.25   1.71757     27.6975   3567    	Dead: 0
61  3598.47   1.6804      27.0981   3565    	Dead: 0
62  3597.67   1.68511     27.1742   3565    	Dead: 0
63  3597.06   1.67834     27.0649   3565    	Dead: 0
64  3596.53   1.6897      27.2481   3564    	Dead: 0
65  3594.08   1.63148     26.3093   3563    	Dead: 0
66  3594.56   1.68613     27.1906   3561    	Dead: 0
67  3592.18   1.59208     25.6739   3561    	Dead: 0
68  3593.18   1.69394     27.3164   3560    	Dead: 0
69  3592.36   1.68653     27.1971   3560    	Dead: 0
70  3592.08   1.62737     26.243    3560    	Dead: 0
71  3591.08   1.60771     25.9259   3560    	Dead: 0
72  3591.58   1.69357     27.3105   3558    	Dead: 0
73  3590.79   1.64481     26.5242   3558    	Dead: 0
74  3589.89   1.65651     26.7128   3558    	Dead: 0
75  3590.54   1.68321     27.1434   3558    	Dead: 0
76  3591.35   1.71386     27.6376   3558    	Dead: 0
77  3590.25   1.73566     27.9892   3558    	Dead: 0
78  3589.31   1.67998     27.0913   3558    	Dead: 0
79  3589.6    1.71257     27.6169   3558    	Dead: 0
80  3589.95   1.75406     28.2859   3558    	Dead: 0
81  3590.29   1.79149     28.8895   3558    	Dead: 0
82  3589.14   1.73209     27.9317   3558    	Dead: 0
83  3588.96   1.73719     28.0139   3556    	Dead: 0
84  3589.88   1.83879     29.6523   3556    	Dead: 0
85  3588.87   1.7835      28.7607   3556    	Dead: 0
86  3588.28   1.73853     28.0355   3556    	Dead: 0
87  3587.11   1.70851     27.5514   3556    	Dead: 0
88  3587.15   1.76132     28.4031   3554    	Dead: 0
89  3588      1.80181     29.0559   3552    	Dead: 0
90  3588.19   1.82982     29.5077   3552    	Dead: 0
91  3587.97   1.80503     29.108    3552    	Dead: 0
92  3588.8    1.87648     30.2602   3552    	Dead: 0
93  3588.72   1.88399     30.3812   3552    	Dead: 0
94  3586.7    1.81204     29.221    3552    	Dead: 0
95  3587.59   1.86314     30.045    3552    	Dead: 0
96  3587.4    1.92071     30.9733   3543    	Dead: 0
97  3585.72   1.91087     30.8148   3543    	Dead: 0
98  3583.8    1.88716     30.4324   3542    	Dead: 0
99  3583.43   1.90965     30.7951   3542    	Dead: 0
100 3581.65   1.84541     29.759    3542    	Dead: 0
