0   4047.09   2.08334     33.596    3936    	Dead: 0
1   3903.41   1.24899     20.1413   3840    	Dead: 0
2   3823.18   0.871269    14.0501   3780    	Dead: 0
3   3786.27   0.699184    11.275    3756    	Dead: 0
4   3760.38   0.7375      11.8929   3728    	Dead: 0
5   3739.55   0.670006    10.8045   3717    	Dead: 0
6   3719.5    0.721129    11.6289   3695    	Dead: 0
7   3707.73   0.723561    11.6681   3681    	Dead: 0
8   3698.13   0.83992     13.5446   3670    	Dead: 0
9   3688.61   0.945422    15.2459   3660    	Dead: 0
10  3680.24   1.01625     16.3881   3650    	Dead: 0
11  3672.73   1.10557     17.8285   3641    	Dead: 0
12  3663.54   1.15103     18.5615   3629    	Dead: 0
13  3652.47   1.16847     18.8427   3622    	Dead: 0
14  3645.64   1.22944     19.826    3619    	Dead: 0
15  3641.95   1.27599     20.5766   3606    	Dead: 0
16  3635.66   1.37845     22.2288   3593    	Dead: 0
17  3624.71   1.38763     22.3769   3590    	Dead: 0
18  3616.82   1.46659     23.6503   3582    	Dead: 0
19  3609.77   1.44485     23.2996   3581    	Dead: 0
20  3609.32   1.60359     25.8595   3580    	Dead: 0
21  3605.16   1.57171     25.3454   3576    	Dead: 0
22  3602.88   1.53108     24.6902   3576    	Dead: 0
23  3601.34   1.6058      25.8952   3571    	Dead: 0
24  3597.93   1.64029     26.4514   3566    	Dead: 0
25  3592.84   1.57986     25.4768   3562    	Dead: 0
26  3589.96   1.61193     25.994    3557    	Dead: 0
27  3582.68   1.54866     24.9736   3556    	Dead: 0
28  3578.38   1.53576     24.7656   3552    	Dead: 0
29  3576.02   1.61911     26.1097   3547    	Dead: 0
30  3570.24   1.44648     23.326    3547    	Dead: 0
31  3566.18   1.41247     22.7775   3536    	Dead: 0
32  3562.56   1.42727     23.0161   3535    	Dead: 0
33  3558.38   1.40812     22.7074   3534    	Dead: 0
34  3555.7    1.52587     24.6062   3529    	Dead: 0
35  3552.76   1.53611     24.7713   3524    	Dead: 0
36  3549.94   1.58879     25.6208   3523    	Dead: 0
37  3546.41   1.65361     26.6661   3518    	Dead: 0
38  3544.95   1.80068     29.0378   3517    	Dead: 0
39  3540.84   1.76989     28.5412   3514    	Dead: 0
40  3539.17   1.87011     30.1573   3508    	Dead: 0
41  3538.39   2.01866     32.5529   3508    	Dead: 0
42  3535.66   1.90395     30.7031   3507    	Dead: 0
43  3534.93   1.96968     31.763    3505    	Dead: 0
44  3533.29   1.92784     31.0883   3503    	Dead: 0
45  3531.88   1.9284      31.0974   3503    	Dead: 0
46  3531.83   2.0436      32.9551   3502    	Dead: 0
47  3528.85   1.91843     30.9366   3498    	Dead: 0
48  3528.75   1.95051     31.4539   3497    	Dead: 0
49  3527.32   2.11496     34.1059   3492    	Dead: 0
50  3524.39   2.08328     33.595    3482    	Dead: 0
51  3522.27   2.24761     36.2449   3482    	Dead: 0
52  3524.78   2.51226     40.5128   3481    	Dead: 0
53  3523.9    2.62219     42.2855   3473    	Dead: 0
54  3523.83   2.65051     42.7422   3473    	Dead: 0
55  3522.74   2.69951     43.5323   3473    	Dead: 0
56  3521.79   2.78979     44.9882   3468    	Dead: 0
57  3520.06   2.65313     42.7843   3468    	Dead: 0
58  3518.38   2.69155     43.4039   3468    	Dead: 0
59  3515.7    2.7137      43.7611   3465    	Dead: 0
60  3509.99   2.59646     41.8705   3465    	Dead: 0
61  3512.05   2.7876      44.9529   3465    	Dead: 0
62  3509.77   2.74132     44.2065   3458    	Dead: 0
63  3508.92   2.76184     44.5374   3449    	Dead: 0
64  3505.4    2.74705     44.299    3449    	Dead: 0
65  3499.97   2.68282     43.2632   3449    	Dead: 0
66  3496.34   2.65968     42.8899   3445    	Dead: 0
67  3492.41   2.60781     42.0536   3445    	Dead: 0
68  3487.15   2.52366     40.6966   3445    	Dead: 0
69  3484.5    2.563       41.3309   3441    	Dead: 0
70  3483.54   2.6015      41.9518   3439    	Dead: 0
71  3481.97   2.66304     42.9442   3436    	Dead: 0
72  3481.45   2.69992     43.5389   3436    	Dead: 0
73  3479.84   2.78578     44.9234   3436    	Dead: 0
74  3478.05   2.74051     44.1934   3436    	Dead: 0
75  3477.42   2.73655     44.1296   3436    	Dead: 0
76  3475.14   2.7421      44.2191   3434    	Dead: 0
77  3475.06   2.77531     44.7546   3434    	Dead: 0
78  3476.94   2.81657     45.42     3431    	Dead: 0
79  3475.87   2.76875     44.6489   3431    	Dead: 0
80  3475.22   2.79916     45.1393   3431    	Dead: 0
81  3474.28   2.7494      44.3369   3429    	Dead: 0
82  3473.91   2.78269     44.8736   3429    	Dead: 0
83  3473.71   2.8346      45.7108   3426    	Dead: 0
84  3472.14   2.79063     45.0017   3425    	Dead: 0
85  3470.08   2.82563     45.5661   3424    	Dead: 0
86  3466.71   2.66386     42.9574   3420    	Dead: 0
87  3464.04   2.67429     43.1256   3420    	Dead: 0
88  3463.78   2.70346     43.596    3419    	Dead: 0
89  3458.21   2.6187      42.2292   3418    	Dead: 0
90  3457.24   2.60952     42.0811   3418    	Dead: 0
91  3456.38   2.69396     43.4428   3417    	Dead: 0
92  3455.89   2.70524     43.6247   3417    	Dead: 0
93  3455.56   2.66361     42.9534   3417    	Dead: 0
94  3453.95   2.64074     42.5845   3416    	Dead: 0
95  3455.26   2.6939      43.4418   3412    	Dead: 0
96  3455.23   2.62306     42.2995   3412    	Dead: 0
97  3455.06   2.67619     43.1563   3412    	Dead: 0
98  3454.99   2.63758     42.5336   3412    	Dead: 0
99  3458.02   2.80397     45.2169   3411    	Dead: 0
100 3458.58   2.87412     46.3481   3411    	Dead: 0
