0   4049.43   2.06165     33.2462   3958    	Dead: 0
1   3911.4    1.02948     16.6014   3851    	Dead: 0
2   3847.47   0.679856    10.9634   3808    	Dead: 0
3   3817.47   0.666703    10.7512   3787    	Dead: 0
4   3797.04   0.861859    13.8983   3756    	Dead: 0
5   3766.21   0.741204    11.9527   3735    	Dead: 0
6   3747.36   0.776307    12.5187   3716    	Dead: 0
7   3731.18   0.887263    14.308    3697    	Dead: 0
8   3715.21   0.930442    15.0043   3681    	Dead: 0
9   3703.29   1.01172     16.3149   3670    	Dead: 0
10  3693.43   1.08411     17.4824   3663    	Dead: 0
11  3687.23   1.19581     19.2837   3653    	Dead: 0
12  3679.37   1.27156     20.5052   3643    	Dead: 0
13  3672.01   1.36826     22.0645   3643    	Dead: 0
14  3660.95   1.40448     22.6486   3637    	Dead: 0
15  3656.2    1.36769     22.0554   3631    	Dead: 0
16  3651.78   1.43494     23.1398   3627    	Dead: 0
17  3646.84   1.58172     25.5069   3624    	Dead: 0
18  3644.91   1.58873     25.6199   3619    	Dead: 0
19  3639.91   1.58985     25.638    3614    	Dead: 0
20  3635.05   1.62194     26.1554   3608    	Dead: 0
21  3629.1    1.58551     25.5679   3600    	Dead: 0
22  3626      1.5779      25.4453   3598    	Dead: 0
23  3623.65   1.71466     27.6506   3589    	Dead: 0
24  3618.69   1.83977     29.6682   3580    	Dead: 0
25  3616.35   2.16071     34.8437   3578    	Dead: 0
26  3612.77   2.2561      36.3818   3574    	Dead: 0
27  3608.63   2.25165     36.3102   3568    	Dead: 0
28  3606.73   2.29136     36.9505   3565    	Dead: 0
29  3604.36   2.35031     37.9011   3565    	Dead: 0
30  3599.36   2.34782     37.861    3560    	Dead: 0
31  3601.7    2.75051     44.3548   3552    	Dead: 0
32  3597.04   2.65432     42.8036   3552    	Dead: 0
33  3600.9    2.97218     47.9294   3552    	Dead: 0
34  3595.37   2.73346     44.0797   3547    	Dead: 0
35  3593.34   2.8327      45.6802   3545    	Dead: 0
36  3583.43   2.6958      43.4724   3540    	Dead: 0
37  3576.16   2.60195     41.959    3533    	Dead: 0
38  3567.9    2.53317     40.85     3524    	Dead: 0
39  3560.06   2.44599     39.444    3520    	Dead: 0
40  3554.29   2.59516     41.8496   3519    	Dead: 0
41  3549.72   2.51957     40.6306   3514    	Dead: 0
42  3547.71   2.47919     39.9794   3511    	Dead: 0
43  3546.14   2.56546     41.3707   3505    	Dead: 0
44  3539.64   2.5471      41.0746   3503    	Dead: 0
45  3534.85   2.46834     39.8045   3499    	Dead: 0
46  3534.59   2.67175     43.0846   3491    	Dead: 0
47  3529.6    2.67031     43.0615   3491    	Dead: 0
48  3530.05   2.84121     45.8174   3490    	Dead: 0
49  3524.34   2.67175     43.0846   3486    	Dead: 0
50  3523.32   2.72768     43.9866   3481    	Dead: 0
51  3519.85   2.70668     43.6478   3481    	Dead: 0
52  3518.75   2.80904     45.2985   3480    	Dead: 0
53  3514.81   2.87973     46.4386   3475    	Dead: 0
54  3512.72   3.04506     49.1046   3474    	Dead: 0
55  3510.64   2.99943     48.3688   3474    	Dead: 0
56  3509.58   3.12734     50.4314   3469    	Dead: 0
57  3509.62   3.2868      53.0029   3468    	Dead: 0
58  3510.23   3.41282     55.0352   3464    	Dead: 0
59  3510.78   3.39479     54.7444   3464    	Dead: 0
60  3510.72   3.40944     54.9806   3463    	Dead: 0
61  3506.73   3.33023     53.7033   3463    	Dead: 0
62  3504.05   3.33426     53.7683   3457    	Dead: 0
63  3498.78   3.38736     54.6246   3451    	Dead: 0
64  3490.63   3.14353     50.6926   3451    	Dead: 0
65  3486.32   3.03214     48.8963   3446    	Dead: 0
66  3492.73   3.46654     55.9014   3445    	Dead: 0
67  3492.41   3.49137     56.3018   3440    	Dead: 0
68  3495.71   3.75651     60.5775   3440    	Dead: 0
69  3490.98   3.53465     56.9998   3440    	Dead: 0
70  3491.76   3.67843     59.3184   3440    	Dead: 0
71  3488.21   3.53509     57.0069   3435    	Dead: 0
72  3487.69   3.61653     58.3202   3435    	Dead: 0
73  3485.14   3.5691      57.5553   3435    	Dead: 0
74  3482.41   3.48384     56.1804   3435    	Dead: 0
75  3479.52   3.5114      56.6248   3435    	Dead: 0
76  3481.76   3.61436     58.2853   3435    	Dead: 0
77  3480.56   3.67186     59.2124   3435    	Dead: 0
78  3480.85   3.63911     58.6843   3434    	Dead: 0
79  3477.88   3.54087     57.1001   3434    	Dead: 0
80  3479.98   3.63706     58.6512   3430    	Dead: 0
81  3479.21   3.5726      57.6117   3430    	Dead: 0
82  3478.09   3.49453     56.3528   3430    	Dead: 0
83  3479.05   3.6281      58.5067   3430    	Dead: 0
84  3479.91   3.57838     57.705    3425    	Dead: 0
85  3477.55   3.55433     57.3171   3425    	Dead: 0
86  3475.81   3.54301     57.1346   3420    	Dead: 0
87  3476.59   3.71669     59.9353   3420    	Dead: 0
88  3474.06   3.65074     58.8718   3420    	Dead: 0
89  3470.96   3.63296     58.5851   3417    	Dead: 0
90  3472.88   3.85593     62.1807   3417    	Dead: 0
91  3469.56   3.82652     61.7064   3417    	Dead: 0
92  3467.83   3.73506     60.2316   3417    	Dead: 0
93  3466.74   3.87971     62.5641   3411    	Dead: 0
94  3465.29   3.7504      60.479    3411    	Dead: 0
95  3466.31   3.73715     60.2652   3411    	Dead: 0
96  3462.28   3.62983     58.5346   3411    	Dead: 0
97  3462.14   3.70756     59.7881   3405    	Dead: 0
98  3460.92   3.68392     59.4069   3405    	Dead: 0
99  3459.67   3.69556     59.5947   3401    	Dead: 0
100 3457.71   3.66161     59.0471   3399    	Dead: 0
