0   4045.74   2.00119     32.2713   3945    	Dead: 0
1   3908.97   1.03741     16.7293   3856    	Dead: 0
2   3838.92   0.761099    12.2735   3798    	Dead: 0
3   3796.62   0.685006    11.0464   3768    	Dead: 0
4   3765.63   0.646467    10.4249   3725    	Dead: 0
5   3745.21   0.721496    11.6348   3720    	Dead: 0
6   3732.98   0.785244    12.6628   3702    	Dead: 0
7   3720.96   0.823718    13.2833   3690    	Dead: 0
8   3709.21   0.782141    12.6128   3682    	Dead: 0
9   3693.69   0.728733    11.7516   3667    	Dead: 0
10  3681.8    0.803253    12.9533   3652    	Dead: 0
11  3667.51   0.8667      13.9764   3637    	Dead: 0
12  3653.15   0.848787    13.6875   3627    	Dead: 0
13  3642.03   0.771488    12.441    3617    	Dead: 0
14  3631.4    0.872016    14.0621   3602    	Dead: 0
15  3620      0.985868    15.8981   3596    	Dead: 0
16  3609.81   1.06848     17.2303   3581    	Dead: 0
17  3597.67   1.05744     17.0523   3572    	Dead: 0
18  3586.6    1.05115     16.9508   3556    	Dead: 0
19  3578.64   1.16468     18.7816   3552    	Dead: 0
20  3570.78   1.13395     18.286    3547    	Dead: 0
21  3567.39   1.23966     19.9907   3543    	Dead: 0
22  3564.46   1.29588     20.8973   3541    	Dead: 0
23  3562.35   1.30465     21.0388   3532    	Dead: 0
24  3562.04   1.47511     23.7876   3532    	Dead: 0
25  3558.98   1.36518     22.0149   3532    	Dead: 0
26  3555.45   1.36714     22.0465   3526    	Dead: 0
27  3552.88   1.49337     24.0822   3517    	Dead: 0
28  3547.95   1.45511     23.4651   3517    	Dead: 0
29  3543.39   1.57037     25.3238   3506    	Dead: 0
30  3537.33   1.52108     24.529    3499    	Dead: 0
31  3530.98   1.60757     25.9236   3499    	Dead: 0
32  3522.21   1.56597     25.2528   3493    	Dead: 0
33  3515.2    1.61412     26.0293   3486    	Dead: 0
34  3509.83   1.74691     28.1706   3482    	Dead: 0
35  3505.92   1.79434     28.9356   3480    	Dead: 0
36  3505.79   1.81526     29.2729   3476    	Dead: 0
37  3505.3    1.89629     30.5796   3476    	Dead: 0
38  3504.82   1.87507     30.2375   3476    	Dead: 0
39  3502.59   1.84479     29.7491   3471    	Dead: 0
40  3503.59   1.93479     31.2004   3470    	Dead: 0
41  3502.16   1.87135     30.1774   3470    	Dead: 0
42  3499.2    1.92945     31.1143   3465    	Dead: 0
43  3499.69   2.05581     33.152    3465    	Dead: 0
44  3495.82   2.0194      32.5649   3465    	Dead: 0
45  3489.53   1.84647     29.7761   3456    	Dead: 0
46  3487.99   2.02498     32.6549   3456    	Dead: 0
47  3486.4    2.06056     33.2286   3455    	Dead: 0
48  3483.2    2.31334     37.3049   3450    	Dead: 0
49  3481.09   2.47854     39.9689   3446    	Dead: 0
50  3477.77   2.37751     38.3397   3445    	Dead: 0
51  3474.86   2.38989     38.5394   3441    	Dead: 0
52  3473.66   2.44283     39.3931   3440    	Dead: 0
53  3469.98   2.39708     38.6553   3434    	Dead: 0
54  3471.45   2.69689     43.4901   3434    	Dead: 0
55  3468.94   2.60702     42.0408   3431    	Dead: 0
56  3466.33   2.66654     43.0006   3427    	Dead: 0
57  3465.18   2.77885     44.8117   3426    	Dead: 0
58  3462.3    2.79266     45.0344   3423    	Dead: 0
59  3457.01   2.70697     43.6527   3412    	Dead: 0
60  3450.08   2.74418     44.2526   3407    	Dead: 0
61  3441.23   2.63364     42.4701   3397    	Dead: 0
62  3436.43   2.75535     44.4329   3392    	Dead: 0
63  3429.2    2.54667     41.0677   3389    	Dead: 0
64  3425.18   2.53161     40.8248   3387    	Dead: 0
65  3425.57   2.54467     41.0353   3379    	Dead: 0
66  3420.2    2.48845     40.1287   3379    	Dead: 0
67  3419.08   2.59806     41.8963   3379    	Dead: 0
68  3417.81   2.6952      43.4628   3379    	Dead: 0
69  3408.53   2.40185     38.7323   3375    	Dead: 0
70  3407.62   2.52096     40.653    3374    	Dead: 0
71  3403.52   2.45177     39.5372   3374    	Dead: 0
72  3400.13   2.38476     38.4567   3370    	Dead: 0
73  3398.39   2.47333     39.8849   3370    	Dead: 0
74  3397.41   2.42066     39.0356   3366    	Dead: 0
75  3399      2.67428     43.1255   3365    	Dead: 0
76  3396.18   2.63754     42.5329   3349    	Dead: 0
77  3393.88   2.75559     44.4366   3349    	Dead: 0
78  3386.74   2.85288     46.0055   3345    	Dead: 0
79  3379.36   2.76753     44.6292   3345    	Dead: 0
80  3378.44   2.88101     46.4592   3345    	Dead: 0
81  3378.67   2.86323     46.1724   3345    	Dead: 0
82  3376.18   2.74177     44.2138   3344    	Dead: 0
83  3373.68   2.71126     43.7217   3340    	Dead: 0
84  3375.53   2.84579     45.8912   3339    	Dead: 0
85  3373.54   2.88487     46.5214   3338    	Dead: 0
86  3371.39   2.76165     44.5344   3338    	Dead: 0
87  3370.28   2.89603     46.7014   3333    	Dead: 0
88  3367.42   2.84491     45.877    3328    	Dead: 0
89  3367.81   2.99595     48.3128   3328    	Dead: 0
90  3362.92   2.83325     45.689    3327    	Dead: 0
91  3359.01   2.84617     45.8973   3323    	Dead: 0
92  3357.86   2.88939     46.5943   3323    	Dead: 0
93  3356.33   2.88593     46.5385   3321    	Dead: 0
94  3357.48   2.99199     48.2489   3321    	Dead: 0
95  3357.09   3.11147     50.1756   3316    	Dead: 0
96  3353.07   2.99997     48.3775   3315    	Dead: 0
97  3352.05   3.05717     49.3      3311    	Dead: 0
98  3347.31   3.00434     48.448    3311    	Dead: 0
99  3348.41   3.24582     52.3421   3311    	Dead: 0
100 3350.47   3.3987      54.8075   3306    	Dead: 0
