0   4048.75   2.05864     33.1977   3946    	Dead: 0
1   3900.47   1.25825     20.2906   3847    	Dead: 0
2   3831.48   0.753776    12.1554   3787    	Dead: 0
3   3786.79   0.761011    12.2721   3755    	Dead: 0
4   3755.05   0.701496    11.3123   3723    	Dead: 0
5   3731.04   0.777978    12.5457   3697    	Dead: 0
6   3717.97   0.844534    13.619    3686    	Dead: 0
7   3710.85   0.941049    15.1754   3681    	Dead: 0
8   3705.94   1.12        18.0612   3676    	Dead: 0
9   3698.01   1.17672     18.9758   3662    	Dead: 0
10  3692.17   1.25842     20.2933   3648    	Dead: 0
11  3687.66   1.46715     23.6592   3648    	Dead: 0
12  3681.91   1.54237     24.8722   3643    	Dead: 0
13  3675.41   1.66775     26.8942   3641    	Dead: 0
14  3671.07   1.74264     28.1018   3638    	Dead: 0
15  3668.84   1.81833     29.3224   3635    	Dead: 0
16  3663.22   1.76148     28.4056   3629    	Dead: 0
17  3658.05   1.65407     26.6735   3628    	Dead: 0
18  3648.12   1.45382     23.4443   3618    	Dead: 0
19  3640.51   1.35721     21.8864   3616    	Dead: 0
20  3631.05   1.26844     20.4548   3609    	Dead: 0
21  3626.35   1.41298     22.7858   3605    	Dead: 0
22  3625.3    1.6615      26.7934   3598    	Dead: 0
23  3624.84   1.83704     29.6241   3592    	Dead: 0
24  3622.56   1.93609     31.2213   3585    	Dead: 0
25  3618.72   1.99907     32.237    3585    	Dead: 0
26  3614.66   2.04052     32.9055   3583    	Dead: 0
27  3614.03   2.11338     34.0804   3580    	Dead: 0
28  3611.68   2.07535     33.467    3577    	Dead: 0
29  3613.74   2.1911      35.3337   3575    	Dead: 0
30  3611.71   2.23915     36.1085   3565    	Dead: 0
31  3608.57   2.24757     36.2444   3561    	Dead: 0
32  3604.2    2.27415     36.6729   3558    	Dead: 0
33  3599.16   2.28563     36.858    3555    	Dead: 0
34  3591      2.22116     35.8183   3554    	Dead: 0
35  3586.62   2.2472      36.2383   3547    	Dead: 0
36  3582.06   2.23698     36.0736   3542    	Dead: 0
37  3580.28   2.29755     37.0503   3542    	Dead: 0
38  3581.62   2.56048     41.2903   3541    	Dead: 0
39  3581.5    2.60438     41.9983   3541    	Dead: 0
40  3579.45   2.61827     42.2222   3541    	Dead: 0
41  3579.38   2.67648     43.161    3541    	Dead: 0
42  3579.42   2.78729     44.9478   3536    	Dead: 0
43  3576.36   2.76613     44.6066   3536    	Dead: 0
44  3573.63   2.72206     43.8959   3536    	Dead: 0
45  3576.78   2.87233     46.3191   3536    	Dead: 0
46  3577.22   2.86919     46.2686   3534    	Dead: 0
47  3578.01   3.01761     48.662    3533    	Dead: 0
48  3573.89   2.96148     47.7569   3533    	Dead: 0
49  3573.42   2.97154     47.9191   3529    	Dead: 0
50  3572.76   2.95597     47.668    3527    	Dead: 0
51  3571.34   2.96237     47.7712   3527    	Dead: 0
52  3569.08   2.97116     47.9129   3525    	Dead: 0
53  3566.82   2.93267     47.2922   3525    	Dead: 0
54  3564.37   2.8638      46.1817   3519    	Dead: 0
55  3558.23   2.64189     42.6032   3517    	Dead: 0
56  3556.63   2.7224      43.9014   3515    	Dead: 0
57  3555.13   2.86946     46.2729   3511    	Dead: 0
58  3554.34   2.95933     47.7222   3510    	Dead: 0
59  3553.97   3.11947     50.3045   3507    	Dead: 0
60  3546.9    2.95668     47.6794   3495    	Dead: 0
61  3541.91   2.8862      46.5428   3495    	Dead: 0
62  3537.72   2.93642     47.3526   3495    	Dead: 0
63  3542.33   3.18403     51.3457   3489    	Dead: 0
64  3535.01   2.96939     47.8844   3489    	Dead: 0
65  3535.74   3.15415     50.8638   3485    	Dead: 0
66  3532.97   3.13052     50.4828   3484    	Dead: 0
67  3525.4    2.95233     47.6094   3482    	Dead: 0
68  3532.17   3.23143     52.11     3482    	Dead: 0
69  3526.57   3.11728     50.2692   3480    	Dead: 0
70  3530.89   3.28737     53.0121   3480    	Dead: 0
71  3528.84   3.31486     53.4554   3477    	Dead: 0
72  3526.83   3.32157     53.5636   3477    	Dead: 0
73  3528.16   3.41041     54.9963   3477    	Dead: 0
74  3524.13   3.35167     54.0491   3476    	Dead: 0
75  3523.84   3.3921      54.701    3476    	Dead: 0
76  3526.32   3.55672     57.3557   3475    	Dead: 0
77  3524.02   3.56021     57.4119   3475    	Dead: 0
78  3525.81   3.73117     60.1689   3473    	Dead: 0
79  3527.36   3.64887     58.8417   3472    	Dead: 0
80  3527.09   3.7702      60.7982   3467    	Dead: 0
81  3526.38   3.79164     61.144    3467    	Dead: 0
82  3522.87   3.69717     59.6205   3466    	Dead: 0
83  3519.49   3.66065     59.0316   3462    	Dead: 0
84  3522.33   3.85468     62.1606   3460    	Dead: 0
85  3522.93   3.94622     63.6368   3459    	Dead: 0
86  3518.43   3.80895     61.4231   3459    	Dead: 0
87  3517.89   3.99512     64.4252   3459    	Dead: 0
88  3514.38   3.87222     62.4434   3458    	Dead: 0
89  3517.87   4.10854     66.2544   3458    	Dead: 0
90  3509.14   3.94455     63.6098   3458    	Dead: 0
91  3508.56   3.88692     62.6804   3458    	Dead: 0
92  3513.25   4.09416     66.0225   3458    	Dead: 0
93  3513.73   4.14646     66.8658   3453    	Dead: 0
94  3510.02   4.01609     64.7635   3453    	Dead: 0
95  3501.98   3.75365     60.5314   3453    	Dead: 0
96  3509.09   4.01366     64.7243   3453    	Dead: 0
97  3501.87   3.6845      59.4162   3453    	Dead: 0
98  3506.31   3.92611     63.3124   3453    	Dead: 0
99  3506.92   3.96408     63.9248   3453    	Dead: 0
100 3508.54   3.94347     63.5924   3452    	Dead: 0
