0   11.6436   0.0430782   0.694679  14.4    
1   14.2786   0.0620694   1.00093   17.4    
2   15.3006   0.0930588   1.50067   19.2    
3   16.2526   0.111852    1.80373   22.8    
4   17.0612   0.129133    2.08241   22.8    
5   17.5436   0.141687    2.28484   22.8    
6   17.9006   0.159997    2.58011   22.8    
7   18.1478   0.172675    2.78456   23      
8   18.3462   0.175414    2.82873   23.2    
9   18.3356   0.184246    2.97114   23.2    
10  18.4642   0.189246    3.05178   24      
11  18.7018   0.190131    3.06605   24      
12  18.6474   0.201081    3.24263   24      
13  18.8376   0.205428    3.31273   24      
14  18.7248   0.209615    3.38025   24.4    
15  18.9256   0.213954    3.45022   24.4    
16  18.9762   0.221942    3.57903   24.4    
17  18.9504   0.220305    3.55264   24.4    
18  19.1472   0.225388    3.63461   25      
19  19.3386   0.216695    3.49442   25      
20  19.4826   0.212727    3.43044   25.4    
21  19.2792   0.239548    3.86295   26.8    
22  19.3638   0.237447    3.82907   26.8    
23  19.623    0.230629    3.71912   26.8    
24  19.5536   0.235527    3.79812   26.8    
25  19.5172   0.245765    3.9632    26.8    
26  19.4196   0.252259    4.06794   26.8    
27  19.6752   0.24446     3.94215   27      
28  19.5864   0.249438    4.02244   27      
29  19.6576   0.253666    4.09062   27      
30  19.7628   0.253245    4.08383   27      
31  19.7652   0.262399    4.23144   27      
32  20.0738   0.248312    4.00427   27      
33  19.8616   0.259625    4.18672   27      
34  19.9638   0.257328    4.14967   27      
35  20.042    0.26664     4.29983   28      
36  19.853    0.272894    4.40069   28      
37  19.9756   0.278657    4.49362   28      
38  20.1502   0.265942    4.28858   28      
39  20.0896   0.277071    4.46805   28      
40  20.0532   0.273711    4.41386   28      
41  20.0666   0.278991    4.499     28      
42  20.2656   0.275646    4.44507   28      
43  20.2616   0.283517    4.572     28.6    
44  20.1998   0.286535    4.62066   28.6    
45  20.358    0.28263     4.55769   28.6    
46  20.2114   0.287012    4.62836   28.6    
47  20.2518   0.288356    4.65002   28.6    
48  20.1992   0.292073    4.70997   28.6    
49  20.3718   0.291732    4.70447   28.6    
50  20.2912   0.287728    4.6399    28.6    
51  21.4852   0.189018    3.0481    28.6    
52  21.6012   0.186211    3.00284   28.6    
53  21.8446   0.187229    3.01925   28.8    
54  21.8954   0.189681    3.05879   28.8    
55  22.206    0.186659    3.01006   28.8    
56  22.3058   0.192492    3.10413   28.8    
57  22.363    0.200764    3.23752   28.8    
58  22.6898   0.191478    3.08778   29.4    
59  22.9956   0.199474    3.21672   29.4    
60  23.2398   0.194533    3.13704   29.8    
61  23.3642   0.203683    3.28459   30.2    
62  23.7136   0.199653    3.21961   31      
63  24.0166   0.203824    3.28686   31      
64  24.3444   0.20903     3.37082   31      
65  24.6786   0.202836    3.27093   31.8    
66  24.8684   0.204734    3.30153   32.4    
67  24.9034   0.213769    3.44723   32.4    
68  25.0498   0.222535    3.5886    32.4    
69  25.232    0.219479    3.53931   32.8    
70  25.1602   0.234687    3.78455   32.8    
71  25.439    0.234041    3.77414   33.8    
72  25.3458   0.247401    3.98958   33.8    
73  25.5932   0.234339    3.77896   33.8    
74  25.5236   0.238672    3.84882   33.8    
75  25.773    0.237292    3.82656   33.8    
76  25.7744   0.242464    3.90998   33.8    
77  25.873    0.241579    3.8957    33.8    
78  25.8564   0.243657    3.92921   33.8    
79  25.7064   0.258234    4.16428   33.8    
80  26.0706   0.247785    3.99578   33.8    
81  25.9892   0.250388    4.03776   33.8    
82  26.0498   0.255514    4.12041   33.8    
83  26.0232   0.258737    4.1724    33.8    
84  26.1      0.252197    4.06693   33.8    
85  26.0816   0.260026    4.19318   33.8    
86  26.0682   0.267596    4.31525   33.8    
87  26.1724   0.267216    4.30913   33.8    
88  26.1082   0.267469    4.3132    33.8    
89  26.1888   0.267613    4.31553   33.8    
90  26.1556   0.264081    4.25858   33.8    
91  26.2234   0.271217    4.37365   33.8    
92  26.23     0.261803    4.22184   33.8    
93  26.3884   0.265528    4.2819    35      
94  26.2632   0.276405    4.45731   35      
95  26.14     0.279845    4.51277   35.8    
96  26.1894   0.287666    4.6389    35.8    
97  26.4092   0.272653    4.3968    35.8    
98  26.4154   0.266443    4.29666   35.8    
99  26.3766   0.271491    4.37807   35.8    
100 26.3752   0.268211    4.32517   35.8    
