0   11.7572   0.0449988   0.72565   14.4    
1   14.3534   0.0668032   1.07727   17.6    
2   15.1918   0.092581    1.49296   18.2    
3   15.7388   0.113447    1.82945   19.6    
4   16.3644   0.132597    2.13826   21      
5   17.0288   0.139327    2.24679   21.4    
6   17.3418   0.166185    2.6799    22.4    
7   17.7036   0.178967    2.88602   22.8    
8   18.1136   0.182465    2.94243   22.8    
9   18.2908   0.193719    3.12392   23      
10  18.4924   0.198637    3.20321   23.4    
11  18.7752   0.202068    3.25856   24.2    
12  18.8942   0.210875    3.40057   24.2    
13  18.8938   0.216439    3.49029   24.2    
14  18.9592   0.229813    3.70596   24.2    
15  19.2336   0.223535    3.60473   25.6    
16  19.0666   0.236013    3.80595   25.6    
17  19.441    0.227591    3.67013   25.6    
18  19.5132   0.231631    3.73529   26.2    
19  19.6002   0.238342    3.8435    26.6    
20  19.6054   0.242709    3.91393   26.6    
21  19.551    0.253474    4.08752   26.6    
22  19.5502   0.262725    4.23671   26.8    
23  19.8724   0.25292     4.07858   27.6    
24  19.9252   0.256128    4.13032   27.6    
25  19.943    0.262094    4.22653   27.6    
26  20.0454   0.25716     4.14696   27.6    
27  20.1664   0.267636    4.3159    27.6    
28  20.1606   0.271967    4.38574   28.4    
29  20.3548   0.266424    4.29636   28.4    
30  20.2578   0.278228    4.48671   28.4    
31  20.5462   0.276204    4.45407   28.8    
32  20.6672   0.276152    4.45322   28.8    
33  20.6992   0.280781    4.52787   28.8    
34  20.7266   0.283092    4.56514   28.8    
35  20.746    0.294252    4.74511   28.8    
36  20.9978   0.281231    4.53514   28.8    
37  20.8612   0.290246    4.68051   28.8    
38  20.964    0.296728    4.78504   28.8    
39  21.1986   0.293953    4.74028   28.8    
40  21.2416   0.293226    4.72856   28.8    
41  21.1204   0.299452    4.82896   29.2    
42  21.1012   0.300092    4.83928   29.2    
43  21.3624   0.298104    4.80723   29.2    
44  21.3552   0.299595    4.83126   29.2    
45  21.2118   0.315053    5.08054   29.2    
46  21.388    0.311527    5.02368   29.4    
47  21.5318   0.315869    5.09371   30      
48  21.5134   0.31084     5.0126    30.2    
49  21.4844   0.315545    5.08848   30.2    
50  21.205    0.318207    5.13141   30.2    
51  22.8368   0.205103    3.3075    30.2    
52  22.801    0.209606    3.38011   30.2    
53  22.849    0.209251    3.37438   30.2    
54  22.8728   0.21217     3.42146   30.2    
55  23.016    0.20676     3.33421   30.2    
56  23.0348   0.20755     3.34695   30.2    
57  23.073    0.211822    3.41584   30.2    
58  23.062    0.211342    3.4081    30.2    
59  23.2468   0.213147    3.43722   30.2    
60  23.3078   0.208507    3.36238   30.2    
61  23.4458   0.206707    3.33335   30.2    
62  23.444    0.216053    3.48406   30.2    
63  23.4648   0.212835    3.43218   30.2    
64  23.533    0.218875    3.52958   30.2    
65  23.6086   0.218018    3.51577   31.2    
66  23.72     0.213244    3.43877   31.2    
67  23.8638   0.214491    3.45887   31.2    
68  23.6104   0.227301    3.66546   31.2    
69  23.9548   0.216621    3.49323   31.2    
70  24.0036   0.220499    3.55576   31.2    
71  24.0292   0.230482    3.71675   31.2    
72  24.2324   0.223499    3.60414   31.2    
73  24.0966   0.228691    3.68787   31.2    
74  24.1708   0.225117    3.63023   31.2    
75  24.3676   0.224978    3.62799   31.4    
76  24.4846   0.22738     3.66674   33      
77  24.3516   0.236484    3.81354   33      
78  24.6172   0.240065    3.87129   33.2    
79  24.701    0.232194    3.74436   33.2    
80  24.7396   0.235755    3.80179   33.2    
81  24.6372   0.245726    3.96258   33.2    
82  25.0768   0.231981    3.74092   33.2    
83  24.9768   0.242337    3.90792   33.2    
84  24.9418   0.240934    3.8853    33.2    
85  25.035    0.239201    3.85735   33.2    
86  25.1796   0.238711    3.84946   33.2    
87  25.13     0.246612    3.97686   33.2    
88  25.2312   0.246484    3.97481   33.2    
89  25.3708   0.241118    3.88826   33.2    
90  25.2994   0.250479    4.03922   33.4    
91  25.4022   0.246411    3.97362   33.4    
92  25.5194   0.243872    3.93269   33.4    
93  25.4044   0.250826    4.04482   33.4    
94  25.4542   0.259045    4.17736   33.4    
95  25.6514   0.252676    4.07466   33.4    
96  25.5384   0.255558    4.12112   33.4    
97  25.464    0.262019    4.22531   33.4    
98  25.5804   0.256414    4.13493   33.4    
99  25.8436   0.250638    4.04179   33.4    
100 25.5922   0.261584    4.21831   33.4    
