0   11.7176   0.0434299   0.70035   14.6    
1   14.2402   0.0583814   0.941458  17.6    
2   15.3634   0.0737261   1.18891   18.6    
3   16.4588   0.0990554   1.59737   20      
4   17.306    0.118833    1.9163    21.4    
5   18.015    0.135317    2.18212   22.4    
6   18.8778   0.142748    2.30196   22.8    
7   19.2836   0.168947    2.72445   25.2    
8   19.6724   0.189124    3.04981   26.4    
9   20.044    0.1942      3.13167   26.4    
10  20.3824   0.214021    3.4513    26.8    
11  20.8608   0.211071    3.40374   27      
12  21.001    0.225451    3.63563   27.8    
13  20.8694   0.237766    3.83421   27.8    
14  21.125    0.240022    3.8706    27.8    
15  21.3172   0.248184    4.00222   27.8    
16  21.5494   0.240948    3.88553   28.6    
17  21.6332   0.249284    4.01995   28.6    
18  21.88     0.248378    4.00534   29      
19  21.9382   0.24689     3.98135   29      
20  22.0266   0.260047    4.19352   29.4    
21  22.2092   0.255443    4.11928   29.4    
22  22.2654   0.263053    4.242     29.6    
23  22.4588   0.26323     4.24484   31.8    
24  22.5012   0.273318    4.40753   31.8    
25  22.719    0.272494    4.39425   31.8    
26  22.6858   0.276829    4.46414   31.8    
27  22.7998   0.283489    4.57154   31.8    
28  23.0748   0.279963    4.51468   31.8    
29  22.9116   0.290217    4.68004   31.8    
30  23.0492   0.287582    4.63755   31.8    
31  23.3086   0.289772    4.67286   31.8    
32  23.1252   0.306232    4.9383    32      
33  23.5442   0.292426    4.71566   32      
34  23.4016   0.306678    4.94549   32      
35  23.5778   0.306702    4.94588   32      
36  23.7222   0.300696    4.84903   32      
37  23.4566   0.309816    4.99609   32      
38  23.9072   0.297866    4.80339   32      
39  23.7076   0.319353    5.14988   32      
40  23.8046   0.314077    5.06481   32      
41  24.1254   0.311578    5.02451   32      
42  24.0654   0.309604    4.99267   32      
43  24.0796   0.312474    5.03896   32      
44  24.1252   0.307068    4.95178   32      
45  24.003    0.321968    5.19205   32      
46  23.8968   0.325861    5.25483   32.6    
47  24.1234   0.317632    5.12213   32.6    
48  24.0346   0.327863    5.28712   32.6    
49  24.2444   0.317925    5.12687   32.6    
50  24.103    0.333246    5.37392   32.6    
51  24.658    0.247505    3.99126   33.6    
52  24.4616   0.250266    4.03579   33.6    
53  24.707    0.237409    3.82846   33.6    
54  24.6472   0.239115    3.85597   33.6    
55  24.714    0.236299    3.81056   33.6    
56  24.6924   0.235014    3.78983   33.6    
57  24.6614   0.241647    3.8968    33.6    
58  24.983    0.227387    3.66684   33.6    
59  24.8254   0.243647    3.92906   33.6    
60  24.8668   0.239156    3.85663   33.6    
61  24.7966   0.233972    3.77303   33.6    
62  24.9208   0.239636    3.86438   33.6    
63  25.0606   0.234099    3.77508   33.6    
64  24.9714   0.238775    3.85049   33.6    
65  25.057    0.235439    3.79669   33.6    
66  25.2668   0.227324    3.66582   34      
67  25.1344   0.229789    3.70558   34      
68  25.0344   0.243296    3.92339   34      
69  25.3858   0.231058    3.72605   34      
70  25.449    0.233141    3.75963   34      
71  25.2702   0.242194    3.90563   34      
72  25.4292   0.234174    3.77629   34      
73  25.377    0.240818    3.88343   34      
74  25.4206   0.237221    3.82543   34      
75  25.4744   0.244253    3.93882   34      
76  25.4778   0.248091    4.00071   34      
77  25.6252   0.240114    3.87208   34      
78  25.5848   0.239228    3.85778   34      
79  25.555    0.24433     3.94007   34      
80  25.622    0.249125    4.01739   34      
81  25.6566   0.246331    3.97233   34      
82  25.748    0.241165    3.88902   34      
83  25.6918   0.245441    3.95798   34      
84  25.8064   0.243811    3.9317    34      
85  25.8132   0.248068    4.00034   34      
86  25.7824   0.257642    4.15473   34      
87  25.7824   0.252871    4.0778    34      
88  25.911    0.242083    3.90383   34      
89  25.987    0.245144    3.9532    34      
90  25.8594   0.252586    4.0732    34      
91  26.0244   0.252472    4.07136   34      
92  26.0452   0.251946    4.06288   34      
93  26.0956   0.248777    4.01177   34      
94  26.3198   0.249154    4.01785   36      
95  26.2518   0.251649    4.0581    36      
96  26.2918   0.249661    4.02604   36      
97  26.3152   0.253763    4.09218   36      
98  26.3788   0.257731    4.15617   36      
99  26.3684   0.26153     4.21743   36      
100 26.4474   0.262768    4.23739   36      
