0   51.6644   0.105293    1.69795   46.2949 	Dead: 0
1   49.9711   0.106128    1.71142   45.236  	Dead: 0
2   48.6139   0.103814    1.67411   43.9656 	Dead: 0
3   47.3864   0.0941749   1.51866   42.3726 	Dead: 0
4   46.3341   0.0870612   1.40395   42.3726 	Dead: 0
5   45.4258   0.0767536   1.23773   41.9132 	Dead: 0
6   44.7471   0.074319    1.19847   40.9489 	Dead: 0
7   44.2096   0.0722623   1.1653    40.9489 	Dead: 0
8   43.6983   0.0677425   1.09241   40.1054 	Dead: 0
9   43.2366   0.0691854   1.11568   40.1054 	Dead: 0
10  42.7812   0.0676369   1.09071   39.7927 	Dead: 0
11  42.3223   0.0642099   1.03545   39.363  	Dead: 0
12  41.9878   0.062963    1.01534   39.3259 	Dead: 0
13  41.6701   0.0610996   0.985292  39.2662 	Dead: 0
14  41.4061   0.0620707   1.00095   38.2765 	Dead: 0
15  41.2282   0.0617514   0.995803  38.2765 	Dead: 0
16  40.9697   0.0624734   1.00745   38.2765 	Dead: 0
17  40.797    0.0607477   0.979617  38.1261 	Dead: 0
18  40.6085   0.0627503   1.01191   38.1261 	Dead: 0
19  40.3817   0.0614049   0.990215  37.9677 	Dead: 0
20  40.1479   0.0575612   0.928233  37.9677 	Dead: 0
21  39.9444   0.0554654   0.894435  36.8873 	Dead: 0
22  39.7348   0.054532    0.879382  36.8873 	Dead: 0
23  39.5637   0.0559626   0.902453  36.8873 	Dead: 0
24  39.3504   0.0573602   0.924991  36.8873 	Dead: 0
25  39.1635   0.0577104   0.930638  36.6405 	Dead: 0
26  38.9627   0.0588127   0.948413  36.6258 	Dead: 0
27  38.7364   0.0558113   0.900012  36.4103 	Dead: 0
28  38.5106   0.0560018   0.903084  35.9591 	Dead: 0
29  38.3189   0.0580216   0.935657  35.9591 	Dead: 0
30  38.0848   0.0561374   0.905271  35.9591 	Dead: 0
31  37.9061   0.0564008   0.909519  35.5939 	Dead: 0
32  37.7961   0.0584069   0.94187   35.5939 	Dead: 0
33  37.649    0.0567914   0.915818  35.5939 	Dead: 0
34  37.5091   0.0575901   0.928698  35.5508 	Dead: 0
35  37.3821   0.0565911   0.912588  34.9755 	Dead: 0
36  37.236    0.0567193   0.914655  34.9755 	Dead: 0
37  37.105    0.0556955   0.898145  34.9755 	Dead: 0
38  36.954    0.0534757   0.86235   34.8393 	Dead: 0
39  36.8356   0.0548896   0.885149  34.7143 	Dead: 0
40  36.7404   0.0548344   0.884259  34.5112 	Dead: 0
41  36.6316   0.055245    0.890882  34.4308 	Dead: 0
42  36.4898   0.0570468   0.919936  34.2309 	Dead: 0
43  36.3135   0.0565459   0.911859  34.1083 	Dead: 0
44  36.1675   0.0547048   0.88217   33.7036 	Dead: 0
45  36.0572   0.0554827   0.894714  33.7036 	Dead: 0
46  35.9248   0.055402    0.893412  33.7036 	Dead: 0
47  35.8419   0.0560091   0.903203  33.7036 	Dead: 0
48  35.7271   0.0570744   0.920382  33.4087 	Dead: 0
49  35.5873   0.0559285   0.901904  33.4087 	Dead: 0
50  35.535    0.0578495   0.932881  33.0889 	Dead: 0
51  35.4431   0.0571383   0.921413  33.0889 	Dead: 0
52  35.3319   0.0567292   0.914815  33.0889 	Dead: 0
53  35.2435   0.0570043   0.919251  33.0889 	Dead: 0
54  35.2051   0.0570615   0.920174  32.7502 	Dead: 0
55  35.1209   0.0572188   0.922711  32.7502 	Dead: 0
56  35.0547   0.0581603   0.937893  32.7502 	Dead: 0
57  35.0235   0.0613411   0.989187  32.7502 	Dead: 0
58  34.9582   0.0607157   0.979101  32.69   	Dead: 0
59  34.8559   0.0580257   0.935723  32.69   	Dead: 0
60  34.8423   0.0612069   0.987022  32.6069 	Dead: 0
61  34.7908   0.063089    1.01737   32.6069 	Dead: 0
62  34.6779   0.0604132   0.974224  32.1177 	Dead: 0
63  34.6456   0.061945    0.998924  32.1177 	Dead: 0
64  34.5351   0.0598381   0.964949  32.1177 	Dead: 0
65  34.5143   0.0632525   1.02001   32.0157 	Dead: 0
66  34.4317   0.0644768   1.03975   31.7386 	Dead: 0
67  34.2458   0.0603081   0.972528  31.1845 	Dead: 0
68  34.1843   0.0643712   1.03805   31.1845 	Dead: 0
69  34.0427   0.0635341   1.02455   30.8096 	Dead: 0
70  33.9635   0.0663718   1.07031   30.8096 	Dead: 0
71  33.8046   0.0617187   0.995276  30.8096 	Dead: 0
72  33.683    0.0641884   1.0351    30.3642 	Dead: 0
73  33.4952   0.0610486   0.98447   30.3642 	Dead: 0
74  33.3079   0.0622894   1.00448   30.3642 	Dead: 0
75  33.1402   0.0620557   1.00071   30.3642 	Dead: 0
76  32.9914   0.0631458   1.01829   30.3642 	Dead: 0
77  32.7834   0.0611269   0.985732  30.0176 	Dead: 0
78  32.6377   0.0602455   0.971518  30.0176 	Dead: 0
79  32.5267   0.0624693   1.00738   29.7467 	Dead: 0
80  32.416    0.061033    0.984218  29.6878 	Dead: 0
81  32.3019   0.0628329   1.01324   29.6878 	Dead: 0
82  32.1605   0.0620913   1.00128   29.5653 	Dead: 0
83  32.0581   0.0629938   1.01584   29.5653 	Dead: 0
84  31.9868   0.0658427   1.06178   29.5653 	Dead: 0
85  31.8893   0.0660649   1.06536   29.5653 	Dead: 0
86  31.7977   0.0649981   1.04816   29.5653 	Dead: 0
87  31.7366   0.0650756   1.04941   29.5653 	Dead: 0
88  31.613    0.0654652   1.05569   29.2956 	Dead: 0
89  31.5667   0.0664739   1.07196   29.2956 	Dead: 0
90  31.4927   0.0662678   1.06863   29.0345 	Dead: 0
91  31.4167   0.0665912   1.07385   28.9311 	Dead: 0
92  31.3461   0.0695283   1.12121   28.8114 	Dead: 0
93  31.1507   0.0637082   1.02736   28.4515 	Dead: 0
94  31.1011   0.0670697   1.08157   28.4515 	Dead: 0
95  30.9734   0.0627017   1.01113   28.4515 	Dead: 0
96  31.0047   0.0694667   1.12022   28.4515 	Dead: 0
97  30.9139   0.0675482   1.08928   28.4515 	Dead: 0
98  30.8075   0.0665043   1.07245   28.4515 	Dead: 0
99  30.7065   0.0653087   1.05317   28.4515 	Dead: 0
100 30.6071   0.0636949   1.02714   28.2826 	Dead: 0
