0   50.6515   0.108717    1.75317   45.5804 	Dead: 0
1   49.323    0.107198    1.72867   44.2455 	Dead: 0
2   48.0908   0.102991    1.66083   43.4473 	Dead: 0
3   46.986    0.0948991   1.53034   42.2947 	Dead: 0
4   46.0208   0.0888867   1.43339   42.2947 	Dead: 0
5   45.1783   0.0832502   1.34249   41.3136 	Dead: 0
6   44.4844   0.0801912   1.29316   40.5904 	Dead: 0
7   43.8667   0.07481     1.20639   40.2351 	Dead: 0
8   43.2969   0.0685277   1.10508   39.5299 	Dead: 0
9   42.872    0.0678324   1.09387   39.5299 	Dead: 0
10  42.4998   0.0662475   1.06831   39.5299 	Dead: 0
11  42.2137   0.0670568   1.08136   39.0901 	Dead: 0
12  41.8952   0.0645155   1.04038   39.0901 	Dead: 0
13  41.6465   0.0649165   1.04684   39.0901 	Dead: 0
14  41.405    0.0657184   1.05978   38.6934 	Dead: 0
15  41.1509   0.0636044   1.02568   37.4862 	Dead: 0
16  40.925    0.0627334   1.01164   37.4862 	Dead: 0
17  40.7464   0.0632336   1.0197    37.4862 	Dead: 0
18  40.5683   0.0615278   0.992197  37.4862 	Dead: 0
19  40.4482   0.0623692   1.00577   37.4862 	Dead: 0
20  40.3044   0.0629806   1.01562   37.3883 	Dead: 0
21  40.2291   0.0666003   1.074     37.3386 	Dead: 0
22  40.0805   0.0619582   0.999137  37.166  	Dead: 0
23  40.0272   0.0668079   1.07734   37.166  	Dead: 0
24  39.908    0.0668381   1.07783   37.166  	Dead: 0
25  39.821    0.0671858   1.08344   37.166  	Dead: 0
26  39.6899   0.0648798   1.04625   37.166  	Dead: 0
27  39.5714   0.0661246   1.06633   36.6581 	Dead: 0
28  39.4769   0.0674129   1.0871    36.6581 	Dead: 0
29  39.3828   0.0693217   1.11788   36.4139 	Dead: 0
30  39.2121   0.0645404   1.04078   36.4139 	Dead: 0
31  39.0661   0.0661726   1.0671    36.4139 	Dead: 0
32  38.9344   0.0670374   1.08105   36.4139 	Dead: 0
33  38.7684   0.0646465   1.04249   36.4139 	Dead: 0
34  38.6729   0.065681    1.05917   36.3963 	Dead: 0
35  38.5792   0.0667891   1.07704   36.3963 	Dead: 0
36  38.524    0.0727746   1.17356   35.5353 	Dead: 0
37  38.3652   0.0667273   1.07604   35.5353 	Dead: 0
38  38.3111   0.0684329   1.10355   35.5353 	Dead: 0
39  38.2337   0.0707737   1.1413    35.5213 	Dead: 0
40  38.1449   0.0675563   1.08941   35.5213 	Dead: 0
41  38.0746   0.068807    1.10958   35.184  	Dead: 0
42  37.9417   0.0674654   1.08795   35.184  	Dead: 0
43  37.825    0.0672711   1.08481   35.184  	Dead: 0
44  37.7317   0.0678795   1.09463   35.184  	Dead: 0
45  37.6626   0.0691335   1.11485   35.184  	Dead: 0
46  37.5398   0.0689188   1.11138   34.3151 	Dead: 0
47  37.423    0.0688337   1.11001   34.3151 	Dead: 0
48  37.3136   0.0684095   1.10317   34.3151 	Dead: 0
49  37.1793   0.0670541   1.08131   34.1008 	Dead: 0
50  37.0542   0.0691208   1.11464   34.1008 	Dead: 0
51  36.9342   0.0695987   1.12235   34.1008 	Dead: 0
52  36.7422   0.0641088   1.03382   34.1008 	Dead: 0
53  36.6452   0.0642735   1.03647   34.1008 	Dead: 0
54  36.5604   0.0660492   1.06511   34.1008 	Dead: 0
55  36.5038   0.0695229   1.12113   34.1008 	Dead: 0
56  36.3236   0.066804    1.07728   34.1008 	Dead: 0
57  36.2274   0.0654988   1.05623   33.5834 	Dead: 0
58  36.0783   0.0624123   1.00646   33.5834 	Dead: 0
59  35.9938   0.063026    1.01636   33.5834 	Dead: 0
60  35.9267   0.0645763   1.04136   33.5834 	Dead: 0
61  35.8698   0.0639228   1.03082   33.5834 	Dead: 0
62  35.8065   0.0674336   1.08743   33.4637 	Dead: 0
63  35.7485   0.067997    1.09652   32.8645 	Dead: 0
64  35.6419   0.0687461   1.1086    32.5842 	Dead: 0
65  35.6101   0.0697887   1.12541   32.5842 	Dead: 0
66  35.5204   0.0686965   1.1078    32.5842 	Dead: 0
67  35.4976   0.0695174   1.12104   32.5842 	Dead: 0
68  35.4201   0.0699365   1.1278    32.5842 	Dead: 0
69  35.3379   0.0678837   1.09469   32.5842 	Dead: 0
70  35.2932   0.0681528   1.09903   32.5842 	Dead: 0
71  35.257    0.0699549   1.12809   32.5842 	Dead: 0
72  35.1783   0.0707219   1.14046   32.5842 	Dead: 0
73  35.1151   0.0690714   1.11385   32.5842 	Dead: 0
74  35.0887   0.0708189   1.14202   32.5842 	Dead: 0
75  35.0001   0.0690912   1.11417   32.5842 	Dead: 0
76  34.9256   0.0688138   1.10969   32.2822 	Dead: 0
77  34.8808   0.0704805   1.13657   32.2822 	Dead: 0
78  34.8088   0.0697287   1.12445   32.2822 	Dead: 0
79  34.7497   0.0714907   1.15286   31.9591 	Dead: 0
80  34.672    0.0706783   1.13976   31.9591 	Dead: 0
81  34.581    0.0695802   1.12205   31.9591 	Dead: 0
82  34.4541   0.0690737   1.11388   31.5379 	Dead: 0
83  34.3632   0.0701743   1.13163   31.5379 	Dead: 0
84  34.2347   0.0685174   1.10491   31.5379 	Dead: 0
85  34.149    0.0704329   1.1358    31.5379 	Dead: 0
86  33.9468   0.0677987   1.09332   31.5379 	Dead: 0
87  33.8564   0.06625     1.06835   31.5334 	Dead: 0
88  33.7673   0.0688378   1.11008   30.57   	Dead: 0
89  33.6186   0.0676105   1.09029   30.57   	Dead: 0
90  33.4957   0.0670294   1.08092   30.57   	Dead: 0
91  33.3899   0.0699104   1.12737   30.57   	Dead: 0
92  33.2394   0.0673543   1.08616   30.57   	Dead: 0
93  33.1738   0.0693916   1.11901   30.4069 	Dead: 0
94  33.0642   0.0708396   1.14236   30.4069 	Dead: 0
95  32.9479   0.0704438   1.13598   29.7315 	Dead: 0
96  32.8953   0.0714539   1.15227   29.7315 	Dead: 0
97  32.8246   0.0700519   1.12966   29.7315 	Dead: 0
98  32.7276   0.071477    1.15264   29.7315 	Dead: 0
99  32.6492   0.070777    1.14135   29.7315 	Dead: 0
100 32.5933   0.0738499   1.1909    29.7315 	Dead: 0
