0   51.5134   0.107178    1.72836   45.8747 	Dead: 0
1   49.985    0.107208    1.72883   45.2759 	Dead: 0
2   48.8047   0.0985035   1.58847   44.1644 	Dead: 0
3   47.84     0.0918662   1.48143   44.0309 	Dead: 0
4   47.0341   0.088713    1.43059   42.9503 	Dead: 0
5   46.2996   0.086912    1.40154   41.4962 	Dead: 0
6   45.6421   0.0833011   1.34331   41.4962 	Dead: 0
7   45.0522   0.0839289   1.35344   41.4962 	Dead: 0
8   44.4772   0.081333    1.31158   40.947  	Dead: 0
9   43.9026   0.0729969   1.17715   40.7592 	Dead: 0
10  43.4009   0.0745926   1.20288   40.0711 	Dead: 0
11  42.8701   0.0683084   1.10154   38.3822 	Dead: 0
12  42.4332   0.066875    1.07843   38.3822 	Dead: 0
13  42.0339   0.0654316   1.05515   38.3822 	Dead: 0
14  41.6331   0.0617212   0.995316  38.3822 	Dead: 0
15  41.3265   0.0621356   1.002     38.3822 	Dead: 0
16  41.0313   0.0589821   0.951146  38.3822 	Dead: 0
17  40.8012   0.0598447   0.965056  38.2154 	Dead: 0
18  40.5842   0.061165    0.986346  38.1577 	Dead: 0
19  40.3419   0.0588301   0.948694  37.4612 	Dead: 0
20  40.1721   0.061123    0.98567   37.2874 	Dead: 0
21  39.9669   0.0618028   0.996632  37.2874 	Dead: 0
22  39.767    0.0633701   1.02191   36.5057 	Dead: 0
23  39.5753   0.0648164   1.04523   36.3349 	Dead: 0
24  39.3891   0.0624777   1.00752   36.3349 	Dead: 0
25  39.1928   0.0586302   0.945471  36.3349 	Dead: 0
26  39.0496   0.0610965   0.985241  36.3087 	Dead: 0
27  38.8902   0.0618291   0.997056  36.3087 	Dead: 0
28  38.7208   0.0623923   1.00614   36.2479 	Dead: 0
29  38.5419   0.0612788   0.988182  35.397  	Dead: 0
30  38.4139   0.0604683   0.975112  35.397  	Dead: 0
31  38.2848   0.0619113   0.998382  35.397  	Dead: 0
32  38.1516   0.0614094   0.990288  35.3275 	Dead: 0
33  38.0676   0.0620458   1.00055   35.3275 	Dead: 0
34  37.9319   0.0629521   1.01516   34.7924 	Dead: 0
35  37.8117   0.0623349   1.00521   34.7924 	Dead: 0
36  37.6926   0.0624117   1.00645   34.7924 	Dead: 0
37  37.5614   0.0604178   0.974297  34.7924 	Dead: 0
38  37.4707   0.0595846   0.960861  34.7924 	Dead: 0
39  37.4196   0.0641947   1.0352    34.5857 	Dead: 0
40  37.2775   0.0609682   0.983172  34.5857 	Dead: 0
41  37.2006   0.0631537   1.01842   34.5857 	Dead: 0
42  37.1496   0.0644359   1.03909   34.5487 	Dead: 0
43  37.0851   0.0652562   1.05232   34.5487 	Dead: 0
44  36.9594   0.0654461   1.05538   34.5487 	Dead: 0
45  36.8623   0.0659748   1.06391   34.4666 	Dead: 0
46  36.7164   0.062374    1.00584   34.2867 	Dead: 0
47  36.5633   0.0611424   0.985983  34.0544 	Dead: 0
48  36.5042   0.0630836   1.01729   34.0544 	Dead: 0
49  36.4107   0.0628907   1.01418   34.0544 	Dead: 0
50  36.3031   0.0640346   1.03262   34.0544 	Dead: 0
51  36.2775   0.0641508   1.0345    34.0544 	Dead: 0
52  36.2119   0.0608765   0.981695  34.0544 	Dead: 0
53  36.1136   0.0624764   1.00749   33.82   	Dead: 0
54  36.0516   0.0641153   1.03392   33.5099 	Dead: 0
55  35.9482   0.061895    0.998118  33.5099 	Dead: 0
56  35.9043   0.0616294   0.993836  33.5099 	Dead: 0
57  35.9143   0.0666201   1.07432   33.5099 	Dead: 0
58  35.8196   0.0638043   1.02891   33.4897 	Dead: 0
59  35.6848   0.0603747   0.973603  33.4897 	Dead: 0
60  35.6358   0.0621033   1.00148   32.6226 	Dead: 0
61  35.5536   0.0613761   0.98975   32.6226 	Dead: 0
62  35.5058   0.0661347   1.06649   32.6226 	Dead: 0
63  35.4022   0.0626234   1.00986   32.6226 	Dead: 0
64  35.3143   0.0643201   1.03723   32.4942 	Dead: 0
65  35.2017   0.0652543   1.05229   32.4942 	Dead: 0
66  35.0461   0.0635376   1.02461   32.4942 	Dead: 0
67  34.8676   0.0584541   0.94263   32.4546 	Dead: 0
68  34.8235   0.0641765   1.03491   32.4546 	Dead: 0
69  34.6881   0.0643142   1.03713   32.2427 	Dead: 0
70  34.5443   0.06046     0.974978  31.8404 	Dead: 0
71  34.4762   0.063939    1.03108   31.8404 	Dead: 0
72  34.3627   0.0618535   0.997449  31.5685 	Dead: 0
73  34.2982   0.0648166   1.04523   31.5685 	Dead: 0
74  34.2427   0.0667209   1.07594   31.5685 	Dead: 0
75  34.0896   0.0643059   1.037     31.5685 	Dead: 0
76  34.0095   0.0681474   1.09895   31.2547 	Dead: 0
77  33.8979   0.0670753   1.08166   31.2547 	Dead: 0
78  33.7781   0.0667243   1.076     31.025  	Dead: 0
79  33.686    0.0705716   1.13804   31.025  	Dead: 0
80  33.5224   0.0704461   1.13601   30.3775 	Dead: 0
81  33.3374   0.0682546   1.10067   30.3775 	Dead: 0
82  33.1387   0.0670217   1.08079   30.3775 	Dead: 0
83  33.039    0.0698835   1.12694   30.3775 	Dead: 0
84  32.8943   0.0678857   1.09472   30.3775 	Dead: 0
85  32.7916   0.0682952   1.10133   30.204  	Dead: 0
86  32.7077   0.070585    1.13825   29.9551 	Dead: 0
87  32.5499   0.0695009   1.12077   29.9551 	Dead: 0
88  32.4741   0.0704968   1.13683   29.9551 	Dead: 0
89  32.3489   0.0701412   1.1311    29.6583 	Dead: 0
90  32.3034   0.0719259   1.15988   29.6583 	Dead: 0
91  32.2281   0.0708204   1.14205   29.6583 	Dead: 0
92  32.2073   0.074171    1.19608   29.6583 	Dead: 0
93  32.1497   0.0759003   1.22397   29.6583 	Dead: 0
94  32.0078   0.0714059   1.15149   29.5145 	Dead: 0
95  31.9612   0.0738078   1.19022   29.5145 	Dead: 0
96  31.8965   0.075228    1.21313   28.9613 	Dead: 0
97  31.8041   0.0742474   1.19731   28.9613 	Dead: 0
98  31.7606   0.0767477   1.23763   28.9613 	Dead: 0
99  31.6234   0.0721713   1.16383   28.9613 	Dead: 0
100 31.6148   0.0748096   1.20638   28.9613 	Dead: 0
