0   4.38818   0.063634    1.02616   1.99711 	Dead: 0
1   3.85396   0.0554642   0.894416  1.99711 	Dead: 0
2   3.62935   0.0543454   0.876374  1.99711 	Dead: 0
3   3.4395    0.0515065   0.830594  1.99711 	Dead: 0
4   3.31068   0.0493718   0.796169  1.99711 	Dead: 0
5   3.22971   0.0498569   0.803992  1.99231 	Dead: 0
6   3.14624   0.0481646   0.776702  1.99094 	Dead: 0
7   3.06683   0.0461446   0.744127  1.98096 	Dead: 0
8   3.04403   0.0486145   0.783958  1.81125 	Dead: 0
9   2.98683   0.0468324   0.755219  1.81125 	Dead: 0
10  2.93357   0.0439897   0.709378  1.74333 	Dead: 0
11  2.93618   0.0489137   0.788783  1.74333 	Dead: 0
12  2.84601   0.0443027   0.714426  1.73805 	Dead: 0
13  2.88359   0.0505624   0.81537   1.73805 	Dead: 0
14  2.81791   0.0434406   0.700523  1.73805 	Dead: 0
15  2.7771    0.0417022   0.672489  1.73805 	Dead: 0
16  2.75889   0.0447396   0.72147   1.70053 	Dead: 0
17  2.73616   0.0436611   0.704079  1.70053 	Dead: 0
18  2.73962   0.0431966   0.696588  1.70053 	Dead: 0
19  2.7134    0.0429888   0.693237  1.70053 	Dead: 0
20  2.70218   0.0450014   0.725692  1.70053 	Dead: 0
21  2.6942    0.0453626   0.731518  1.70053 	Dead: 0
22  2.6651    0.0448432   0.723141  1.70053 	Dead: 0
23  2.64196   0.0415074   0.669349  1.70053 	Dead: 0
24  2.61805   0.0433605   0.699231  1.70053 	Dead: 0
25  2.62129   0.042284    0.681872  1.70053 	Dead: 0
26  2.62038   0.043616    0.703351  1.70053 	Dead: 0
27  2.62899   0.0419991   0.677278  1.70053 	Dead: 0
28  2.59993   0.0419536   0.676543  1.49089 	Dead: 0
29  2.56853   0.0418616   0.67506   1.49089 	Dead: 0
30  2.59463   0.0416805   0.67214   1.49089 	Dead: 0
31  2.5619    0.0412085   0.664528  1.49089 	Dead: 0
32  2.55309   0.0400864   0.646434  1.49089 	Dead: 0
33  2.54764   0.0416591   0.671795  1.49089 	Dead: 0
34  2.52481   0.0403548   0.650761  1.49089 	Dead: 0
35  2.537     0.0420948   0.678822  1.49089 	Dead: 0
36  2.51098   0.0416034   0.670897  1.49089 	Dead: 0
37  2.4777    0.0384016   0.619265  1.49089 	Dead: 0
38  2.51528   0.042729    0.689048  1.49089 	Dead: 0
39  2.45719   0.0393562   0.634658  1.49089 	Dead: 0
40  2.46154   0.0393369   0.634346  1.49089 	Dead: 0
41  2.46473   0.0405684   0.654206  1.49089 	Dead: 0
42  2.44366   0.0391957   0.63207   1.49089 	Dead: 0
43  2.38884   0.0358308   0.577808  1.49089 	Dead: 0
44  2.39268   0.0381397   0.615041  1.49089 	Dead: 0
45  2.36094   0.0376954   0.607876  1.49089 	Dead: 0
46  2.30692   0.033568    0.541317  1.49089 	Dead: 0
47  2.30586   0.0337563   0.544354  1.49089 	Dead: 0
48  2.28658   0.0336813   0.543144  1.49089 	Dead: 0
49  2.25896   0.0340112   0.548464  1.49089 	Dead: 0
50  2.26807   0.0346779   0.559216  1.44951 	Dead: 0
51  2.25489   0.0342155   0.551759  1.44951 	Dead: 0
52  2.22853   0.0334395   0.539245  1.44951 	Dead: 0
53  2.21388   0.0348472   0.561946  1.44951 	Dead: 0
54  2.2022    0.034374    0.554315  1.44951 	Dead: 0
55  2.17606   0.0315729   0.509144  1.44951 	Dead: 0
56  2.17323   0.0318419   0.513483  1.44951 	Dead: 0
57  2.15814   0.0311614   0.502509  1.44951 	Dead: 0
58  2.134     0.0300964   0.485334  1.44951 	Dead: 0
59  2.13418   0.029904    0.482233  1.44951 	Dead: 0
60  2.12519   0.0317567   0.512109  1.44951 	Dead: 0
61  2.10845   0.030673    0.494633  1.44951 	Dead: 0
62  2.09583   0.0304197   0.490548  1.44951 	Dead: 0
63  2.08192   0.0283029   0.456413  1.44951 	Dead: 0
64  2.08975   0.0298235   0.480935  1.38655 	Dead: 0
65  2.07061   0.0290417   0.468326  1.38655 	Dead: 0
66  2.06153   0.0296343   0.477883  1.38655 	Dead: 0
67  2.05562   0.0315132   0.508182  1.38655 	Dead: 0
68  2.04073   0.0290666   0.468728  1.38655 	Dead: 0
69  2.057     0.0306562   0.494362  1.38655 	Dead: 0
70  2.05545   0.0296136   0.477549  1.38655 	Dead: 0
71  2.09153   0.0324612   0.523469  1.38655 	Dead: 0
72  2.05054   0.0304789   0.491504  1.38655 	Dead: 0
73  2.01282   0.0290366   0.468244  1.38655 	Dead: 0
74  2.0212    0.0298484   0.481336  1.38655 	Dead: 0
75  2.02173   0.0293803   0.473787  1.38655 	Dead: 0
76  2.01154   0.0283426   0.457053  1.38655 	Dead: 0
77  2.01089   0.0297172   0.47922   1.38655 	Dead: 0
78  1.99894   0.0280259   0.451945  1.38655 	Dead: 0
79  1.98538   0.0287835   0.464163  1.38655 	Dead: 0
80  1.98507   0.0281931   0.454642  1.35464 	Dead: 0
81  2.00175   0.0310609   0.500888  1.35464 	Dead: 0
82  1.99851   0.028143    0.453834  1.35464 	Dead: 0
83  1.97574   0.0283332   0.4569    1.28208 	Dead: 0
84  1.98705   0.0281335   0.453681  1.28208 	Dead: 0
85  1.98465   0.0289944   0.467565  1.28208 	Dead: 0
86  1.97467   0.0286761   0.462432  1.28208 	Dead: 0
87  1.97159   0.0287719   0.463975  1.28208 	Dead: 0
88  1.97075   0.0294054   0.474191  1.28208 	Dead: 0
89  1.9533    0.028442    0.458655  1.28208 	Dead: 0
90  1.96832   0.0288804   0.465725  1.28208 	Dead: 0
91  1.93998   0.027483    0.443191  1.28208 	Dead: 0
92  1.95596   0.0282221   0.45511   1.28208 	Dead: 0
93  1.94641   0.0275683   0.444567  1.28208 	Dead: 0
94  1.96458   0.0292018   0.470908  1.28208 	Dead: 0
95  1.96085   0.0291992   0.470866  1.28208 	Dead: 0
96  1.95039   0.0288172   0.464706  1.28208 	Dead: 0
97  1.95355   0.0293946   0.474017  1.28208 	Dead: 0
98  1.94851   0.0295536   0.476582  1.28208 	Dead: 0
99  1.96784   0.0291168   0.469537  1.28208 	Dead: 0
100 1.94578   0.0284604   0.458953  1.28208 	Dead: 0
