0   20.9782   0.221256    3.56797   8.6561  	Dead: 0
1   18.1098   0.232701    3.75254   5.61557 	Dead: 0
2   15.4713   0.242463    3.90996   4.47014 	Dead: 0
3   12.5914   0.227435    3.66762   4.47014 	Dead: 0
4   10.3401   0.199099    3.21067   4.47014 	Dead: 0
5   8.81902   0.164209    2.64804   4.11091 	Dead: 0
6   7.87954   0.144217    2.32564   4.11091 	Dead: 0
7   7.42858   0.135375    2.18305   3.84534 	Dead: 0
8   7.17332   0.123245    1.98744   3.84534 	Dead: 0
9   6.99186   0.118084    1.90422   3.84534 	Dead: 0
10  6.89607   0.116877    1.88475   3.84534 	Dead: 0
11  6.75684   0.111356    1.79572   3.84534 	Dead: 0
12  6.72684   0.118101    1.90449   3.84534 	Dead: 0
13  6.72392   0.12749     2.05591   3.84534 	Dead: 0
14  6.61036   0.11432     1.84353   3.84534 	Dead: 0
15  6.62541   0.120736    1.94698   3.84534 	Dead: 0
16  6.59022   0.118683    1.91389   3.84534 	Dead: 0
17  6.48126   0.111876    1.80411   3.84534 	Dead: 0
18  6.4442    0.112739    1.81802   3.84534 	Dead: 0
19  6.39528   0.113622    1.83227   3.79016 	Dead: 0
20  6.35013   0.111725    1.80168   3.79016 	Dead: 0
21  6.42508   0.116083    1.87195   3.79016 	Dead: 0
22  6.43859   0.120697    1.94636   3.79016 	Dead: 0
23  6.40543   0.117184    1.88971   3.79016 	Dead: 0
24  6.33819   0.113606    1.83202   3.79016 	Dead: 0
25  6.30643   0.110925    1.78878   3.79016 	Dead: 0
26  6.31751   0.113005    1.82232   3.26463 	Dead: 0
27  6.33366   0.117925    1.90166   3.26463 	Dead: 0
28  6.31683   0.111916    1.80475   3.26463 	Dead: 0
29  6.26619   0.110214    1.77732   3.26463 	Dead: 0
30  6.22802   0.103393    1.66732   3.26463 	Dead: 0
31  6.34732   0.115704    1.86584   3.26463 	Dead: 0
32  6.29544   0.109905    1.77234   3.26463 	Dead: 0
33  6.26081   0.108179    1.7445    3.26463 	Dead: 0
34  6.21642   0.104008    1.67724   3.26463 	Dead: 0
35  6.27004   0.111288    1.79464   3.26463 	Dead: 0
36  6.27289   0.10915     1.76015   3.26463 	Dead: 0
37  6.29173   0.117027    1.88718   3.26463 	Dead: 0
38  6.19642   0.111421    1.79677   3.26463 	Dead: 0
39  6.28925   0.116693    1.88179   3.26463 	Dead: 0
40  6.21921   0.110977    1.78961   3.26463 	Dead: 0
41  6.22705   0.110363    1.77972   3.26463 	Dead: 0
42  6.25556   0.112146    1.80847   3.26463 	Dead: 0
43  6.25847   0.115435    1.8615    3.26463 	Dead: 0
44  6.22057   0.110661    1.78453   3.26463 	Dead: 0
45  6.28589   0.114837    1.85187   3.26463 	Dead: 0
46  6.21961   0.113565    1.83135   3.26463 	Dead: 0
47  6.2539    0.11492     1.8532    3.26463 	Dead: 0
48  6.22687   0.111745    1.802     3.26463 	Dead: 0
49  6.20851   0.110433    1.78084   3.26463 	Dead: 0
50  6.29456   0.118917    1.91766   3.26463 	Dead: 0
51  6.26564   0.116912    1.88533   3.26463 	Dead: 0
52  6.22216   0.116951    1.88595   3.26463 	Dead: 0
53  6.16932   0.109425    1.76459   3.26463 	Dead: 0
54  6.18985   0.110821    1.7871    3.26463 	Dead: 0
55  6.19779   0.111336    1.7954    3.26463 	Dead: 0
56  6.23183   0.116034    1.87116   3.26463 	Dead: 0
57  6.16969   0.103145    1.66332   3.26463 	Dead: 0
58  6.12142   0.104262    1.68133   3.26463 	Dead: 0
59  6.11729   0.107894    1.73991   3.26463 	Dead: 0
60  6.18468   0.11506     1.85545   3.26463 	Dead: 0
61  6.15888   0.111807    1.80299   3.26463 	Dead: 0
62  6.14568   0.115174    1.8573    3.26463 	Dead: 0
63  6.09831   0.105288    1.69788   3.26463 	Dead: 0
64  6.13973   0.111635    1.80023   3.26463 	Dead: 0
65  6.13913   0.111905    1.80458   3.26463 	Dead: 0
66  6.1242    0.108275    1.74604   3.26463 	Dead: 0
67  6.06317   0.110143    1.77616   3.26463 	Dead: 0
68  6.10757   0.112467    1.81364   3.26463 	Dead: 0
69  6.1127    0.111036    1.79057   3.26463 	Dead: 0
70  6.13004   0.11391     1.83691   3.26463 	Dead: 0
71  6.17741   0.116374    1.87665   3.26463 	Dead: 0
72  6.18989   0.116765    1.88295   3.26463 	Dead: 0
73  6.13048   0.111519    1.79836   3.26463 	Dead: 0
74  6.17937   0.115332    1.85985   3.26463 	Dead: 0
75  6.15259   0.116758    1.88283   3.26463 	Dead: 0
76  6.14745   0.117919    1.90156   3.26463 	Dead: 0
77  6.08614   0.11197     1.80562   3.26463 	Dead: 0
78  6.11208   0.111713    1.80149   3.26463 	Dead: 0
79  6.08208   0.107816    1.73864   3.26463 	Dead: 0
80  6.09816   0.107096    1.72703   3.26463 	Dead: 0
81  6.14347   0.113155    1.82474   3.26463 	Dead: 0
82  6.065     0.10318     1.66388   3.26463 	Dead: 0
83  6.01945   0.103306    1.66592   3.26463 	Dead: 0
84  6.03012   0.106415    1.71605   3.26463 	Dead: 0
85  6.06134   0.10877     1.75402   3.26463 	Dead: 0
86  6.01105   0.10573     1.705     3.26463 	Dead: 0
87  6.02506   0.109576    1.76703   3.26463 	Dead: 0
88  6.06509   0.113789    1.83497   3.26463 	Dead: 0
89  6.03384   0.111774    1.80247   3.26463 	Dead: 0
90  5.97285   0.106872    1.72342   3.26463 	Dead: 0
91  6.00133   0.105261    1.69743   3.26463 	Dead: 0
92  5.91557   0.0993381   1.60193   3.26463 	Dead: 0
93  6.01993   0.11067     1.78467   3.26463 	Dead: 0
94  6.05219   0.108024    1.74199   3.26463 	Dead: 0
95  6.03498   0.10629     1.71404   3.26463 	Dead: 0
96  6.05834   0.110009    1.774     3.26463 	Dead: 0
97  6.01675   0.10764     1.73581   3.26463 	Dead: 0
98  6.09677   0.11471     1.84982   3.26463 	Dead: 0
99  6.01214   0.104173    1.6799    3.26463 	Dead: 0
100 6.00008   0.106999    1.72547   3.26463 	Dead: 0
