0   21.4332   0.216399    3.48964   8.81159 	Dead: 0
1   17.9594   0.247499    3.99117   5.93947 	Dead: 0
2   14.3586   0.256831    4.14165   5.10224 	Dead: 0
3   11.2815   0.22292     3.59482   5.07794 	Dead: 0
4   9.05571   0.172128    2.77574   4.55283 	Dead: 0
5   7.9707    0.140436    2.26467   4.42953 	Dead: 0
6   7.33577   0.117393    1.89308   4.42953 	Dead: 0
7   7.11187   0.117892    1.90112   3.99715 	Dead: 0
8   6.98642   0.123976    1.99923   3.99715 	Dead: 0
9   6.76107   0.115562    1.86355   3.99715 	Dead: 0
10  6.71002   0.1181      1.90448   3.90464 	Dead: 0
11  6.56649   0.10441     1.68372   3.90464 	Dead: 0
12  6.57012   0.111822    1.80324   3.90464 	Dead: 0
13  6.59463   0.117375    1.89278   3.90464 	Dead: 0
14  6.46437   0.11398     1.83804   3.47301 	Dead: 0
15  6.51577   0.123424    1.99034   3.47301 	Dead: 0
16  6.40227   0.114158    1.84092   3.47301 	Dead: 0
17  6.44202   0.122762    1.97966   3.47301 	Dead: 0
18  6.44784   0.113487    1.83009   3.47301 	Dead: 0
19  6.30411   0.107949    1.74078   3.47301 	Dead: 0
20  6.29295   0.110351    1.77952   3.47301 	Dead: 0
21  6.26545   0.110693    1.78503   3.47301 	Dead: 0
22  6.41428   0.12095     1.95044   3.47301 	Dead: 0
23  6.34072   0.111569    1.79916   3.47301 	Dead: 0
24  6.29431   0.110725    1.78555   3.47301 	Dead: 0
25  6.34088   0.114948    1.85366   3.47301 	Dead: 0
26  6.1989    0.103142    1.66327   3.47301 	Dead: 0
27  6.21192   0.11206     1.80708   3.47301 	Dead: 0
28  6.14108   0.106907    1.72399   3.47301 	Dead: 0
29  6.14873   0.108468    1.74916   3.47301 	Dead: 0
30  6.08621   0.105594    1.70281   3.47301 	Dead: 0
31  6.09752   0.102204    1.64814   3.47301 	Dead: 0
32  6.16502   0.11007     1.77498   3.47301 	Dead: 0
33  6.1325    0.106415    1.71604   3.47301 	Dead: 0
34  6.17837   0.117264    1.89099   3.47301 	Dead: 0
35  6.14537   0.112594    1.81568   3.47301 	Dead: 0
36  6.12295   0.112572    1.81534   3.47301 	Dead: 0
37  6.10586   0.106987    1.72527   3.47301 	Dead: 0
38  6.09616   0.108388    1.74787   3.47301 	Dead: 0
39  6.0617    0.103919    1.67579   3.47301 	Dead: 0
40  6.08032   0.105493    1.70118   3.47301 	Dead: 0
41  6.06611   0.109695    1.76895   3.47301 	Dead: 0
42  6.029     0.101823    1.642     3.47301 	Dead: 0
43  6.09217   0.106894    1.72377   3.47301 	Dead: 0
44  6.02455   0.103601    1.67067   3.47301 	Dead: 0
45  6.06379   0.115073    1.85567   3.47301 	Dead: 0
46  5.98035   0.100847    1.62626   3.47301 	Dead: 0
47  5.97334   0.0988715   1.5944    3.47301 	Dead: 0
48  6.08896   0.111565    1.7991    3.47301 	Dead: 0
49  5.95887   0.101256    1.63286   3.47301 	Dead: 0
50  6.01931   0.102774    1.65734   3.47301 	Dead: 0
51  5.97142   0.0996228   1.60652   3.47301 	Dead: 0
52  5.97324   0.0995479   1.60531   3.47301 	Dead: 0
53  5.95271   0.0999085   1.61112   3.47301 	Dead: 0
54  5.95677   0.103371    1.66695   3.47301 	Dead: 0
55  5.97634   0.107043    1.72618   3.47301 	Dead: 0
56  5.96978   0.103235    1.66476   3.47301 	Dead: 0
57  5.99857   0.108171    1.74436   3.47301 	Dead: 0
58  6.0423    0.110312    1.77889   3.47301 	Dead: 0
59  6.0338    0.109618    1.76771   3.47301 	Dead: 0
60  5.9665    0.10412     1.67904   3.47301 	Dead: 0
61  5.9512    0.101766    1.64108   3.47301 	Dead: 0
62  5.94132   0.105005    1.69331   3.47301 	Dead: 0
63  5.97184   0.106829    1.72273   3.47301 	Dead: 0
64  5.95255   0.104662    1.68777   3.47301 	Dead: 0
65  6.02482   0.110342    1.77938   3.47301 	Dead: 0
66  6.01584   0.107919    1.7403    3.47301 	Dead: 0
67  5.96091   0.101361    1.63454   3.47301 	Dead: 0
68  5.92996   0.107817    1.73865   3.47301 	Dead: 0
69  5.92863   0.10343     1.66792   3.47301 	Dead: 0
70  5.88152   0.105393    1.69957   3.47301 	Dead: 0
71  5.90457   0.104592    1.68664   3.47301 	Dead: 0
72  5.89481   0.106209    1.71273   3.47301 	Dead: 0
73  5.90123   0.101905    1.64332   3.47301 	Dead: 0
74  5.95073   0.106083    1.7107    3.47301 	Dead: 0
75  5.93326   0.103415    1.66767   3.27127 	Dead: 0
76  5.89156   0.102755    1.65703   3.27127 	Dead: 0
77  5.91318   0.109034    1.75828   3.27127 	Dead: 0
78  5.86142   0.101553    1.63764   3.27127 	Dead: 0
79  5.95584   0.11101     1.79015   3.27127 	Dead: 0
80  5.93829   0.11269     1.81725   3.27127 	Dead: 0
81  5.92393   0.109835    1.7712    3.27127 	Dead: 0
82  5.86641   0.102166    1.64753   3.27127 	Dead: 0
83  5.83345   0.099883    1.61071   3.27127 	Dead: 0
84  5.81386   0.0987019   1.59167   3.27127 	Dead: 0
85  5.86051   0.102894    1.65927   3.27127 	Dead: 0
86  5.88019   0.101034    1.62927   3.27127 	Dead: 0
87  5.85131   0.0975969   1.57385   3.27127 	Dead: 0
88  5.85617   0.105394    1.69959   3.27127 	Dead: 0
89  5.83509   0.101313    1.63377   3.27127 	Dead: 0
90  5.83569   0.101194    1.63185   3.27127 	Dead: 0
91  5.82531   0.100789    1.62532   3.27127 	Dead: 0
92  5.83963   0.103629    1.67112   3.27127 	Dead: 0
93  5.83954   0.0997927   1.60926   3.27127 	Dead: 0
94  5.88519   0.10497     1.69274   3.27127 	Dead: 0
95  5.85653   0.0989824   1.59619   3.27127 	Dead: 0
96  5.79283   0.101093    1.63022   3.27127 	Dead: 0
97  5.72196   0.098451    1.58762   3.27127 	Dead: 0
98  5.81693   0.102852    1.6586    3.27127 	Dead: 0
99  5.77027   0.0948737   1.52993   3.27127 	Dead: 0
100 5.79451   0.101063    1.62974   3.27127 	Dead: 0
