0   20.7885   0.233245    3.76132   7.22353 	Dead: 0
1   17.7803   0.247706    3.99451   4.93784 	Dead: 0
2   14.883    0.250371    4.03748   4.93784 	Dead: 0
3   12.3952   0.229496    3.70085   4.55614 	Dead: 0
4   10.2849   0.197673    3.18768   4.26198 	Dead: 0
5   8.7054    0.16497     2.66031   4.26198 	Dead: 0
6   7.65729   0.133051    2.14558   4.26198 	Dead: 0
7   7.22274   0.123967    1.99909   4.26198 	Dead: 0
8   6.95883   0.121214    1.95469   4.24597 	Dead: 0
9   6.81317   0.118001    1.90288   4.24597 	Dead: 0
10  6.74957   0.115211    1.8579    4.24597 	Dead: 0
11  6.59968   0.108323    1.74681   4.24597 	Dead: 0
12  6.54274   0.112382    1.81227   4.24597 	Dead: 0
13  6.52414   0.111605    1.79974   3.97467 	Dead: 0
14  6.48855   0.112225    1.80975   3.97467 	Dead: 0
15  6.41911   0.111434    1.79698   3.97467 	Dead: 0
16  6.45845   0.115142    1.85678   3.60922 	Dead: 0
17  6.43332   0.117705    1.89812   3.60922 	Dead: 0
18  6.34304   0.114582    1.84775   3.60922 	Dead: 0
19  6.43596   0.12037     1.94109   3.60922 	Dead: 0
20  6.4321    0.118908    1.91752   3.60922 	Dead: 0
21  6.39664   0.122017    1.96765   3.60922 	Dead: 0
22  6.22621   0.102571    1.65406   3.60922 	Dead: 0
23  6.29305   0.115198    1.85768   3.60922 	Dead: 0
24  6.30651   0.113537    1.8309    3.60922 	Dead: 0
25  6.25002   0.109815    1.77088   3.60922 	Dead: 0
26  6.26268   0.118202    1.90613   3.60922 	Dead: 0
27  6.2617    0.114888    1.85269   3.60922 	Dead: 0
28  6.20568   0.10926     1.76192   3.60922 	Dead: 0
29  6.15795   0.106679    1.7203    3.60922 	Dead: 0
30  6.24836   0.11737     1.8927    3.60922 	Dead: 0
31  6.18265   0.107913    1.7402    3.60922 	Dead: 0
32  6.26232   0.114763    1.85067   3.60922 	Dead: 0
33  6.26336   0.10946     1.76515   3.60922 	Dead: 0
34  6.10425   0.10077     1.62502   3.60922 	Dead: 0
35  6.15544   0.106521    1.71776   3.60922 	Dead: 0
36  6.18434   0.108647    1.75205   3.60922 	Dead: 0
37  6.15738   0.105514    1.70152   3.60922 	Dead: 0
38  6.0741    0.103882    1.6752    3.60922 	Dead: 0
39  6.16231   0.112923    1.821     3.60922 	Dead: 0
40  6.15506   0.110262    1.77808   3.60922 	Dead: 0
41  6.08733   0.106533    1.71795   3.60922 	Dead: 0
42  6.07897   0.107685    1.73653   3.60922 	Dead: 0
43  6.0885    0.11153     1.79853   3.60922 	Dead: 0
44  6.05675   0.110809    1.78691   3.60922 	Dead: 0
45  6.05418   0.105266    1.69751   3.60922 	Dead: 0
46  6.04584   0.105453    1.70054   3.60922 	Dead: 0
47  6.05304   0.107322    1.73067   3.58015 	Dead: 0
48  6.03821   0.103956    1.6764    3.58015 	Dead: 0
49  6.12615   0.112633    1.81632   3.58015 	Dead: 0
50  6.0197    0.10066     1.62324   3.58015 	Dead: 0
51  6.00144   0.10336     1.66679   3.58015 	Dead: 0
52  6.07477   0.117465    1.89424   3.58015 	Dead: 0
53  6.11376   0.116664    1.88132   3.58015 	Dead: 0
54  6.02117   0.105463    1.7007    3.58015 	Dead: 0
55  6.04735   0.11072     1.78547   3.58015 	Dead: 0
56  6.09684   0.111491    1.79791   3.58015 	Dead: 0
57  6.08696   0.113614    1.83214   3.58015 	Dead: 0
58  6.01291   0.104153    1.67958   3.58015 	Dead: 0
59  6.04415   0.109061    1.75872   3.58015 	Dead: 0
60  6.04762   0.114161    1.84097   3.58015 	Dead: 0
61  5.98032   0.104176    1.67994   3.58015 	Dead: 0
62  6.01628   0.108452    1.7489    3.58015 	Dead: 0
63  6.0421    0.107071    1.72662   3.58015 	Dead: 0
64  5.9948    0.107661    1.73614   3.58015 	Dead: 0
65  6.00148   0.109661    1.76839   3.58015 	Dead: 0
66  5.92895   0.10168     1.63969   3.58015 	Dead: 0
67  6.0068    0.111644    1.80036   3.58015 	Dead: 0
68  5.92217   0.103531    1.66954   3.58015 	Dead: 0
69  6.01971   0.107546    1.73429   3.58015 	Dead: 0
70  5.98133   0.10735     1.73113   3.58015 	Dead: 0
71  5.98553   0.10724     1.72935   3.58015 	Dead: 0
72  5.89759   0.09943     1.60341   2.92633 	Dead: 0
73  6.00552   0.112255    1.81023   2.92633 	Dead: 0
74  5.95285   0.107734    1.73732   2.92633 	Dead: 0
75  5.89603   0.102297    1.64965   2.92633 	Dead: 0
76  5.9502    0.105287    1.69786   2.92633 	Dead: 0
77  5.96496   0.107028    1.72593   2.92633 	Dead: 0
78  5.95638   0.106224    1.71297   2.92633 	Dead: 0
79  5.92473   0.105446    1.70043   2.92633 	Dead: 0
80  5.88929   0.102175    1.64768   2.92633 	Dead: 0
81  5.88966   0.103934    1.67604   2.92633 	Dead: 0
82  5.89464   0.104486    1.68494   2.92633 	Dead: 0
83  5.88967   0.104268    1.68143   2.92633 	Dead: 0
84  5.78901   0.098215    1.58382   2.92633 	Dead: 0
85  5.91033   0.109317    1.76285   2.92633 	Dead: 0
86  5.88291   0.106609    1.71918   2.92633 	Dead: 0
87  5.88379   0.106572    1.71858   2.92633 	Dead: 0
88  5.92906   0.108742    1.75358   2.92633 	Dead: 0
89  5.88136   0.103425    1.66783   2.92633 	Dead: 0
90  5.94242   0.105135    1.6954    2.92633 	Dead: 0
91  5.86631   0.102288    1.6495    2.92633 	Dead: 0
92  5.87247   0.101332    1.63408   2.92633 	Dead: 0
93  5.84644   0.102526    1.65334   2.92633 	Dead: 0
94  5.8767    0.105069    1.69434   2.92633 	Dead: 0
95  5.90614   0.109573    1.76697   2.92633 	Dead: 0
96  5.91312   0.102996    1.66092   2.92633 	Dead: 0
97  5.88763   0.102186    1.64785   2.92633 	Dead: 0
98  5.84747   0.100367    1.61851   2.92633 	Dead: 0
99  5.80094   0.0969853   1.56399   2.92633 	Dead: 0
100 5.84643   0.10082     1.62582   2.92633 	Dead: 0
