0   20.6897   0.2181      3.51708   8.99913 	Dead: 0
1   17.8571   0.234103    3.77515   5.84744 	Dead: 0
2   14.8829   0.244458    3.94213   5.46636 	Dead: 0
3   12.1652   0.225672    3.63919   4.9606  	Dead: 0
4   10.0464   0.182922    2.94981   4.62436 	Dead: 0
5   8.71718   0.158958    2.56335   4.62436 	Dead: 0
6   7.96619   0.147277    2.37499   4.5402  	Dead: 0
7   7.48565   0.13329     2.14944   4.29406 	Dead: 0
8   7.26443   0.135702    2.18833   4.29406 	Dead: 0
9   7.00779   0.122067    1.96846   4.023   	Dead: 0
10  6.93009   0.115042    1.85516   4.023   	Dead: 0
11  6.91277   0.125907    2.03038   4.023   	Dead: 0
12  6.73886   0.119991    1.93498   4.023   	Dead: 0
13  6.5963    0.115558    1.86348   4.023   	Dead: 0
14  6.66821   0.122326    1.97263   4.023   	Dead: 0
15  6.51003   0.110362    1.7797    4.023   	Dead: 0
16  6.63608   0.124926    2.01456   4.023   	Dead: 0
17  6.4683    0.110108    1.7756    4.023   	Dead: 0
18  6.42394   0.110175    1.77668   4.023   	Dead: 0
19  6.44824   0.113665    1.83296   4.023   	Dead: 0
20  6.44276   0.112492    1.81404   4.023   	Dead: 0
21  6.41372   0.110293    1.77858   4.023   	Dead: 0
22  6.45365   0.118691    1.91402   4.023   	Dead: 0
23  6.37722   0.112468    1.81366   3.89456 	Dead: 0
24  6.3008    0.107258    1.72965   3.89456 	Dead: 0
25  6.31155   0.110291    1.77855   3.89456 	Dead: 0
26  6.29538   0.105712    1.70472   3.89456 	Dead: 0
27  6.25743   0.10624     1.71322   3.89456 	Dead: 0
28  6.34275   0.113229    1.82593   3.89456 	Dead: 0
29  6.2345    0.106033    1.70988   3.89456 	Dead: 0
30  6.23436   0.104787    1.68979   3.89456 	Dead: 0
31  6.23522   0.109195    1.76088   3.89456 	Dead: 0
32  6.17445   0.107388    1.73175   3.89456 	Dead: 0
33  6.18433   0.105667    1.70399   3.89456 	Dead: 0
34  6.20159   0.107308    1.73045   3.89456 	Dead: 0
35  6.25664   0.113788    1.83494   3.89456 	Dead: 0
36  6.21083   0.106562    1.71841   3.89456 	Dead: 0
37  6.1989    0.106747    1.7214    3.89456 	Dead: 0
38  6.10223   0.100695    1.62381   3.89456 	Dead: 0
39  6.18969   0.110338    1.77931   3.89456 	Dead: 0
40  6.18472   0.106789    1.72208   3.89456 	Dead: 0
41  6.19331   0.10744     1.73257   3.89456 	Dead: 0
42  6.19352   0.109002    1.75777   3.89456 	Dead: 0
43  6.13204   0.106153    1.71182   3.89456 	Dead: 0
44  6.14053   0.107538    1.73415   3.89456 	Dead: 0
45  6.15273   0.107467    1.73301   3.89456 	Dead: 0
46  6.191     0.109485    1.76555   3.89456 	Dead: 0
47  6.15668   0.109196    1.7609    3.89456 	Dead: 0
48  6.09948   0.106206    1.71267   3.89456 	Dead: 0
49  6.06334   0.102242    1.64875   3.89456 	Dead: 0
50  6.10707   0.104139    1.67934   3.89456 	Dead: 0
51  6.09677   0.106385    1.71557   3.89456 	Dead: 0
52  6.08718   0.104485    1.68493   3.89456 	Dead: 0
53  6.10817   0.1053      1.69808   3.89456 	Dead: 0
54  6.10627   0.106973    1.72505   3.89456 	Dead: 0
55  6.11298   0.10602     1.70968   3.89456 	Dead: 0
56  6.06511   0.105715    1.70477   3.89456 	Dead: 0
57  6.13748   0.111174    1.79279   3.89456 	Dead: 0
58  6.03243   0.103119    1.6629    3.89456 	Dead: 0
59  6.01973   0.104099    1.6787    3.89456 	Dead: 0
60  6.06169   0.104348    1.68272   3.89456 	Dead: 0
61  6.01871   0.106397    1.71576   3.89456 	Dead: 0
62  6.01153   0.10536     1.69904   3.89456 	Dead: 0
63  6.02077   0.101619    1.6387    3.89456 	Dead: 0
64  6.01664   0.104993    1.69312   3.89456 	Dead: 0
65  5.98925   0.102699    1.65613   3.49304 	Dead: 0
66  6.04197   0.110577    1.78316   3.49304 	Dead: 0
67  6.06189   0.109145    1.76007   3.49304 	Dead: 0
68  6.02977   0.10533     1.69856   3.49304 	Dead: 0
69  5.97838   0.101965    1.64429   3.49304 	Dead: 0
70  5.96968   0.0982071   1.58369   3.49304 	Dead: 0
71  6.00555   0.102356    1.65059   3.49304 	Dead: 0
72  5.95617   0.0969403   1.56326   3.49304 	Dead: 0
73  6.06487   0.108765    1.75394   3.49304 	Dead: 0
74  6.00277   0.105037    1.69383   3.49304 	Dead: 0
75  6.014     0.105381    1.69937   3.49304 	Dead: 0
76  6.02264   0.105447    1.70044   3.49304 	Dead: 0
77  5.96824   0.101278    1.63322   3.49304 	Dead: 0
78  6.01868   0.107812    1.73857   3.49304 	Dead: 0
79  6.01474   0.110117    1.77575   3.49304 	Dead: 0
80  5.93702   0.102312    1.64988   3.49304 	Dead: 0
81  5.981     0.106361    1.71518   3.49304 	Dead: 0
82  5.93995   0.103133    1.66313   3.49304 	Dead: 0
83  5.93679   0.0989075   1.59498   3.49304 	Dead: 0
84  6.0409    0.107616    1.73542   3.49304 	Dead: 0
85  5.9368    0.100038    1.61322   3.49304 	Dead: 0
86  5.97966   0.10561     1.70306   3.49304 	Dead: 0
87  6.01346   0.105654    1.70378   3.49304 	Dead: 0
88  6.03544   0.106522    1.71777   3.49304 	Dead: 0
89  6.00318   0.103046    1.66172   3.49304 	Dead: 0
90  5.9838    0.105513    1.7015    3.49304 	Dead: 0
91  5.99982   0.108409    1.74821   3.49304 	Dead: 0
92  5.99525   0.104927    1.69206   3.49304 	Dead: 0
93  5.9655    0.102789    1.65758   3.49304 	Dead: 0
94  5.90126   0.0984467   1.58755   3.49304 	Dead: 0
95  5.94117   0.0994242   1.60331   3.49304 	Dead: 0
96  5.89935   0.101046    1.62947   3.49304 	Dead: 0
97  6.03249   0.109355    1.76345   3.49304 	Dead: 0
98  5.94677   0.107059    1.72643   3.49304 	Dead: 0
99  5.92926   0.104829    1.69048   3.49304 	Dead: 0
100 5.90514   0.105792    1.706     3.49304 	Dead: 0
