0   21.0505   0.221752    3.57597   8.52086 	Dead: 0
1   17.7869   0.245741    3.96283   5.92042 	Dead: 0
2   14.8702   0.251213    4.05107   5.41489 	Dead: 0
3   11.8626   0.23081     3.72204   4.88979 	Dead: 0
4   9.47845   0.181546    2.92762   4.68793 	Dead: 0
5   8.2257    0.149163    2.4054    4.53742 	Dead: 0
6   7.57655   0.130385    2.10259   4.50396 	Dead: 0
7   7.3174    0.128098    2.0657    4.40592 	Dead: 0
8   7.13325   0.127778    2.06055   4.40592 	Dead: 0
9   6.97478   0.122308    1.97234   4.40592 	Dead: 0
10  7.05217   0.135406    2.18355   4.12658 	Dead: 0
11  6.96522   0.138683    2.23641   3.49282 	Dead: 0
12  6.83479   0.125839    2.02928   3.49282 	Dead: 0
13  6.66097   0.117683    1.89775   3.49282 	Dead: 0
14  6.67652   0.123409    1.9901    3.49282 	Dead: 0
15  6.58438   0.114625    1.84844   3.49282 	Dead: 0
16  6.59003   0.121983    1.9671    3.49282 	Dead: 0
17  6.50082   0.120331    1.94046   3.49282 	Dead: 0
18  6.49891   0.114265    1.84263   3.49282 	Dead: 0
19  6.5113    0.119748    1.93106   3.49282 	Dead: 0
20  6.50357   0.11998     1.9348    3.49282 	Dead: 0
21  6.44356   0.113023    1.8226    3.49282 	Dead: 0
22  6.38601   0.114537    1.84702   3.49282 	Dead: 0
23  6.39527   0.117751    1.89885   3.49282 	Dead: 0
24  6.41134   0.117614    1.89665   3.49282 	Dead: 0
25  6.32209   0.116802    1.88356   3.49282 	Dead: 0
26  6.22837   0.108115    1.74346   3.49282 	Dead: 0
27  6.27895   0.11333     1.82756   3.49282 	Dead: 0
28  6.28182   0.115617    1.86444   3.2434  	Dead: 0
29  6.26379   0.11297     1.82175   3.2434  	Dead: 0
30  6.28487   0.117562    1.8958    3.2434  	Dead: 0
31  6.30564   0.11686     1.88448   3.2434  	Dead: 0
32  6.16094   0.105549    1.70209   3.2434  	Dead: 0
33  6.23108   0.11568     1.86546   3.2434  	Dead: 0
34  6.21169   0.111459    1.79738   3.2434  	Dead: 0
35  6.18154   0.110736    1.78573   3.2434  	Dead: 0
36  6.15902   0.111356    1.79573   3.2434  	Dead: 0
37  6.19418   0.114711    1.84983   3.2434  	Dead: 0
38  6.19049   0.115704    1.86584   3.2434  	Dead: 0
39  6.24006   0.124258    2.00379   3.2434  	Dead: 0
40  6.15336   0.112828    1.81946   3.2434  	Dead: 0
41  6.22049   0.116314    1.87568   3.2434  	Dead: 0
42  6.18079   0.113298    1.82704   3.2434  	Dead: 0
43  6.15284   0.110291    1.77855   3.2434  	Dead: 0
44  6.19779   0.118105    1.90456   3.2434  	Dead: 0
45  6.10289   0.106033    1.70989   3.2434  	Dead: 0
46  6.15409   0.115799    1.86738   3.2434  	Dead: 0
47  6.08947   0.110725    1.78556   3.2434  	Dead: 0
48  6.05256   0.106629    1.7195    3.2434  	Dead: 0
49  6.1446    0.114423    1.84518   3.2434  	Dead: 0
50  6.05524   0.109522    1.76616   3.2434  	Dead: 0
51  6.11276   0.111873    1.80406   3.2434  	Dead: 0
52  6.11903   0.115535    1.86312   3.2434  	Dead: 0
53  6.13468   0.111936    1.80509   3.2434  	Dead: 0
54  6.04465   0.106094    1.71088   3.2434  	Dead: 0
55  6.06571   0.10739     1.73178   3.2434  	Dead: 0
56  6.02502   0.110342    1.77938   3.2434  	Dead: 0
57  6.01504   0.108394    1.74797   3.2434  	Dead: 0
58  6.0568    0.112913    1.82084   3.2434  	Dead: 0
59  6.12352   0.113281    1.82677   3.2434  	Dead: 0
60  6.10958   0.111501    1.79806   3.2434  	Dead: 0
61  6.10311   0.114234    1.84214   3.2434  	Dead: 0
62  6.05234   0.115407    1.86106   3.2434  	Dead: 0
63  6.09061   0.116045    1.87135   3.2434  	Dead: 0
64  5.9611    0.107077    1.72672   3.2434  	Dead: 0
65  6.02917   0.114553    1.84728   3.2434  	Dead: 0
66  6.05144   0.113971    1.8379    3.2434  	Dead: 0
67  5.98702   0.105984    1.70909   3.2434  	Dead: 0
68  5.98416   0.109869    1.77174   3.2434  	Dead: 0
69  6.00831   0.109134    1.7599    3.2434  	Dead: 0
70  5.99693   0.111227    1.79365   3.2434  	Dead: 0
71  5.98864   0.112416    1.81282   3.2434  	Dead: 0
72  5.93596   0.105636    1.70348   3.2434  	Dead: 0
73  5.95694   0.10909     1.75919   3.2434  	Dead: 0
74  5.9429    0.10918     1.76064   3.2434  	Dead: 0
75  5.9525    0.110063    1.77487   3.2434  	Dead: 0
76  5.94505   0.103995    1.67703   3.2434  	Dead: 0
77  6.00225   0.107688    1.73657   3.2434  	Dead: 0
78  5.97617   0.110494    1.78182   3.2434  	Dead: 0
79  5.88829   0.101204    1.63202   3.2434  	Dead: 0
80  5.92394   0.106799    1.72224   3.2434  	Dead: 0
81  5.9655    0.107201    1.72872   3.2434  	Dead: 0
82  5.93456   0.112367    1.81203   3.2434  	Dead: 0
83  5.96494   0.110501    1.78193   3.2434  	Dead: 0
84  5.90136   0.105405    1.69975   3.2434  	Dead: 0
85  5.98661   0.107606    1.73525   3.2434  	Dead: 0
86  6.00853   0.116711    1.88207   3.2434  	Dead: 0
87  5.91911   0.107339    1.73095   3.2434  	Dead: 0
88  5.93502   0.103284    1.66556   3.2434  	Dead: 0
89  5.91452   0.1049      1.69162   3.2434  	Dead: 0
90  5.9375    0.114065    1.83942   3.2434  	Dead: 0
91  5.84244   0.100928    1.62757   3.2434  	Dead: 0
92  5.87019   0.104529    1.68563   3.2434  	Dead: 0
93  5.9046    0.110843    1.78746   3.2434  	Dead: 0
94  5.93194   0.11212     1.80805   3.2434  	Dead: 0
95  5.9136    0.10982     1.77096   3.2434  	Dead: 0
96  5.87646   0.108796    1.75445   3.2434  	Dead: 0
97  5.94706   0.113617    1.83219   3.2434  	Dead: 0
98  5.87101   0.10642     1.71612   3.2434  	Dead: 0
99  5.90128   0.109025    1.75814   3.2434  	Dead: 0
100 5.8789    0.103993    1.67699   3.2434  	Dead: 0
