0   20.7171   0.231231    3.72883   7.98949 	Dead: 0
1   17.9003   0.244995    3.95079   5.85613 	Dead: 0
2   14.3825   0.252104    4.06543   5.17162 	Dead: 0
3   11.2181   0.222985    3.59585   5.1321  	Dead: 0
4   9.10307   0.178488    2.8783    4.10124 	Dead: 0
5   7.88673   0.143061    2.307     4.05784 	Dead: 0
6   7.32993   0.12557     2.02495   4.05784 	Dead: 0
7   7.10984   0.121013    1.95145   4.05784 	Dead: 0
8   6.97717   0.12416     2.0022    4.05784 	Dead: 0
9   6.82551   0.116513    1.87888   4.05784 	Dead: 0
10  6.83398   0.117751    1.89885   4.05784 	Dead: 0
11  6.63701   0.109568    1.7669    4.05784 	Dead: 0
12  6.61589   0.114331    1.84371   4.05784 	Dead: 0
13  6.55796   0.1129      1.82062   4.05784 	Dead: 0
14  6.50735   0.108552    1.7505    4.05784 	Dead: 0
15  6.4715    0.1132      1.82547   4.05784 	Dead: 0
16  6.50722   0.11818     1.90578   4.05784 	Dead: 0
17  6.49842   0.118223    1.90647   4.0168  	Dead: 0
18  6.48243   0.115445    1.86167   4.0168  	Dead: 0
19  6.3222    0.110957    1.7893    3.70432 	Dead: 0
20  6.31753   0.11412     1.84029   3.70432 	Dead: 0
21  6.30869   0.112403    1.81261   3.70432 	Dead: 0
22  6.29376   0.11254     1.81482   3.70432 	Dead: 0
23  6.39505   0.121317    1.95635   3.70432 	Dead: 0
24  6.24876   0.111021    1.79032   3.70432 	Dead: 0
25  6.25313   0.108695    1.75282   3.59154 	Dead: 0
26  6.23526   0.109626    1.76783   3.59154 	Dead: 0
27  6.21684   0.107233    1.72924   3.59154 	Dead: 0
28  6.24179   0.116628    1.88075   3.59154 	Dead: 0
29  6.25592   0.11833     1.9082    3.59154 	Dead: 0
30  6.2582    0.11719     1.88981   3.59154 	Dead: 0
31  6.24018   0.11422     1.84192   3.39962 	Dead: 0
32  6.24065   0.113836    1.83572   3.39962 	Dead: 0
33  6.18879   0.112584    1.81553   3.39962 	Dead: 0
34  6.08428   0.105012    1.69343   3.39962 	Dead: 0
35  6.12925   0.111531    1.79855   3.39962 	Dead: 0
36  6.15989   0.113446    1.82943   3.39962 	Dead: 0
37  6.19671   0.114943    1.85358   3.39962 	Dead: 0
38  6.17089   0.112506    1.81427   3.39962 	Dead: 0
39  6.20269   0.115118    1.85639   3.39962 	Dead: 0
40  6.16222   0.115292    1.8592    3.39962 	Dead: 0
41  6.12761   0.107996    1.74154   3.39962 	Dead: 0
42  6.12447   0.112016    1.80637   3.39962 	Dead: 0
43  6.12425   0.108488    1.74949   3.39962 	Dead: 0
44  6.19064   0.111341    1.79548   3.39962 	Dead: 0
45  6.24863   0.118008    1.903     3.39962 	Dead: 0
46  6.1685    0.113739    1.83416   3.39962 	Dead: 0
47  6.09294   0.108186    1.7446    3.39962 	Dead: 0
48  6.07579   0.106705    1.72073   3.39962 	Dead: 0
49  6.08899   0.109607    1.76753   3.39962 	Dead: 0
50  6.04775   0.106058    1.71028   3.39962 	Dead: 0
51  6.04404   0.112886    1.82041   3.39962 	Dead: 0
52  6.11201   0.115031    1.855     3.39962 	Dead: 0
53  5.96804   0.103878    1.67514   3.39962 	Dead: 0
54  5.98003   0.102689    1.65596   3.39962 	Dead: 0
55  6.00821   0.108421    1.7484    3.39962 	Dead: 0
56  6.07397   0.110271    1.77823   3.39962 	Dead: 0
57  6.08566   0.110556    1.78282   3.39962 	Dead: 0
58  6.08413   0.1127      1.8174    3.39962 	Dead: 0
59  6.03731   0.111433    1.79696   3.39962 	Dead: 0
60  6.068     0.109691    1.76888   3.39962 	Dead: 0
61  6.0374    0.108222    1.7452    3.39962 	Dead: 0
62  5.95779   0.103011    1.66115   3.39962 	Dead: 0
63  5.96992   0.108741    1.75355   3.39962 	Dead: 0
64  5.99821   0.10704     1.72612   3.39962 	Dead: 0
65  5.94385   0.103366    1.66688   3.39962 	Dead: 0
66  6.06451   0.113545    1.83103   3.39962 	Dead: 0
67  6.02308   0.10885     1.75531   3.39962 	Dead: 0
68  6.03121   0.112049    1.80691   3.39962 	Dead: 0
69  5.9895    0.109412    1.76438   3.39962 	Dead: 0
70  6.07247   0.112908    1.82076   3.39962 	Dead: 0
71  6.02413   0.107528    1.734     3.39962 	Dead: 0
72  6.0897    0.116076    1.87184   3.39962 	Dead: 0
73  6.04041   0.113814    1.83536   3.39962 	Dead: 0
74  6.02818   0.116662    1.8813    3.39962 	Dead: 0
75  5.97345   0.108818    1.7548    3.39962 	Dead: 0
76  5.98004   0.112093    1.80761   3.39962 	Dead: 0
77  5.99591   0.113309    1.82723   3.39962 	Dead: 0
78  5.98439   0.106892    1.72374   3.39962 	Dead: 0
79  5.93936   0.105291    1.69792   3.39962 	Dead: 0
80  5.98186   0.107585    1.73491   3.39962 	Dead: 0
81  5.93614   0.104438    1.68416   3.39962 	Dead: 0
82  6.01061   0.109277    1.7622    3.39962 	Dead: 0
83  5.96519   0.107805    1.73846   3.39962 	Dead: 0
84  5.96828   0.113426    1.82911   3.39962 	Dead: 0
85  5.90985   0.105369    1.69918   3.39962 	Dead: 0
86  5.87393   0.104098    1.67869   3.39962 	Dead: 0
87  5.99521   0.115208    1.85784   3.39962 	Dead: 0
88  5.92254   0.107204    1.72876   3.39962 	Dead: 0
89  5.86612   0.105591    1.70276   3.39962 	Dead: 0
90  5.97884   0.108024    1.742     3.39962 	Dead: 0
91  5.93285   0.104738    1.689     3.39962 	Dead: 0
92  5.93183   0.109299    1.76256   3.39962 	Dead: 0
93  5.88848   0.106136    1.71156   3.39962 	Dead: 0
94  6.00218   0.112728    1.81785   3.39962 	Dead: 0
95  5.92944   0.106172    1.71213   3.39962 	Dead: 0
96  5.92973   0.106562    1.71842   3.39962 	Dead: 0
97  5.9408    0.106364    1.71523   3.39962 	Dead: 0
98  5.9423    0.105242    1.69713   3.39962 	Dead: 0
99  5.94459   0.106506    1.71752   3.39962 	Dead: 0
100 5.92614   0.106901    1.72389   3.39962 	Dead: 0
