0   6.68182   0.0610463   0.984433  4.43726 	Dead: 0
1   6.04734   0.0477618   0.770207  3.92851 	Dead: 0
2   5.68608   0.040607    0.654828  3.92851 	Dead: 0
3   5.50469   0.0395742   0.638174  3.80551 	Dead: 0
4   5.38068   0.039016    0.629172  3.71639 	Dead: 0
5   5.28649   0.0394864   0.636758  3.71639 	Dead: 0
6   5.22741   0.0403039   0.64994   3.70738 	Dead: 0
7   5.149     0.0419831   0.677019  3.70738 	Dead: 0
8   5.07482   0.0414081   0.667747  3.19848 	Dead: 0
9   4.99229   0.0396646   0.639631  3.19848 	Dead: 0
10  4.9404    0.0405524   0.653948  3.19848 	Dead: 0
11  4.88586   0.0421032   0.678955  3.19848 	Dead: 0
12  4.81461   0.0400768   0.646278  3.17144 	Dead: 0
13  4.82142   0.0456936   0.736855  3.17144 	Dead: 0
14  4.75935   0.0442607   0.713749  3.17144 	Dead: 0
15  4.71796   0.0450234   0.726047  3.17144 	Dead: 0
16  4.65006   0.0444027   0.716038  3.17144 	Dead: 0
17  4.56971   0.0434887   0.701299  3.03172 	Dead: 0
18  4.51889   0.0445321   0.718125  3.03172 	Dead: 0
19  4.46563   0.0456761   0.736572  3.03172 	Dead: 0
20  4.41496   0.0433994   0.699859  3.03172 	Dead: 0
21  4.3535    0.0427645   0.68962   2.72894 	Dead: 0
22  4.33274   0.043434    0.700416  2.72894 	Dead: 0
23  4.31892   0.0434254   0.700277  2.72894 	Dead: 0
24  4.28439   0.0455395   0.73437   2.72894 	Dead: 0
25  4.23752   0.0438687   0.707426  2.68172 	Dead: 0
26  4.19577   0.043573    0.702659  2.68172 	Dead: 0
27  4.13644   0.0422262   0.68094   2.68172 	Dead: 0
28  4.11135   0.0434874   0.701278  2.68172 	Dead: 0
29  4.11552   0.044984    0.725412  2.68172 	Dead: 0
30  4.07089   0.0430071   0.693532  2.68172 	Dead: 0
31  4.05399   0.0430573   0.694342  2.68172 	Dead: 0
32  4.04904   0.0451092   0.727431  2.68172 	Dead: 0
33  4.00544   0.0431548   0.695914  2.68172 	Dead: 0
34  4.02633   0.0435947   0.703009  2.68172 	Dead: 0
35  3.96697   0.0421258   0.67932   2.68172 	Dead: 0
36  3.93998   0.0427276   0.689026  2.68172 	Dead: 0
37  3.91457   0.0423219   0.682483  2.68172 	Dead: 0
38  3.90386   0.0426198   0.687287  2.68172 	Dead: 0
39  3.92635   0.0451878   0.728698  2.68172 	Dead: 0
40  3.89757   0.0441279   0.711607  2.44799 	Dead: 0
41  3.89182   0.0444049   0.716074  2.44799 	Dead: 0
42  3.8757    0.0463299   0.747117  2.44799 	Dead: 0
43  3.87112   0.0456845   0.736708  2.44799 	Dead: 0
44  3.85948   0.0450812   0.72698   2.44799 	Dead: 0
45  3.839     0.0444851   0.717366  2.44799 	Dead: 0
46  3.79873   0.043       0.693418  2.44799 	Dead: 0
47  3.81929   0.0451242   0.727673  2.44799 	Dead: 0
48  3.81519   0.0454003   0.732125  2.44799 	Dead: 0
49  3.80448   0.045632    0.735862  2.44799 	Dead: 0
50  3.78069   0.0453299   0.73099   2.44799 	Dead: 0
51  3.77992   0.0450359   0.726249  2.43791 	Dead: 0
52  3.77932   0.0470582   0.75886   2.1988  	Dead: 0
53  3.73658   0.04619     0.74486   2.1988  	Dead: 0
54  3.72185   0.0456034   0.735401  2.1988  	Dead: 0
55  3.71765   0.0445349   0.718169  2.1988  	Dead: 0
56  3.7149    0.0453543   0.731383  2.1988  	Dead: 0
57  3.70733   0.0462181   0.745313  2.1988  	Dead: 0
58  3.67396   0.0447809   0.722136  2.1988  	Dead: 0
59  3.6897    0.0473324   0.763283  2.1988  	Dead: 0
60  3.67588   0.0478561   0.771728  2.1988  	Dead: 0
61  3.6572    0.0476687   0.768706  2.1988  	Dead: 0
62  3.64234   0.0464812   0.749555  2.1988  	Dead: 0
63  3.64493   0.0465149   0.750099  2.1988  	Dead: 0
64  3.6514    0.0473122   0.762956  2.1988  	Dead: 0
65  3.62621   0.0461071   0.743524  2.1988  	Dead: 0
66  3.63499   0.0478209   0.77116   2.1988  	Dead: 0
67  3.6444    0.0472484   0.761928  2.1988  	Dead: 0
68  3.64255   0.0479901   0.773888  2.1988  	Dead: 0
69  3.62589   0.0481048   0.775738  2.1988  	Dead: 0
70  3.58114   0.044683    0.720558  2.1988  	Dead: 0
71  3.60496   0.0467102   0.753249  2.1988  	Dead: 0
72  3.59882   0.0480038   0.774109  2.1988  	Dead: 0
73  3.61078   0.0474067   0.76448   2.1988  	Dead: 0
74  3.59136   0.0455072   0.73385   2.1988  	Dead: 0
75  3.59135   0.0471743   0.760733  2.1988  	Dead: 0
76  3.58464   0.048687    0.785126  2.1988  	Dead: 0
77  3.62738   0.0507971   0.819154  2.1988  	Dead: 0
78  3.56067   0.0468083   0.75483   2.1988  	Dead: 0
79  3.57918   0.0482722   0.778437  2.1988  	Dead: 0
80  3.59687   0.0505813   0.815674  2.1988  	Dead: 0
81  3.60112   0.0512382   0.826267  2.1988  	Dead: 0
82  3.59343   0.0500164   0.806565  2.1988  	Dead: 0
83  3.57257   0.0481128   0.775868  2.1988  	Dead: 0
84  3.58043   0.0490783   0.791437  2.1988  	Dead: 0
85  3.51419   0.0462913   0.746494  2.1988  	Dead: 0
86  3.55722   0.0503515   0.811968  2.1988  	Dead: 0
87  3.54884   0.0497431   0.802157  2.1988  	Dead: 0
88  3.59015   0.050788    0.819007  2.1988  	Dead: 0
89  3.57036   0.0503636   0.812163  2.1988  	Dead: 0
90  3.52142   0.0472525   0.761993  2.1988  	Dead: 0
91  3.53591   0.0484247   0.780896  2.1988  	Dead: 0
92  3.53079   0.0473079   0.762887  2.1988  	Dead: 0
93  3.5571    0.0493922   0.796498  2.1988  	Dead: 0
94  3.55719   0.050462    0.81375   2.1988  	Dead: 0
95  3.51986   0.0479843   0.773795  2.1988  	Dead: 0
96  3.54263   0.0510828   0.823761  2.1988  	Dead: 0
97  3.5478    0.0511268   0.824471  2.1988  	Dead: 0
98  3.54995   0.0507624   0.818594  2.1988  	Dead: 0
99  3.57607   0.0518774   0.836575  2.1988  	Dead: 0
100 3.54332   0.0504989   0.814345  2.1988  	Dead: 0
