0   6.70795   0.0636378   1.02622   4.15378 	Dead: 0
1   6.03101   0.0485927   0.783606  4.15378 	Dead: 0
2   5.69457   0.0416086   0.67098   3.79245 	Dead: 0
3   5.48476   0.0405978   0.65468   3.79245 	Dead: 0
4   5.31317   0.0380305   0.61328   3.61526 	Dead: 0
5   5.20922   0.0400833   0.646383  3.61526 	Dead: 0
6   5.09442   0.0404583   0.652431  3.49703 	Dead: 0
7   5.0042    0.0420661   0.678358  3.02931 	Dead: 0
8   4.92563   0.041704    0.672519  3.0064  	Dead: 0
9   4.8601    0.044316    0.71464   3.0064  	Dead: 0
10  4.78687   0.0446898   0.720668  2.9508  	Dead: 0
11  4.68603   0.0432691   0.697757  2.9508  	Dead: 0
12  4.6083    0.0439808   0.709234  2.76685 	Dead: 0
13  4.53617   0.044913    0.724267  2.76685 	Dead: 0
14  4.44062   0.0434774   0.701116  2.76685 	Dead: 0
15  4.34463   0.0430185   0.693716  2.76685 	Dead: 0
16  4.28954   0.0443194   0.714695  2.76685 	Dead: 0
17  4.20845   0.0431313   0.695535  2.76685 	Dead: 0
18  4.15815   0.0436589   0.704044  2.76685 	Dead: 0
19  4.10626   0.0432389   0.69727   2.74025 	Dead: 0
20  4.07808   0.0439296   0.708408  2.74025 	Dead: 0
21  4.06392   0.0450576   0.726599  2.58506 	Dead: 0
22  3.97829   0.0427432   0.689277  2.58506 	Dead: 0
23  3.92382   0.0419933   0.677183  2.58506 	Dead: 0
24  3.9026    0.0423472   0.682891  2.58506 	Dead: 0
25  3.90394   0.0436477   0.703862  2.58506 	Dead: 0
26  3.88475   0.0445589   0.718557  2.58506 	Dead: 0
27  3.87012   0.0438204   0.706648  2.58506 	Dead: 0
28  3.8673    0.0458098   0.738729  2.58506 	Dead: 0
29  3.84447   0.0458346   0.739129  2.48124 	Dead: 0
30  3.81821   0.0450278   0.726118  2.48124 	Dead: 0
31  3.80632   0.04653     0.750342  2.48124 	Dead: 0
32  3.77935   0.0463809   0.747939  2.48124 	Dead: 0
33  3.75825   0.0457235   0.737337  2.48124 	Dead: 0
34  3.78931   0.0468005   0.754704  2.48124 	Dead: 0
35  3.76534   0.0466643   0.752509  2.48124 	Dead: 0
36  3.75428   0.047183    0.760874  2.48124 	Dead: 0
37  3.72789   0.0468845   0.75606   2.48124 	Dead: 0
38  3.72395   0.0464788   0.749516  2.48124 	Dead: 0
39  3.73362   0.0482996   0.778879  2.48124 	Dead: 0
40  3.72165   0.045959    0.741135  2.48124 	Dead: 0
41  3.71414   0.0467083   0.753218  2.25962 	Dead: 0
42  3.73303   0.048939    0.78919   2.25962 	Dead: 0
43  3.71874   0.0492169   0.793672  2.25962 	Dead: 0
44  3.70099   0.0487417   0.786008  2.25962 	Dead: 0
45  3.71734   0.047755    0.770097  2.25962 	Dead: 0
46  3.70317   0.0481799   0.776949  2.25962 	Dead: 0
47  3.71321   0.050407    0.812863  2.13823 	Dead: 0
48  3.70105   0.0509248   0.821214  2.13823 	Dead: 0
49  3.66474   0.0478316   0.771332  2.13823 	Dead: 0
50  3.66049   0.0482565   0.778184  2.13823 	Dead: 0
51  3.68244   0.0503919   0.81262   2.13823 	Dead: 0
52  3.6539    0.0483816   0.780202  2.13823 	Dead: 0
53  3.62931   0.0476673   0.768682  2.13823 	Dead: 0
54  3.63711   0.0483466   0.779638  2.13823 	Dead: 0
55  3.6498    0.0493371   0.79561   2.13823 	Dead: 0
56  3.629     0.0479754   0.773651  2.13823 	Dead: 0
57  3.62502   0.0494      0.796624  2.13823 	Dead: 0
58  3.63316   0.0484128   0.780705  2.13823 	Dead: 0
59  3.61018   0.0476592   0.768553  2.13823 	Dead: 0
60  3.61476   0.0484234   0.780877  2.13823 	Dead: 0
61  3.60685   0.0484628   0.781511  2.13823 	Dead: 0
62  3.59108   0.0477368   0.769803  2.13823 	Dead: 0
63  3.60698   0.0489945   0.790085  2.13823 	Dead: 0
64  3.61966   0.0501244   0.808307  2.13823 	Dead: 0
65  3.56701   0.0482686   0.77838   2.13823 	Dead: 0
66  3.60594   0.0496852   0.801224  2.13823 	Dead: 0
67  3.59115   0.0491951   0.793321  2.13823 	Dead: 0
68  3.56535   0.0492631   0.794417  2.13823 	Dead: 0
69  3.58308   0.0504426   0.813437  2.13823 	Dead: 0
70  3.56739   0.0480391   0.774679  2.13823 	Dead: 0
71  3.59121   0.0521196   0.84048   2.13823 	Dead: 0
72  3.57015   0.051109    0.824183  2.13823 	Dead: 0
73  3.56355   0.0484807   0.7818    2.13823 	Dead: 0
74  3.58269   0.0499395   0.805324  2.13823 	Dead: 0
75  3.55296   0.0482947   0.7788    2.13823 	Dead: 0
76  3.54189   0.0482438   0.777979  2.13823 	Dead: 0
77  3.55568   0.0506744   0.817175  2.13823 	Dead: 0
78  3.54638   0.0499334   0.805227  2.13823 	Dead: 0
79  3.55802   0.0507821   0.818913  2.13823 	Dead: 0
80  3.52826   0.0496077   0.799974  2.13823 	Dead: 0
81  3.53835   0.04976     0.80243   2.13823 	Dead: 0
82  3.54486   0.0499672   0.805771  2.13823 	Dead: 0
83  3.54334   0.0497858   0.802846  2.13823 	Dead: 0
84  3.51554   0.0491117   0.791975  2.13823 	Dead: 0
85  3.51876   0.0480109   0.774224  2.13823 	Dead: 0
86  3.54619   0.050129    0.80838   2.13823 	Dead: 0
87  3.54648   0.0517646   0.834756  2.13823 	Dead: 0
88  3.50809   0.0488138   0.787172  2.13823 	Dead: 0
89  3.53506   0.0500887   0.807731  2.13823 	Dead: 0
90  3.53775   0.0510726   0.823597  2.13823 	Dead: 0
91  3.54097   0.0516615   0.833093  2.13823 	Dead: 0
92  3.5131    0.0485437   0.782816  2.13823 	Dead: 0
93  3.48682   0.0474532   0.76523   2.13823 	Dead: 0
94  3.49622   0.0474708   0.765514  2.13823 	Dead: 0
95  3.51415   0.0494137   0.796846  2.13823 	Dead: 0
96  3.54284   0.051389    0.828699  2.13823 	Dead: 0
97  3.50635   0.0506299   0.816457  2.13823 	Dead: 0
98  3.50109   0.050471    0.813895  2.13823 	Dead: 0
99  3.47164   0.0464723   0.749412  2.13823 	Dead: 0
100 3.51011   0.0498469   0.80383   2.13823 	Dead: 0
