0   6.6696    0.0595872   0.960904  4.22751 	Dead: 0
1   6.02787   0.0461534   0.74427   4.22751 	Dead: 0
2   5.72507   0.0427373   0.689182  4.01173 	Dead: 0
3   5.51024   0.0390957   0.630458  3.7251  	Dead: 0
4   5.37711   0.0379      0.611176  3.7251  	Dead: 0
5   5.26494   0.0377237   0.608332  3.7251  	Dead: 0
6   5.16397   0.0380164   0.613052  3.67199 	Dead: 0
7   5.10171   0.0393079   0.63388   3.1777  	Dead: 0
8   5.03196   0.0403379   0.650489  3.1777  	Dead: 0
9   4.98491   0.0396078   0.638715  3.1777  	Dead: 0
10  4.91092   0.0383133   0.61784   3.1777  	Dead: 0
11  4.88597   0.0397363   0.640788  3.1777  	Dead: 0
12  4.83644   0.0401826   0.647984  3.1777  	Dead: 0
13  4.81188   0.0424653   0.684796  3.1777  	Dead: 0
14  4.74333   0.0400407   0.645696  3.1777  	Dead: 0
15  4.72785   0.0423416   0.682801  3.1777  	Dead: 0
16  4.67084   0.0428452   0.690922  3.1777  	Dead: 0
17  4.63761   0.0420901   0.678745  2.91506 	Dead: 0
18  4.61276   0.0462616   0.746014  2.91506 	Dead: 0
19  4.57719   0.0437598   0.705671  2.91506 	Dead: 0
20  4.52932   0.0441073   0.711274  2.89986 	Dead: 0
21  4.4468    0.0422474   0.681282  2.54169 	Dead: 0
22  4.42696   0.044399    0.715978  2.54169 	Dead: 0
23  4.38669   0.0459926   0.741677  2.54169 	Dead: 0
24  4.32245   0.044081    0.71085   2.54169 	Dead: 0
25  4.28508   0.044088    0.710962  2.54169 	Dead: 0
26  4.24446   0.0447498   0.721635  2.54169 	Dead: 0
27  4.22619   0.0451291   0.727751  2.54169 	Dead: 0
28  4.17672   0.0445641   0.718641  2.54169 	Dead: 0
29  4.18429   0.0458869   0.739973  2.54169 	Dead: 0
30  4.14994   0.0445694   0.718726  2.54169 	Dead: 0
31  4.11623   0.0441049   0.711235  2.54169 	Dead: 0
32  4.08923   0.0450452   0.726399  2.54169 	Dead: 0
33  4.0845    0.046312    0.746827  2.54169 	Dead: 0
34  4.03703   0.0446213   0.719563  2.54169 	Dead: 0
35  4.0281    0.0458829   0.739908  2.54169 	Dead: 0
36  4.0365    0.0474327   0.7649    2.54169 	Dead: 0
37  4.02932   0.0480038   0.774109  2.54169 	Dead: 0
38  4.01372   0.047553    0.76684   2.54169 	Dead: 0
39  3.98079   0.0471686   0.760641  2.54169 	Dead: 0
40  3.95296   0.0478751   0.772034  2.54169 	Dead: 0
41  3.98006   0.0495246   0.798634  2.54169 	Dead: 0
42  3.95335   0.04708     0.759212  2.54169 	Dead: 0
43  3.91876   0.046935    0.756874  2.54169 	Dead: 0
44  3.9496    0.0499505   0.805502  2.54169 	Dead: 0
45  3.9109    0.0472587   0.762094  2.54169 	Dead: 0
46  3.92511   0.0502759   0.810749  2.54169 	Dead: 0
47  3.9234    0.0489352   0.789128  2.54169 	Dead: 0
48  3.90957   0.048242    0.777951  2.54169 	Dead: 0
49  3.89277   0.0487669   0.786415  2.54169 	Dead: 0
50  3.8635    0.048283    0.778611  2.54169 	Dead: 0
51  3.84794   0.0481617   0.776655  2.54169 	Dead: 0
52  3.8513    0.0483041   0.778951  2.54169 	Dead: 0
53  3.8449    0.047743    0.769903  2.54169 	Dead: 0
54  3.85091   0.0487532   0.786194  2.50552 	Dead: 0
55  3.85889   0.0501233   0.808288  2.34723 	Dead: 0
56  3.83807   0.050496    0.814299  2.34723 	Dead: 0
57  3.84182   0.0507112   0.817769  2.34723 	Dead: 0
58  3.80975   0.0490025   0.790214  2.34723 	Dead: 0
59  3.81171   0.0487873   0.786745  2.34723 	Dead: 0
60  3.8185    0.049992    0.806171  2.34723 	Dead: 0
61  3.8206    0.0510647   0.823469  2.34723 	Dead: 0
62  3.80568   0.0506356   0.81655   2.30729 	Dead: 0
63  3.77099   0.0495439   0.798945  2.30729 	Dead: 0
64  3.77407   0.0524195   0.845317  2.30729 	Dead: 0
65  3.76367   0.0516444   0.832818  2.30729 	Dead: 0
66  3.75133   0.0508533   0.82006   2.30729 	Dead: 0
67  3.76812   0.0531258   0.856707  2.30729 	Dead: 0
68  3.73302   0.0498306   0.803568  2.30729 	Dead: 0
69  3.74374   0.0511872   0.825445  2.30729 	Dead: 0
70  3.76465   0.0540096   0.87096   2.30729 	Dead: 0
71  3.72716   0.0516341   0.832652  2.21284 	Dead: 0
72  3.73404   0.0514105   0.829046  2.21284 	Dead: 0
73  3.72546   0.0526297   0.848707  2.21284 	Dead: 0
74  3.71462   0.0521977   0.84174   2.21284 	Dead: 0
75  3.73841   0.0533569   0.860433  2.21284 	Dead: 0
76  3.72511   0.0516334   0.83264   2.21284 	Dead: 0
77  3.71719   0.0518636   0.836353  2.21284 	Dead: 0
78  3.71071   0.0521701   0.841296  2.21284 	Dead: 0
79  3.7018    0.0514298   0.829357  2.21284 	Dead: 0
80  3.7031    0.0519155   0.83719   2.21284 	Dead: 0
81  3.68925   0.0510195   0.82274   2.21284 	Dead: 0
82  3.71494   0.0531465   0.857041  2.21284 	Dead: 0
83  3.66378   0.0508767   0.820437  2.21284 	Dead: 0
84  3.63393   0.0490395   0.790811  2.21284 	Dead: 0
85  3.66858   0.0518397   0.835967  2.21284 	Dead: 0
86  3.65799   0.0516045   0.832174  2.21284 	Dead: 0
87  3.65288   0.0527855   0.851219  2.21284 	Dead: 0
88  3.65153   0.0527462   0.850586  2.21284 	Dead: 0
89  3.64876   0.0527023   0.849877  2.21284 	Dead: 0
90  3.62397   0.0505245   0.814758  2.21284 	Dead: 0
91  3.63331   0.0537892   0.867405  2.21284 	Dead: 0
92  3.65052   0.0548535   0.884568  2.21284 	Dead: 0
93  3.66064   0.0543478   0.876412  2.21284 	Dead: 0
94  3.63829   0.0535261   0.863161  2.21284 	Dead: 0
95  3.6046    0.0526736   0.849414  2.21284 	Dead: 0
96  3.58689   0.0528708   0.852594  2.21284 	Dead: 0
97  3.58317   0.0519283   0.837396  2.10841 	Dead: 0
98  3.60507   0.0547205   0.882423  2.10841 	Dead: 0
99  3.57782   0.0529394   0.8537    2.10841 	Dead: 0
100 3.59426   0.0538306   0.868072  2.10841 	Dead: 0
