0   6.76145   0.0584798   0.943046  3.65527 	Dead: 0
1   6.02663   0.0457339   0.737505  3.65527 	Dead: 0
2   5.70679   0.043187    0.696434  3.65527 	Dead: 0
3   5.48776   0.0383542   0.6185    3.65527 	Dead: 0
4   5.37873   0.0391062   0.630626  3.65527 	Dead: 0
5   5.28279   0.0382567   0.616928  3.65527 	Dead: 0
6   5.19456   0.0392651   0.63319   3.65527 	Dead: 0
7   5.08899   0.0404489   0.65228   3.65527 	Dead: 0
8   5.06332   0.044359    0.715333  3.52596 	Dead: 0
9   4.9872    0.0423609   0.683112  3.52596 	Dead: 0
10  4.87995   0.0406828   0.656052  3.43958 	Dead: 0
11  4.83972   0.0414339   0.668163  3.43151 	Dead: 0
12  4.78284   0.0421019   0.678935  3.29346 	Dead: 0
13  4.71188   0.0423532   0.682988  3.07194 	Dead: 0
14  4.65318   0.0420049   0.67737   3.07194 	Dead: 0
15  4.62876   0.0433154   0.698504  3.07194 	Dead: 0
16  4.6068    0.0443192   0.714691  3.07194 	Dead: 0
17  4.5651    0.044843    0.723138  3.07194 	Dead: 0
18  4.52453   0.0446878   0.720636  3.02973 	Dead: 0
19  4.50318   0.0461894   0.744851  3.02973 	Dead: 0
20  4.44032   0.0435735   0.702666  3.02973 	Dead: 0
21  4.41198   0.0451817   0.728599  3.02973 	Dead: 0
22  4.40584   0.0463041   0.746699  3.02973 	Dead: 0
23  4.36251   0.04578     0.738249  3.02973 	Dead: 0
24  4.32612   0.0444262   0.716417  3.02973 	Dead: 0
25  4.30316   0.044421    0.716333  2.93876 	Dead: 0
26  4.2966    0.0452942   0.730414  2.93876 	Dead: 0
27  4.25666   0.0448011   0.722463  2.93876 	Dead: 0
28  4.25743   0.0461967   0.744968  2.93876 	Dead: 0
29  4.24084   0.0468721   0.755859  2.93876 	Dead: 0
30  4.20963   0.0466489   0.752259  2.93316 	Dead: 0
31  4.16622   0.0450427   0.726358  2.84439 	Dead: 0
32  4.1899    0.0466946   0.752997  2.66195 	Dead: 0
33  4.17506   0.0489848   0.789929  2.55225 	Dead: 0
34  4.16217   0.0478643   0.77186   2.55225 	Dead: 0
35  4.12446   0.0466998   0.753081  2.55225 	Dead: 0
36  4.07667   0.0456498   0.736149  2.19085 	Dead: 0
37  4.11087   0.0474617   0.765368  2.19085 	Dead: 0
38  4.06421   0.045623    0.735716  2.19085 	Dead: 0
39  4.03942   0.0450409   0.726329  2.19085 	Dead: 0
40  4.05312   0.0467253   0.753492  2.19085 	Dead: 0
41  4.04223   0.0461544   0.744287  2.19085 	Dead: 0
42  4.03472   0.0462851   0.746394  2.19085 	Dead: 0
43  4.00463   0.0459569   0.741101  2.19085 	Dead: 0
44  3.94582   0.0444913   0.717466  2.19085 	Dead: 0
45  3.93274   0.046701    0.7531    2.19085 	Dead: 0
46  3.93707   0.0468738   0.755887  2.19085 	Dead: 0
47  3.96009   0.0491819   0.793108  2.19085 	Dead: 0
48  3.97256   0.0494641   0.797658  2.19085 	Dead: 0
49  3.95278   0.0497938   0.802975  2.19085 	Dead: 0
50  3.93207   0.0491783   0.793049  2.19085 	Dead: 0
51  3.87989   0.0479367   0.773027  2.19085 	Dead: 0
52  3.8764    0.0461297   0.743888  2.19085 	Dead: 0
53  3.85775   0.0462403   0.745671  2.19085 	Dead: 0
54  3.85557   0.0471655   0.760591  2.19085 	Dead: 0
55  3.88169   0.0499283   0.805143  2.19085 	Dead: 0
56  3.85587   0.0487957   0.78688   2.19085 	Dead: 0
57  3.85861   0.0497434   0.802162  2.19085 	Dead: 0
58  3.87239   0.0502836   0.810874  2.19085 	Dead: 0
59  3.85166   0.0491146   0.792022  2.19085 	Dead: 0
60  3.81174   0.0473838   0.764111  2.19085 	Dead: 0
61  3.79675   0.0474956   0.765915  2.19085 	Dead: 0
62  3.77306   0.0484536   0.781363  2.19085 	Dead: 0
63  3.78548   0.0488227   0.787315  2.19085 	Dead: 0
64  3.78995   0.0492699   0.794527  2.19085 	Dead: 0
65  3.75434   0.0483442   0.779599  2.19085 	Dead: 0
66  3.76817   0.0503674   0.812225  2.19085 	Dead: 0
67  3.75956   0.04966     0.800818  2.19085 	Dead: 0
68  3.73568   0.0480113   0.77423   2.19085 	Dead: 0
69  3.74615   0.0494011   0.796643  2.19085 	Dead: 0
70  3.72061   0.04889     0.7884    2.151   	Dead: 0
71  3.69786   0.0492556   0.794296  2.151   	Dead: 0
72  3.67986   0.0488299   0.787432  2.151   	Dead: 0
73  3.67509   0.0486134   0.78394   2.151   	Dead: 0
74  3.67065   0.0486558   0.784624  2.151   	Dead: 0
75  3.69076   0.0489936   0.79007   2.151   	Dead: 0
76  3.68452   0.0490291   0.790643  2.151   	Dead: 0
77  3.68387   0.0498094   0.803226  2.151   	Dead: 0
78  3.68161   0.0501102   0.808078  2.151   	Dead: 0
79  3.64217   0.0489741   0.789756  2.151   	Dead: 0
80  3.63672   0.0493732   0.796192  2.151   	Dead: 0
81  3.63481   0.0491567   0.792702  2.151   	Dead: 0
82  3.65102   0.0503225   0.811501  2.151   	Dead: 0
83  3.62797   0.0486958   0.785268  2.151   	Dead: 0
84  3.65817   0.0508044   0.819272  2.151   	Dead: 0
85  3.65479   0.0517221   0.83407   2.151   	Dead: 0
86  3.61627   0.0487969   0.786899  2.151   	Dead: 0
87  3.60628   0.0488403   0.787598  2.151   	Dead: 0
88  3.5959    0.0494016   0.79665   2.151   	Dead: 0
89  3.62194   0.0510263   0.822851  2.151   	Dead: 0
90  3.6065    0.0509617   0.821809  2.151   	Dead: 0
91  3.62675   0.0514035   0.828932  2.151   	Dead: 0
92  3.56348   0.0488639   0.787979  2.151   	Dead: 0
93  3.59323   0.0501234   0.80829   2.151   	Dead: 0
94  3.59579   0.0507359   0.818167  2.1047  	Dead: 0
95  3.57921   0.0491125   0.791988  2.1047  	Dead: 0
96  3.6026    0.0525396   0.847254  2.1047  	Dead: 0
97  3.57504   0.0502783   0.810788  2.1047  	Dead: 0
98  3.57048   0.0504613   0.813739  2.1047  	Dead: 0
99  3.56047   0.0507664   0.818659  2.1047  	Dead: 0
100 3.60047   0.0532785   0.859169  2.1047  	Dead: 0
