0   6.65936   0.0606813   0.978546  4.13043 	Dead: 0
1   5.98542   0.0481905   0.77712   3.96254 	Dead: 0
2   5.65512   0.0439379   0.708542  3.73294 	Dead: 0
3   5.43096   0.0432249   0.697045  3.73294 	Dead: 0
4   5.22987   0.0398628   0.642828  3.60826 	Dead: 0
5   5.0878    0.0393661   0.634819  3.3734  	Dead: 0
6   4.95097   0.0376133   0.606552  3.26023 	Dead: 0
7   4.83814   0.0410672   0.66225   3.26023 	Dead: 0
8   4.77393   0.0399815   0.644742  3.26023 	Dead: 0
9   4.69937   0.0422195   0.680831  3.08416 	Dead: 0
10  4.60076   0.0388641   0.626722  3.08416 	Dead: 0
11  4.58859   0.0425509   0.686176  2.85842 	Dead: 0
12  4.53618   0.0435576   0.70241   2.85842 	Dead: 0
13  4.49145   0.0439335   0.708472  2.85842 	Dead: 0
14  4.42739   0.0433345   0.698812  2.85842 	Dead: 0
15  4.37703   0.0417195   0.672769  2.85842 	Dead: 0
16  4.36315   0.0439039   0.707995  2.85842 	Dead: 0
17  4.31207   0.0441038   0.711217  2.85842 	Dead: 0
18  4.27211   0.0430798   0.694705  2.85842 	Dead: 0
19  4.25851   0.04381     0.70648   2.85842 	Dead: 0
20  4.21479   0.0424147   0.68398   2.85842 	Dead: 0
21  4.17416   0.0418024   0.674105  2.82462 	Dead: 0
22  4.11036   0.0397165   0.640468  2.82462 	Dead: 0
23  4.08964   0.0398732   0.642995  2.82462 	Dead: 0
24  4.06906   0.0412075   0.664512  2.82462 	Dead: 0
25  4.04829   0.042048    0.678066  2.82462 	Dead: 0
26  4.03659   0.0424959   0.685288  2.59412 	Dead: 0
27  3.99049   0.0413471   0.666763  2.59412 	Dead: 0
28  4.00942   0.0443777   0.715635  2.59412 	Dead: 0
29  3.96399   0.0425353   0.685923  2.59412 	Dead: 0
30  3.92722   0.0424896   0.685187  2.59412 	Dead: 0
31  3.9096    0.0410206   0.661498  2.59412 	Dead: 0
32  3.90698   0.0424247   0.684141  2.59412 	Dead: 0
33  3.88503   0.041198    0.664359  2.59412 	Dead: 0
34  3.8613    0.0423222   0.682488  2.59412 	Dead: 0
35  3.83903   0.0411562   0.663686  2.59412 	Dead: 0
36  3.83349   0.0412983   0.665977  2.59412 	Dead: 0
37  3.85164   0.0414825   0.668946  2.59412 	Dead: 0
38  3.85538   0.0431525   0.695877  2.59412 	Dead: 0
39  3.79657   0.0410134   0.661383  2.59412 	Dead: 0
40  3.8266    0.0445233   0.717983  2.59412 	Dead: 0
41  3.79048   0.0423038   0.682191  2.59412 	Dead: 0
42  3.79937   0.0433605   0.699231  2.59412 	Dead: 0
43  3.79147   0.0445493   0.718403  2.59412 	Dead: 0
44  3.76702   0.0435802   0.702775  2.59412 	Dead: 0
45  3.76903   0.0442865   0.714164  2.59412 	Dead: 0
46  3.76253   0.0449456   0.724793  2.59412 	Dead: 0
47  3.73186   0.0416148   0.67108   2.59412 	Dead: 0
48  3.72868   0.0431037   0.695089  2.59412 	Dead: 0
49  3.73631   0.0448892   0.723883  2.55487 	Dead: 0
50  3.69071   0.042059    0.678244  2.45658 	Dead: 0
51  3.69218   0.0434206   0.7002    2.45658 	Dead: 0
52  3.68138   0.0435629   0.702495  2.45658 	Dead: 0
53  3.64923   0.0411377   0.663387  2.45658 	Dead: 0
54  3.6628    0.0446077   0.719344  2.45658 	Dead: 0
55  3.64568   0.0438182   0.706613  2.45658 	Dead: 0
56  3.63961   0.0442619   0.713768  2.45658 	Dead: 0
57  3.61904   0.042872    0.691354  2.45639 	Dead: 0
58  3.59241   0.0413661   0.66707   2.45639 	Dead: 0
59  3.61194   0.0437536   0.70557   2.45639 	Dead: 0
60  3.58573   0.0426065   0.687072  2.45639 	Dead: 0
61  3.60006   0.0442588   0.713718  2.45639 	Dead: 0
62  3.60137   0.0451855   0.728662  2.45639 	Dead: 0
63  3.59035   0.0453885   0.731935  2.32354 	Dead: 0
64  3.56514   0.0445692   0.718724  2.32354 	Dead: 0
65  3.55563   0.0448749   0.723653  2.32354 	Dead: 0
66  3.56168   0.0450853   0.727045  2.32354 	Dead: 0
67  3.55468   0.0443203   0.71471   2.32354 	Dead: 0
68  3.55377   0.0446387   0.719843  2.32354 	Dead: 0
69  3.53527   0.0440602   0.710514  2.32354 	Dead: 0
70  3.52823   0.0439028   0.707976  2.32354 	Dead: 0
71  3.53624   0.0455474   0.734497  2.32354 	Dead: 0
72  3.51914   0.0448348   0.723007  2.24014 	Dead: 0
73  3.49009   0.0433442   0.698968  2.24014 	Dead: 0
74  3.52226   0.045978    0.741441  2.24014 	Dead: 0
75  3.50818   0.0461452   0.744138  2.24014 	Dead: 0
76  3.47379   0.0432382   0.69726   2.24014 	Dead: 0
77  3.46351   0.0429727   0.692977  2.1986  	Dead: 0
78  3.44414   0.043597    0.703046  2.1986  	Dead: 0
79  3.44417   0.0446633   0.72024   2.1986  	Dead: 0
80  3.43913   0.0438475   0.707084  2.1986  	Dead: 0
81  3.4495    0.0443876   0.715795  2.1986  	Dead: 0
82  3.43913   0.0453083   0.730642  2.1986  	Dead: 0
83  3.44293   0.0453952   0.732042  2.1986  	Dead: 0
84  3.43066   0.0451827   0.728617  2.1986  	Dead: 0
85  3.42398   0.0440135   0.709762  2.1986  	Dead: 0
86  3.41073   0.0434688   0.700978  2.1986  	Dead: 0
87  3.41983   0.0430698   0.694543  2.1986  	Dead: 0
88  3.40117   0.0433671   0.699338  2.1986  	Dead: 0
89  3.41592   0.0459771   0.741427  2.1986  	Dead: 0
90  3.4126    0.0454684   0.733224  2.1986  	Dead: 0
91  3.40533   0.0433561   0.699161  2.1986  	Dead: 0
92  3.41567   0.0458953   0.740108  2.1986  	Dead: 0
93  3.38519   0.0439892   0.709371  2.1986  	Dead: 0
94  3.37326   0.0440889   0.710977  2.1986  	Dead: 0
95  3.37348   0.0446035   0.719276  2.18111 	Dead: 0
96  3.37857   0.0455276   0.734177  2.18111 	Dead: 0
97  3.3759    0.0444671   0.717077  2.18111 	Dead: 0
98  3.38518   0.0461982   0.744992  2.18111 	Dead: 0
99  3.36502   0.0447961   0.722381  2.18111 	Dead: 0
100 3.40112   0.0488022   0.786984  2.18111 	Dead: 0
