0   6.65236   0.0612415   0.98758   4.10852 	Dead: 0
1   6.048     0.0492391   0.794029  4.10852 	Dead: 0
2   5.73767   0.0406787   0.655984  4.10852 	Dead: 0
3   5.57987   0.0404952   0.653025  4.10852 	Dead: 0
4   5.47485   0.0408265   0.658368  3.96857 	Dead: 0
5   5.39811   0.0433377   0.698863  3.93713 	Dead: 0
6   5.29018   0.0430699   0.694544  3.3748  	Dead: 0
7   5.20627   0.0419694   0.676798  3.3748  	Dead: 0
8   5.09822   0.0405547   0.653985  3.3748  	Dead: 0
9   5.07108   0.0429214   0.692151  3.3748  	Dead: 0
10  4.98816   0.0425473   0.686118  2.8977  	Dead: 0
11  4.95138   0.0445581   0.718543  2.8977  	Dead: 0
12  4.86493   0.0427478   0.68935   2.8977  	Dead: 0
13  4.82211   0.0445727   0.718779  2.8977  	Dead: 0
14  4.72464   0.0449382   0.724674  2.8977  	Dead: 0
15  4.63862   0.043307    0.698368  2.8977  	Dead: 0
16  4.5912    0.044655    0.720107  2.88517 	Dead: 0
17  4.55176   0.0478687   0.771931  2.85959 	Dead: 0
18  4.46814   0.0463105   0.746804  2.85959 	Dead: 0
19  4.37395   0.0424787   0.685012  2.85959 	Dead: 0
20  4.35326   0.0444233   0.71637   2.85959 	Dead: 0
21  4.30722   0.0437171   0.704981  2.85959 	Dead: 0
22  4.29562   0.0481397   0.776302  2.85959 	Dead: 0
23  4.22872   0.045881    0.739876  2.85959 	Dead: 0
24  4.20572   0.0463943   0.748155  2.85959 	Dead: 0
25  4.15957   0.0468301   0.755182  2.85959 	Dead: 0
26  4.1562    0.0480703   0.775182  2.85959 	Dead: 0
27  4.11272   0.0476372   0.768197  2.64014 	Dead: 0
28  4.08508   0.0467551   0.753972  2.64014 	Dead: 0
29  4.06648   0.0467925   0.754576  2.64014 	Dead: 0
30  4.03572   0.0479425   0.773121  2.64014 	Dead: 0
31  4.03221   0.0468561   0.755601  2.59952 	Dead: 0
32  3.9929    0.0457688   0.738068  2.38757 	Dead: 0
33  3.99977   0.0474152   0.764617  2.38757 	Dead: 0
34  3.97815   0.0484084   0.780633  2.38757 	Dead: 0
35  3.95591   0.0479564   0.773345  2.38757 	Dead: 0
36  3.9468    0.0496747   0.801054  2.38757 	Dead: 0
37  3.90892   0.0465055   0.749947  2.38757 	Dead: 0
38  3.93972   0.049305    0.795092  2.38757 	Dead: 0
39  3.93463   0.049959    0.805639  2.38757 	Dead: 0
40  3.92075   0.0486372   0.784324  2.38757 	Dead: 0
41  3.94369   0.0503565   0.812049  2.38757 	Dead: 0
42  3.90839   0.0497514   0.802292  2.38757 	Dead: 0
43  3.89194   0.0494908   0.798088  2.35536 	Dead: 0
44  3.91604   0.0516293   0.832574  2.35536 	Dead: 0
45  3.90596   0.0521212   0.840506  2.35536 	Dead: 0
46  3.85561   0.0513512   0.828089  2.35536 	Dead: 0
47  3.82626   0.049678    0.801108  2.35536 	Dead: 0
48  3.80737   0.048705    0.785416  2.35536 	Dead: 0
49  3.80455   0.0479036   0.772494  2.35536 	Dead: 0
50  3.78117   0.0486275   0.784167  2.35536 	Dead: 0
51  3.79764   0.04901     0.790335  2.35536 	Dead: 0
52  3.83953   0.0501745   0.809114  2.35536 	Dead: 0
53  3.82654   0.0499341   0.805237  2.35536 	Dead: 0
54  3.83306   0.0519011   0.836956  2.35536 	Dead: 0
55  3.80464   0.0505161   0.814623  2.35536 	Dead: 0
56  3.80061   0.0507712   0.818736  2.35536 	Dead: 0
57  3.77702   0.0495881   0.799657  2.35536 	Dead: 0
58  3.77197   0.0488097   0.787106  2.35536 	Dead: 0
59  3.76116   0.0509      0.820814  2.35536 	Dead: 0
60  3.74913   0.0495982   0.799821  2.35536 	Dead: 0
61  3.7609    0.0503046   0.811212  2.35536 	Dead: 0
62  3.79632   0.0539159   0.869448  2.35536 	Dead: 0
63  3.74094   0.0492049   0.793478  2.35536 	Dead: 0
64  3.73974   0.0495496   0.799037  2.35536 	Dead: 0
65  3.71015   0.0484981   0.782081  2.35536 	Dead: 0
66  3.73584   0.0504308   0.813247  2.35536 	Dead: 0
67  3.71332   0.0496948   0.801379  2.35536 	Dead: 0
68  3.7372    0.0518747   0.836531  2.35536 	Dead: 0
69  3.731     0.0503754   0.812353  2.35536 	Dead: 0
70  3.73771   0.0502962   0.811077  2.35536 	Dead: 0
71  3.71361   0.0492339   0.793947  2.35536 	Dead: 0
72  3.70667   0.0485989   0.783706  2.35536 	Dead: 0
73  3.70523   0.0491083   0.791921  2.35536 	Dead: 0
74  3.73378   0.0515508   0.831308  2.35536 	Dead: 0
75  3.73427   0.0509705   0.82195   2.35536 	Dead: 0
76  3.7081    0.0487709   0.78648   2.35536 	Dead: 0
77  3.73724   0.051171    0.825184  2.35536 	Dead: 0
78  3.73039   0.0512388   0.826276  2.35536 	Dead: 0
79  3.70587   0.0497525   0.802309  2.35536 	Dead: 0
80  3.724     0.0500056   0.80639   2.35536 	Dead: 0
81  3.71139   0.0504397   0.813391  2.35536 	Dead: 0
82  3.74483   0.0525896   0.84806   2.35536 	Dead: 0
83  3.70538   0.0504606   0.813728  2.35536 	Dead: 0
84  3.71199   0.0517274   0.834156  2.35536 	Dead: 0
85  3.70634   0.0525758   0.847837  2.35536 	Dead: 0
86  3.6969    0.0509073   0.82093   2.35536 	Dead: 0
87  3.66918   0.0494086   0.796763  2.35536 	Dead: 0
88  3.70195   0.0516836   0.83345   2.35536 	Dead: 0
89  3.6645    0.0499166   0.804954  2.35536 	Dead: 0
90  3.63766   0.0489098   0.788719  2.35536 	Dead: 0
91  3.65058   0.049758    0.802397  2.35536 	Dead: 0
92  3.67057   0.0518013   0.835347  2.35536 	Dead: 0
93  3.67946   0.0512192   0.825961  2.35536 	Dead: 0
94  3.66878   0.0516613   0.833089  2.35536 	Dead: 0
95  3.65053   0.0497101   0.801625  2.35536 	Dead: 0
96  3.61031   0.0496018   0.799878  2.35536 	Dead: 0
97  3.63498   0.0492017   0.793427  2.35536 	Dead: 0
98  3.65994   0.0513572   0.828186  2.35536 	Dead: 0
99  3.64995   0.0493796   0.796296  2.32222 	Dead: 0
100 3.65312   0.0502038   0.809587  2.32222 	Dead: 0
