0   6.61325   0.0591174   0.953327  3.89683 	Dead: 0
1   6.02217   0.0484481   0.781274  3.89683 	Dead: 0
2   5.70111   0.0449123   0.724256  3.70614 	Dead: 0
3   5.48819   0.0430567   0.694333  3.70614 	Dead: 0
4   5.27498   0.0373864   0.602893  3.70614 	Dead: 0
5   5.16419   0.03927     0.633268  3.52252 	Dead: 0
6   5.07217   0.0384407   0.619895  3.51645 	Dead: 0
7   5.00021   0.042071    0.678437  3.37897 	Dead: 0
8   4.91319   0.0415606   0.670206  3.18787 	Dead: 0
9   4.84853   0.0423203   0.682457  3.18787 	Dead: 0
10  4.78102   0.0428434   0.690893  3.08057 	Dead: 0
11  4.73918   0.0427142   0.68881   3.08057 	Dead: 0
12  4.673     0.0431297   0.69551   3.08057 	Dead: 0
13  4.6256    0.0408371   0.658539  3.08057 	Dead: 0
14  4.56396   0.0425481   0.686131  3.08057 	Dead: 0
15  4.51592   0.0426118   0.687158  3.03979 	Dead: 0
16  4.47126   0.0425727   0.686528  3.03979 	Dead: 0
17  4.42546   0.0426608   0.687948  2.87561 	Dead: 0
18  4.39005   0.0439185   0.70823   2.87561 	Dead: 0
19  4.33307   0.0422978   0.682094  2.87561 	Dead: 0
20  4.27385   0.0418292   0.674538  2.87561 	Dead: 0
21  4.2486    0.0420927   0.678787  2.87561 	Dead: 0
22  4.25688   0.0450519   0.726508  2.81656 	Dead: 0
23  4.19814   0.0429779   0.693061  2.81656 	Dead: 0
24  4.16594   0.0421942   0.680424  2.81656 	Dead: 0
25  4.13492   0.0436936   0.704602  2.80289 	Dead: 0
26  4.14921   0.0454085   0.732258  2.80289 	Dead: 0
27  4.11535   0.0439021   0.707965  2.80289 	Dead: 0
28  4.11104   0.0449987   0.725649  2.80289 	Dead: 0
29  4.10225   0.044354    0.715252  2.80289 	Dead: 0
30  4.07861   0.0438835   0.707665  2.80289 	Dead: 0
31  4.04422   0.0430619   0.694416  2.80289 	Dead: 0
32  4.04999   0.0447019   0.720863  2.80289 	Dead: 0
33  4.01878   0.0428188   0.690496  2.80289 	Dead: 0
34  4.02035   0.0452489   0.729683  2.80289 	Dead: 0
35  4.00889   0.0436594   0.704052  2.80289 	Dead: 0
36  3.95023   0.0418713   0.675216  2.80289 	Dead: 0
37  3.91705   0.0409315   0.660061  2.75712 	Dead: 0
38  3.9422    0.0434967   0.701427  2.65258 	Dead: 0
39  3.95423   0.0440648   0.710589  2.65258 	Dead: 0
40  3.91007   0.0423715   0.683284  2.65258 	Dead: 0
41  3.90451   0.0436054   0.703181  2.5617  	Dead: 0
42  3.87457   0.0430872   0.694825  2.5617  	Dead: 0
43  3.89458   0.0448787   0.723714  2.5617  	Dead: 0
44  3.88674   0.0438309   0.706818  2.5617  	Dead: 0
45  3.87972   0.0443039   0.714445  2.5617  	Dead: 0
46  3.8627    0.04505     0.726476  2.5617  	Dead: 0
47  3.83708   0.0441163   0.71142   2.5617  	Dead: 0
48  3.85665   0.0448637   0.723473  2.5617  	Dead: 0
49  3.85006   0.0447909   0.722298  2.5617  	Dead: 0
50  3.8403    0.0444737   0.717183  2.5617  	Dead: 0
51  3.86627   0.0466628   0.752484  2.5617  	Dead: 0
52  3.81978   0.044199    0.712752  2.5617  	Dead: 0
53  3.8174    0.0438319   0.706833  2.5617  	Dead: 0
54  3.82239   0.0451897   0.72873   2.5617  	Dead: 0
55  3.83483   0.0459661   0.741249  2.5617  	Dead: 0
56  3.81421   0.0469496   0.757109  2.5617  	Dead: 0
57  3.82264   0.0457245   0.737354  2.5617  	Dead: 0
58  3.79651   0.0450653   0.726722  2.5617  	Dead: 0
59  3.78356   0.0452815   0.730209  2.5617  	Dead: 0
60  3.78376   0.0465191   0.750167  2.5617  	Dead: 0
61  3.82528   0.0481173   0.77594   2.5617  	Dead: 0
62  3.76845   0.0441471   0.711916  2.5617  	Dead: 0
63  3.78673   0.047091    0.759389  2.5617  	Dead: 0
64  3.78231   0.0465039   0.749923  2.5617  	Dead: 0
65  3.79346   0.0469249   0.756711  2.5617  	Dead: 0
66  3.77132   0.0458609   0.739553  2.5617  	Dead: 0
67  3.75785   0.045317    0.730782  2.5617  	Dead: 0
68  3.77199   0.0477284   0.769669  2.47709 	Dead: 0
69  3.76503   0.0484633   0.781519  2.47709 	Dead: 0
70  3.77177   0.0484178   0.780785  2.47709 	Dead: 0
71  3.76338   0.0476166   0.767865  2.47709 	Dead: 0
72  3.7494    0.0458953   0.740107  2.47709 	Dead: 0
73  3.74384   0.0468348   0.755258  2.47709 	Dead: 0
74  3.73826   0.0453834   0.731852  2.47709 	Dead: 0
75  3.74711   0.0473292   0.763231  2.47709 	Dead: 0
76  3.72694   0.0458077   0.738695  2.47709 	Dead: 0
77  3.73734   0.047305    0.76284   2.47709 	Dead: 0
78  3.72421   0.0479618   0.773432  2.47709 	Dead: 0
79  3.72793   0.0472667   0.762222  2.47709 	Dead: 0
80  3.74726   0.0478278   0.771271  2.47709 	Dead: 0
81  3.6946    0.0461715   0.744561  2.47709 	Dead: 0
82  3.70752   0.0477036   0.769268  2.47709 	Dead: 0
83  3.72539   0.0477936   0.77072   2.47709 	Dead: 0
84  3.72712   0.049725    0.801866  2.41008 	Dead: 0
85  3.7221    0.0476351   0.768163  2.41008 	Dead: 0
86  3.72764   0.0472109   0.761323  2.41008 	Dead: 0
87  3.72572   0.046709    0.75323   2.41008 	Dead: 0
88  3.70559   0.0460482   0.742574  2.41008 	Dead: 0
89  3.73431   0.0478728   0.771997  2.41008 	Dead: 0
90  3.73008   0.0488927   0.788444  2.41008 	Dead: 0
91  3.696     0.0463678   0.747728  2.41008 	Dead: 0
92  3.70333   0.047064    0.758953  2.41008 	Dead: 0
93  3.69432   0.0465805   0.751157  2.41008 	Dead: 0
94  3.68929   0.0467837   0.754433  2.41008 	Dead: 0
95  3.69829   0.0474889   0.765806  2.41008 	Dead: 0
96  3.6843    0.0474461   0.765116  2.26788 	Dead: 0
97  3.66269   0.0469036   0.756367  2.26788 	Dead: 0
98  3.70202   0.0498283   0.803531  2.26788 	Dead: 0
99  3.70924   0.0499301   0.805173  2.26788 	Dead: 0
100 3.69346   0.0493154   0.79526   2.26788 	Dead: 0
