0   6.80434   0.0651675   1.05089   4.04476 	Dead: 0
1   5.93819   0.052326    0.843809  4.04476 	Dead: 0
2   5.53477   0.0423795   0.683412  3.96307 	Dead: 0
3   5.29056   0.0379762   0.612405  3.75152 	Dead: 0
4   5.14421   0.037994    0.612691  3.24515 	Dead: 0
5   5.02116   0.0353402   0.569896  3.24515 	Dead: 0
6   4.93932   0.0364912   0.588457  3.24515 	Dead: 0
7   4.81876   0.0352821   0.568959  3.24515 	Dead: 0
8   4.75163   0.0370732   0.597843  3.24515 	Dead: 0
9   4.67969   0.0372742   0.601084  3.24515 	Dead: 0
10  4.61555   0.0382714   0.617164  3.23191 	Dead: 0
11  4.5491    0.0385318   0.621365  3.23191 	Dead: 0
12  4.46133   0.0384537   0.620105  3.23191 	Dead: 0
13  4.35549   0.037072    0.597822  2.9184  	Dead: 0
14  4.26248   0.0360889   0.581969  2.91188 	Dead: 0
15  4.22276   0.0391532   0.631385  2.91188 	Dead: 0
16  4.14984   0.0370313   0.597167  2.91188 	Dead: 0
17  4.09055   0.0390573   0.629838  2.34642 	Dead: 0
18  4.03089   0.0387152   0.624321  2.34642 	Dead: 0
19  3.98471   0.0389992   0.628901  2.34642 	Dead: 0
20  3.95251   0.0401523   0.647495  2.34642 	Dead: 0
21  3.93097   0.0394454   0.636097  2.34642 	Dead: 0
22  3.89234   0.0393187   0.634053  2.34642 	Dead: 0
23  3.86691   0.0405958   0.654649  2.34642 	Dead: 0
24  3.82987   0.0397912   0.641673  2.34642 	Dead: 0
25  3.82928   0.0409631   0.660571  2.34642 	Dead: 0
26  3.82264   0.0416437   0.671546  2.34642 	Dead: 0
27  3.80602   0.042851    0.691015  2.34081 	Dead: 0
28  3.79576   0.0423205   0.68246   2.34081 	Dead: 0
29  3.74176   0.0410978   0.662744  2.34081 	Dead: 0
30  3.72183   0.0401386   0.647275  2.34081 	Dead: 0
31  3.72409   0.0401897   0.648099  2.34081 	Dead: 0
32  3.74762   0.0437609   0.705688  2.34081 	Dead: 0
33  3.74878   0.0434864   0.701261  2.34081 	Dead: 0
34  3.72821   0.0444289   0.71646   2.34081 	Dead: 0
35  3.69734   0.0430595   0.694378  2.34081 	Dead: 0
36  3.69683   0.0431495   0.69583   2.34081 	Dead: 0
37  3.67371   0.0429517   0.69264   2.34081 	Dead: 0
38  3.66379   0.042626    0.687387  2.34081 	Dead: 0
39  3.66538   0.0446164   0.719485  2.34081 	Dead: 0
40  3.65943   0.0446379   0.719831  2.34081 	Dead: 0
41  3.65923   0.0447153   0.72108   2.34081 	Dead: 0
42  3.64758   0.0437217   0.705057  2.34081 	Dead: 0
43  3.61497   0.0419107   0.675852  2.34081 	Dead: 0
44  3.6295    0.0440319   0.710058  2.34081 	Dead: 0
45  3.62401   0.0451835   0.728629  2.34081 	Dead: 0
46  3.62273   0.0450798   0.726958  2.12131 	Dead: 0
47  3.62866   0.0477586   0.770155  2.12131 	Dead: 0
48  3.58027   0.0448515   0.723276  2.12131 	Dead: 0
49  3.57074   0.0455488   0.734521  2.12131 	Dead: 0
50  3.61581   0.0471743   0.760732  2.12131 	Dead: 0
51  3.59657   0.0473635   0.763784  2.12131 	Dead: 0
52  3.54072   0.0433672   0.69934   2.12131 	Dead: 0
53  3.57498   0.0470059   0.758017  2.12131 	Dead: 0
54  3.57232   0.0457209   0.737295  2.12131 	Dead: 0
55  3.57767   0.0464568   0.749162  2.12131 	Dead: 0
56  3.57029   0.0467353   0.753653  2.12131 	Dead: 0
57  3.58097   0.0453789   0.73178   2.12131 	Dead: 0
58  3.56982   0.0477548   0.770093  2.12131 	Dead: 0
59  3.55213   0.0468938   0.756209  2.12131 	Dead: 0
60  3.52873   0.0456824   0.736674  2.12131 	Dead: 0
61  3.52065   0.0458737   0.739759  2.12131 	Dead: 0
62  3.52108   0.0455238   0.734116  2.12131 	Dead: 0
63  3.53606   0.0477305   0.769702  2.12131 	Dead: 0
64  3.52543   0.0466567   0.752386  2.12131 	Dead: 0
65  3.53292   0.0475415   0.766655  2.12131 	Dead: 0
66  3.51879   0.0461012   0.743428  2.12131 	Dead: 0
67  3.51239   0.0464856   0.749627  2.12131 	Dead: 0
68  3.48234   0.0459407   0.740839  2.12131 	Dead: 0
69  3.50125   0.0483004   0.778893  2.12131 	Dead: 0
70  3.50378   0.0480079   0.774175  2.12131 	Dead: 0
71  3.50318   0.0461689   0.74452   2.12131 	Dead: 0
72  3.50568   0.0469135   0.756526  2.12131 	Dead: 0
73  3.49858   0.048126    0.776079  2.12131 	Dead: 0
74  3.49021   0.0475544   0.766862  2.12131 	Dead: 0
75  3.46317   0.0443992   0.715982  2.12131 	Dead: 0
76  3.46782   0.0459101   0.740346  2.12131 	Dead: 0
77  3.48137   0.0465199   0.75018   2.12131 	Dead: 0
78  3.47495   0.0464199   0.748567  2.12131 	Dead: 0
79  3.45904   0.0460902   0.743251  2.12131 	Dead: 0
80  3.46838   0.0480089   0.774191  2.12131 	Dead: 0
81  3.43111   0.0443963   0.715935  2.12131 	Dead: 0
82  3.45978   0.0484161   0.780758  2.12131 	Dead: 0
83  3.45388   0.0465725   0.751028  2.12131 	Dead: 0
84  3.46814   0.0492513   0.794227  2.12131 	Dead: 0
85  3.46555   0.0462199   0.745342  2.12131 	Dead: 0
86  3.4714    0.0478173   0.771103  2.12131 	Dead: 0
87  3.47265   0.0470876   0.759335  2.12131 	Dead: 0
88  3.4547    0.0479444   0.773151  2.12131 	Dead: 0
89  3.44113   0.0475886   0.767413  2.12131 	Dead: 0
90  3.44231   0.048441    0.78116   2.12131 	Dead: 0
91  3.46346   0.0484169   0.780771  2.12131 	Dead: 0
92  3.43551   0.0483136   0.779106  2.12131 	Dead: 0
93  3.43613   0.0492509   0.79422   2.12131 	Dead: 0
94  3.43474   0.0483707   0.780026  2.12131 	Dead: 0
95  3.44951   0.0494273   0.797065  2.12131 	Dead: 0
96  3.42626   0.0480812   0.775357  2.12131 	Dead: 0
97  3.40724   0.0472069   0.761259  2.12131 	Dead: 0
98  3.43586   0.0503097   0.811295  2.12131 	Dead: 0
99  3.43194   0.0486887   0.785153  2.12131 	Dead: 0
100 3.4259    0.0488355   0.787521  2.12131 	Dead: 0
