0   4462.22   4.28499     69.0998   4231    	Dead: 0
1   4307.45   3.4925      56.32     4096    	Dead: 0
2   4181.26   3.12995     50.4736   4023    	Dead: 0
3   4095.95   2.29683     37.0386   3972    	Dead: 0
4   4042.23   2.21642     35.742    3925    	Dead: 0
5   3998.08   2.09023     33.707    3907    	Dead: 0
6   3971.62   2.02434     32.6446   3883    	Dead: 0
7   3954.8    2.1335      34.4048   3850    	Dead: 0
8   3939.91   2.02699     32.6872   3850    	Dead: 0
9   3928.97   2.16502     34.9131   3824    	Dead: 0
10  3917.66   2.21829     35.7721   3824    	Dead: 0
11  3909.89   2.26532     36.5305   3824    	Dead: 0
12  3897.65   2.19873     35.4567   3818    	Dead: 0
13  3888.19   2.19779     35.4416   3804    	Dead: 0
14  3880.49   2.28734     36.8856   3784    	Dead: 0
15  3867.95   2.1259      34.2822   3781    	Dead: 0
16  3858.43   2.19611     35.4144   3747    	Dead: 0
17  3846.33   2.25493     36.363    3747    	Dead: 0
18  3830.65   2.11153     34.0505   3744    	Dead: 0
19  3814.79   1.85684     29.9435   3744    	Dead: 0
20  3804.62   2.04331     32.9504   3710    	Dead: 0
21  3793.15   1.98184     31.9592   3710    	Dead: 0
22  3785.23   2.02066     32.5852   3704    	Dead: 0
23  3778.16   1.97713     31.8832   3704    	Dead: 0
24  3772.32   1.90662     30.7462   3704    	Dead: 0
25  3768.71   2.07482     33.4586   3702    	Dead: 0
26  3765.08   2.05148     33.0822   3697    	Dead: 0
27  3762.67   2.16486     34.9105   3697    	Dead: 0
28  3757.02   2.08595     33.6381   3694    	Dead: 0
29  3752.8    2.05484     33.1363   3685    	Dead: 0
30  3750.88   2.1531      34.7209   3684    	Dead: 0
31  3747.5    2.14195     34.5411   3684    	Dead: 0
32  3742.84   2.15301     34.7195   3679    	Dead: 0
33  3737.12   2.08516     33.6253   3667    	Dead: 0
34  3732.95   2.13901     34.4937   3666    	Dead: 0
35  3727.97   2.16554     34.9215   3653    	Dead: 0
36  3719.91   2.09601     33.8003   3648    	Dead: 0
37  3712.93   2.01186     32.4433   3639    	Dead: 0
38  3704.88   2.00394     32.3156   3639    	Dead: 0
39  3700.02   2.07414     33.4475   3627    	Dead: 0
40  3695.02   2.0957      33.7953   3625    	Dead: 0
41  3688.24   1.94686     31.395    3625    	Dead: 0
42  3684.65   2.01225     32.4495   3613    	Dead: 0
43  3681.9    1.96456     31.6805   3613    	Dead: 0
44  3677.46   1.94601     31.3814   3613    	Dead: 0
45  3676.43   2.03401     32.8005   3602    	Dead: 0
46  3673.37   2.10618     33.9643   3602    	Dead: 0
47  3670.08   2.0203      32.5793   3602    	Dead: 0
48  3664.92   2.00745     32.3721   3600    	Dead: 0
49  3662.19   2.08271     33.5858   3600    	Dead: 0
50  3654.86   1.97708     31.8825   3589    	Dead: 0
51  3650.84   2.08831     33.6761   3575    	Dead: 0
52  3645.61   2.0954      33.7904   3575    	Dead: 0
53  3641.53   2.11137     34.0479   3575    	Dead: 0
54  3637.06   2.09379     33.7645   3575    	Dead: 0
55  3632.5    2.01219     32.4486   3575    	Dead: 0
56  3629.07   2.02426     32.6432   3575    	Dead: 0
57  3626.37   2.04944     33.0492   3575    	Dead: 0
58  3625.64   2.14246     34.5493   3569    	Dead: 0
59  3622.94   2.10573     33.957    3569    	Dead: 0
60  3622.39   2.21267     35.6815   3562    	Dead: 0
61  3621.73   2.2564      36.3866   3562    	Dead: 0
62  3618.89   2.20473     35.5534   3562    	Dead: 0
63  3616.39   2.17524     35.0779   3562    	Dead: 0
64  3616.26   2.2675      36.5656   3562    	Dead: 0
65  3616.02   2.31039     37.2573   3558    	Dead: 0
66  3614.07   2.35515     37.9792   3551    	Dead: 0
67  3612.95   2.33326     37.6262   3551    	Dead: 0
68  3609.34   2.22237     35.8379   3549    	Dead: 0
69  3608.27   2.30547     37.1781   3544    	Dead: 0
70  3607.15   2.28343     36.8225   3529    	Dead: 0
71  3607.37   2.3713      38.2396   3529    	Dead: 0
72  3605.1    2.40936     38.8533   3529    	Dead: 0
73  3603.95   2.43905     39.3321   3529    	Dead: 0
74  3602.23   2.3859      38.475    3529    	Dead: 0
75  3599.52   2.38111     38.3978   3529    	Dead: 0
76  3599.46   2.50434     40.3851   3529    	Dead: 0
77  3599.5    2.58993     41.7652   3529    	Dead: 0
78  3595.36   2.41721     38.9799   3529    	Dead: 0
79  3594.74   2.4023      38.7395   3529    	Dead: 0
80  3593.61   2.49708     40.2679   3522    	Dead: 0
81  3591.72   2.48508     40.0744   3522    	Dead: 0
82  3589.24   2.45109     39.5264   3522    	Dead: 0
83  3588.87   2.46814     39.8012   3522    	Dead: 0
84  3587.3    2.47912     39.9782   3522    	Dead: 0
85  3585.35   2.44039     39.3538   3514    	Dead: 0
86  3585.3    2.51272     40.5202   3514    	Dead: 0
87  3584.66   2.62337     42.3045   3514    	Dead: 0
88  3582.47   2.57758     41.5661   3510    	Dead: 0
89  3580.88   2.58495     41.6849   3496    	Dead: 0
90  3577.19   2.56986     41.4415   3496    	Dead: 0
91  3578.12   2.58731     41.723    3496    	Dead: 0
92  3576.65   2.63027     42.4158   3496    	Dead: 0
93  3576.82   2.73858     44.1624   3496    	Dead: 0
94  3572.35   2.63905     42.5574   3496    	Dead: 0
95  3572.31   2.63406     42.4768   3496    	Dead: 0
96  3573.97   2.87368     46.341    3496    	Dead: 0
97  3570.53   2.8274      45.5947   3496    	Dead: 0
98  3567.41   2.7388      44.1658   3496    	Dead: 0
99  3566.34   2.79655     45.0971   3496    	Dead: 0
100 3565.3    2.85489     46.038    3496    	Dead: 0
