0   4460.06   4.26397     68.7608   4266    	Dead: 0
1   4309.67   3.0282      48.8328   4184    	Dead: 0
2   4221.35   2.85202     45.9916   4092    	Dead: 0
3   4148.85   2.41697     38.9761   3993    	Dead: 0
4   4090.19   2.32673     37.5208   3990    	Dead: 0
5   4046.16   2.26946     36.5973   3949    	Dead: 0
6   4015.44   2.18519     35.2384   3902    	Dead: 0
7   3989.18   2.25421     36.3513   3889    	Dead: 0
8   3962.91   2.14695     34.6217   3862    	Dead: 0
9   3937.77   2.16588     34.9269   3848    	Dead: 0
10  3922      2.10295     33.9122   3835    	Dead: 0
11  3907.96   2.13098     34.3642   3813    	Dead: 0
12  3895.79   2.19404     35.3811   3802    	Dead: 0
13  3884.86   2.17388     35.0559   3802    	Dead: 0
14  3873.13   2.26943     36.5968   3783    	Dead: 0
15  3863.77   2.32643     37.5161   3756    	Dead: 0
16  3850.41   2.34759     37.8572   3755    	Dead: 0
17  3837.58   2.24426     36.1909   3735    	Dead: 0
18  3825.13   2.24842     36.258    3729    	Dead: 0
19  3816.47   2.26184     36.4745   3724    	Dead: 0
20  3808.21   2.31803     37.3806   3724    	Dead: 0
21  3803.1    2.38452     38.4528   3724    	Dead: 0
22  3794.26   2.209       35.6224   3723    	Dead: 0
23  3791.12   2.43741     39.3057   3713    	Dead: 0
24  3784.86   2.35088     37.9103   3711    	Dead: 0
25  3781.34   2.43178     39.2149   3711    	Dead: 0
26  3774.74   2.40531     38.7881   3684    	Dead: 0
27  3769.53   2.44648     39.4519   3684    	Dead: 0
28  3764.94   2.43642     39.2897   3669    	Dead: 0
29  3760.43   2.47754     39.9528   3669    	Dead: 0
30  3757.42   2.53895     40.9431   3669    	Dead: 0
31  3752.73   2.51666     40.5836   3669    	Dead: 0
32  3749.58   2.52539     40.7244   3669    	Dead: 0
33  3745.01   2.53662     40.9056   3659    	Dead: 0
34  3742.61   2.61873     42.2297   3659    	Dead: 0
35  3740.66   2.66353     42.9521   3659    	Dead: 0
36  3737.5    2.66611     42.9938   3652    	Dead: 0
37  3733.87   2.56461     41.357    3652    	Dead: 0
38  3729.82   2.54496     41.04     3652    	Dead: 0
39  3729.7    2.67791     43.1839   3652    	Dead: 0
40  3724.59   2.51302     40.525    3652    	Dead: 0
41  3722.74   2.62594     42.3459   3648    	Dead: 0
42  3718.54   2.52552     40.7265   3648    	Dead: 0
43  3716.62   2.53267     40.8419   3645    	Dead: 0
44  3713.67   2.5177      40.6005   3645    	Dead: 0
45  3712.36   2.51902     40.6218   3645    	Dead: 0
46  3709.82   2.54916     41.1077   3625    	Dead: 0
47  3706.21   2.43864     39.3256   3622    	Dead: 0
48  3707.08   2.61511     42.1713   3622    	Dead: 0
49  3702.69   2.44536     39.4339   3622    	Dead: 0
50  3699.89   2.39209     38.5748   3622    	Dead: 0
51  3697.97   2.4248      39.1023   3622    	Dead: 0
52  3697.92   2.53714     40.9139   3622    	Dead: 0
53  3694.2    2.37832     38.3528   3622    	Dead: 0
54  3693.3    2.48626     40.0934   3622    	Dead: 0
55  3690.31   2.4545      39.5813   3622    	Dead: 0
56  3691.19   2.52149     40.6616   3622    	Dead: 0
57  3688.51   2.51885     40.619    3595    	Dead: 0
58  3685.93   2.47801     39.9604   3595    	Dead: 0
59  3683.86   2.46256     39.7113   3595    	Dead: 0
60  3680.98   2.50264     40.3576   3595    	Dead: 0
61  3681.73   2.55738     41.2403   3595    	Dead: 0
62  3678.47   2.44714     39.4625   3595    	Dead: 0
63  3675.12   2.45193     39.5398   3595    	Dead: 0
64  3673.58   2.51596     40.5723   3595    	Dead: 0
65  3672.87   2.60738     42.0466   3595    	Dead: 0
66  3668.34   2.49642     40.2572   3589    	Dead: 0
67  3665.29   2.40831     38.8365   3582    	Dead: 0
68  3661.18   2.38531     38.4655   3582    	Dead: 0
69  3657.62   2.33324     37.6258   3582    	Dead: 0
70  3655.24   2.4275      39.1459   3579    	Dead: 0
71  3651.96   2.38349     38.4361   3579    	Dead: 0
72  3645.93   2.21769     35.7624   3579    	Dead: 0
73  3645.13   2.30519     37.1735   3579    	Dead: 0
74  3641.7    2.31119     37.2703   3567    	Dead: 0
75  3639.58   2.28193     36.7984   3565    	Dead: 0
76  3636.38   2.26206     36.4781   3565    	Dead: 0
77  3635.07   2.44915     39.4949   3565    	Dead: 0
78  3632.26   2.33668     37.6814   3565    	Dead: 0
79  3628.33   2.3527      37.9397   3561    	Dead: 0
80  3627.91   2.36056     38.0664   3558    	Dead: 0
81  3625.42   2.40626     38.8034   3558    	Dead: 0
82  3622.01   2.38505     38.4612   3558    	Dead: 0
83  3619.35   2.30587     37.1844   3556    	Dead: 0
84  3618.91   2.51221     40.5119   3544    	Dead: 0
85  3613.7    2.39582     38.635    3543    	Dead: 0
86  3610.31   2.36011     38.0592   3543    	Dead: 0
87  3606.91   2.50095     40.3303   3527    	Dead: 0
88  3604.6    2.51725     40.5931   3527    	Dead: 0
89  3600      2.56327     41.3353   3527    	Dead: 0
90  3594.34   2.51263     40.5187   3524    	Dead: 0
91  3588.04   2.58999     41.7661   3524    	Dead: 0
92  3579.29   2.33766     37.6971   3522    	Dead: 0
93  3574.56   2.36944     38.2097   3508    	Dead: 0
94  3567.93   2.31113     37.2693   3508    	Dead: 0
95  3564.8    2.35657     38.0021   3497    	Dead: 0
96  3562.78   2.40011     38.7041   3497    	Dead: 0
97  3560.7    2.50195     40.3464   3497    	Dead: 0
98  3555.27   2.34406     37.8002   3497    	Dead: 0
99  3552.29   2.383       38.4283   3486    	Dead: 0
100 3552.97   2.69666     43.4863   3484    	Dead: 0
