0   4454.67   3.98852     64.3189   4263    	Dead: 0
1   4310.92   3.24256     52.2895   4132    	Dead: 0
2   4213.19   2.60722     42.044    4090    	Dead: 0
3   4147.24   2.55874     41.2622   4016    	Dead: 0
4   4084.43   2.45918     39.6567   3949    	Dead: 0
5   4039.13   2.26724     36.5616   3931    	Dead: 0
6   4005.15   2.09286     33.7494   3911    	Dead: 0
7   3975.28   2.12861     34.326    3866    	Dead: 0
8   3948.57   2.06605     33.3171   3866    	Dead: 0
9   3927.82   1.98306     31.9789   3841    	Dead: 0
10  3909.36   1.97993     31.9284   3819    	Dead: 0
11  3895.08   2.06667     33.3271   3793    	Dead: 0
12  3881.79   2.10083     33.8779   3789    	Dead: 0
13  3870.19   2.1601      34.8337   3789    	Dead: 0
14  3860.25   2.18143     35.1778   3775    	Dead: 0
15  3849.87   2.17291     35.0404   3749    	Dead: 0
16  3841.87   2.12645     34.2911   3749    	Dead: 0
17  3835.65   2.22712     35.9146   3749    	Dead: 0
18  3827.95   2.314       37.3156   3743    	Dead: 0
19  3819.67   2.24007     36.1234   3743    	Dead: 0
20  3811.22   2.17717     35.1091   3729    	Dead: 0
21  3806.84   2.27583     36.7001   3727    	Dead: 0
22  3801.82   2.28839     36.9026   3722    	Dead: 0
23  3796.82   2.19093     35.3309   3722    	Dead: 0
24  3793.74   2.38533     38.4658   3714    	Dead: 0
25  3785.47   2.31078     37.2636   3711    	Dead: 0
26  3779.82   2.26924     36.5938   3694    	Dead: 0
27  3773.48   2.27683     36.7162   3694    	Dead: 0
28  3766.48   2.27147     36.6298   3689    	Dead: 0
29  3758.68   2.19857     35.4542   3682    	Dead: 0
30  3752.45   2.22264     35.8422   3677    	Dead: 0
31  3745.74   2.21647     35.7428   3677    	Dead: 0
32  3743.27   2.29475     37.0051   3667    	Dead: 0
33  3740.37   2.36188     38.0877   3666    	Dead: 0
34  3738.38   2.44417     39.4147   3666    	Dead: 0
35  3732.59   2.3774      38.338    3658    	Dead: 0
36  3728.73   2.35087     37.9102   3640    	Dead: 0
37  3724.97   2.32329     37.4654   3640    	Dead: 0
38  3724.99   2.52902     40.783    3640    	Dead: 0
39  3721.85   2.4826      40.0344   3640    	Dead: 0
40  3719.26   2.48651     40.0975   3640    	Dead: 0
41  3717.43   2.46951     39.8233   3640    	Dead: 0
42  3714.85   2.44377     39.4083   3640    	Dead: 0
43  3711.85   2.46836     39.8047   3622    	Dead: 0
44  3710.34   2.45407     39.5743   3622    	Dead: 0
45  3705.93   2.3719      38.2492   3622    	Dead: 0
46  3704.86   2.49539     40.2406   3622    	Dead: 0
47  3701.38   2.48645     40.0964   3622    	Dead: 0
48  3700.24   2.45794     39.6367   3622    	Dead: 0
49  3697.28   2.42807     39.1551   3621    	Dead: 0
50  3693.82   2.55349     41.1775   3621    	Dead: 0
51  3689.82   2.33998     37.7345   3621    	Dead: 0
52  3689.39   2.49934     40.3044   3618    	Dead: 0
53  3689.18   2.54518     41.0435   3613    	Dead: 0
54  3686.96   2.5883      41.7389   3613    	Dead: 0
55  3684.08   2.51216     40.511    3608    	Dead: 0
56  3683.67   2.62459     42.3241   3608    	Dead: 0
57  3682.61   2.65865     42.8733   3606    	Dead: 0
58  3680.78   2.60269     41.9709   3598    	Dead: 0
59  3678.78   2.65349     42.7902   3598    	Dead: 0
60  3680.56   2.75135     44.3683   3598    	Dead: 0
61  3678.16   2.69412     43.4453   3596    	Dead: 0
62  3679.06   2.83959     45.7913   3596    	Dead: 0
63  3677.04   2.78982     44.9886   3596    	Dead: 0
64  3675.16   2.74122     44.2049   3594    	Dead: 0
65  3675.32   2.80565     45.244    3591    	Dead: 0
66  3674.55   2.73422     44.092    3591    	Dead: 0
67  3672.33   2.68021     43.2211   3591    	Dead: 0
68  3674.38   2.84193     45.829    3591    	Dead: 0
69  3670.74   2.76651     44.6127   3591    	Dead: 0
70  3671.43   2.81249     45.3542   3591    	Dead: 0
71  3670.64   2.90384     46.8273   3591    	Dead: 0
72  3669.69   2.87738     46.4006   3586    	Dead: 0
73  3666.85   2.82857     45.6135   3586    	Dead: 0
74  3667.24   2.95475     47.6483   3586    	Dead: 0
75  3665.8    2.92947     47.2406   3575    	Dead: 0
76  3667.74   3.07608     49.6049   3575    	Dead: 0
77  3664.79   2.93028     47.2538   3575    	Dead: 0
78  3664.41   2.91969     47.0829   3575    	Dead: 0
79  3662.49   2.94218     47.4455   3575    	Dead: 0
80  3662.56   2.96965     47.8886   3575    	Dead: 0
81  3661.97   2.94888     47.5536   3573    	Dead: 0
82  3660.72   2.9975      48.3377   3567    	Dead: 0
83  3659.01   3.00278     48.4229   3567    	Dead: 0
84  3657.07   2.93982     47.4076   3567    	Dead: 0
85  3656.69   3.01474     48.6157   3567    	Dead: 0
86  3657.36   3.08928     49.8177   3567    	Dead: 0
87  3655.07   3.04235     49.061    3567    	Dead: 0
88  3655.98   3.14505     50.7171   3567    	Dead: 0
89  3653.28   3.05932     49.3346   3567    	Dead: 0
90  3655.02   3.2347      52.1627   3567    	Dead: 0
91  3654.98   3.18648     51.3852   3567    	Dead: 0
92  3651.88   3.07279     49.5517   3567    	Dead: 0
93  3651.56   3.14461     50.7099   3567    	Dead: 0
94  3653.36   3.19319     51.4933   3567    	Dead: 0
95  3650.62   3.05894     49.3285   3567    	Dead: 0
96  3649.88   3.16514     51.0411   3566    	Dead: 0
97  3647.38   3.11831     50.2859   3566    	Dead: 0
98  3647.65   3.18804     51.4104   3566    	Dead: 0
99  3650.18   3.33366     53.7586   3558    	Dead: 0
100 3649.59   3.33499     53.7801   3558    	Dead: 0
