0   7.30813   0.0815299   1.31475   4.40761 	Dead: 0
1   6.17078   0.0695066   1.12086   3.78735 	Dead: 0
2   5.43558   0.0533992   0.861116  3.76841 	Dead: 0
3   4.99823   0.0428726   0.691363  3.34567 	Dead: 0
4   4.68164   0.0368096   0.593592  3.01778 	Dead: 0
5   4.46591   0.036706    0.59192   3.01778 	Dead: 0
6   4.27381   0.0355485   0.573256  2.94613 	Dead: 0
7   4.16094   0.0393832   0.635094  2.53088 	Dead: 0
8   4.01844   0.0375193   0.605037  2.53088 	Dead: 0
9   3.94305   0.0402408   0.648924  2.53088 	Dead: 0
10  3.80631   0.037208    0.600016  2.32719 	Dead: 0
11  3.71167   0.0379855   0.612554  2.32719 	Dead: 0
12  3.64828   0.0388859   0.627074  2.11512 	Dead: 0
13  3.57775   0.0395992   0.638576  2.11512 	Dead: 0
14  3.5101    0.0405449   0.653827  2.11512 	Dead: 0
15  3.46531   0.0425574   0.68628   2.11512 	Dead: 0
16  3.38441   0.0397606   0.64118   2.11512 	Dead: 0
17  3.33312   0.0408832   0.659282  2.11512 	Dead: 0
18  3.2805    0.0382297   0.616492  2.11512 	Dead: 0
19  3.26105   0.0436551   0.703983  2.11512 	Dead: 0
20  3.21124   0.0406398   0.655357  2.11512 	Dead: 0
21  3.20828   0.0408371   0.658539  2.11512 	Dead: 0
22  3.20129   0.04166     0.671809  2.11512 	Dead: 0
23  3.18267   0.041632    0.671358  2.11512 	Dead: 0
24  3.13772   0.0398124   0.642015  1.99527 	Dead: 0
25  3.15784   0.0424182   0.684036  1.99527 	Dead: 0
26  3.11673   0.0408847   0.659307  1.99527 	Dead: 0
27  3.0945    0.0407219   0.656681  1.99527 	Dead: 0
28  3.08284   0.0418128   0.674273  1.58167 	Dead: 0
29  3.04565   0.0395919   0.638459  1.58167 	Dead: 0
30  3.0049    0.0393947   0.635279  1.58167 	Dead: 0
31  3.01486   0.0408554   0.658834  1.58167 	Dead: 0
32  2.99669   0.0408675   0.65903   1.58167 	Dead: 0
33  2.99487   0.0430899   0.694867  1.58167 	Dead: 0
34  2.94889   0.0387754   0.625293  1.58167 	Dead: 0
35  2.97693   0.041526    0.669648  1.58167 	Dead: 0
36  2.94537   0.0410538   0.662033  1.58167 	Dead: 0
37  2.92154   0.0398767   0.643052  1.58167 	Dead: 0
38  2.93417   0.0416734   0.672025  1.58167 	Dead: 0
39  2.92892   0.0405383   0.653721  1.58167 	Dead: 0
40  2.92508   0.0415734   0.670412  1.58167 	Dead: 0
41  2.89667   0.0396198   0.638909  1.58167 	Dead: 0
42  2.8704    0.039462    0.636364  1.58167 	Dead: 0
43  2.85326   0.0382465   0.616763  1.58167 	Dead: 0
44  2.84934   0.0377822   0.609276  1.58167 	Dead: 0
45  2.85598   0.0399819   0.644748  1.58167 	Dead: 0
46  2.85664   0.0434134   0.700085  1.58167 	Dead: 0
47  2.84635   0.0416668   0.671918  1.58167 	Dead: 0
48  2.86253   0.0442435   0.71347   1.58167 	Dead: 0
49  2.82694   0.0411431   0.663474  1.58167 	Dead: 0
50  2.81677   0.0384901   0.620691  1.58167 	Dead: 0
51  2.85221   0.0439323   0.708453  1.58167 	Dead: 0
52  2.84326   0.0426796   0.688252  1.58167 	Dead: 0
53  2.83477   0.0434462   0.700613  1.58167 	Dead: 0
54  2.80594   0.0415921   0.670715  1.58167 	Dead: 0
55  2.81553   0.0410373   0.661768  1.58167 	Dead: 0
56  2.80748   0.0394125   0.635565  1.58167 	Dead: 0
57  2.79008   0.0434235   0.700247  1.58167 	Dead: 0
58  2.78516   0.0409662   0.660621  1.58167 	Dead: 0
59  2.76388   0.0410459   0.661907  1.58167 	Dead: 0
60  2.80446   0.0444529   0.716848  1.58167 	Dead: 0
61  2.77923   0.0432074   0.696763  1.58167 	Dead: 0
62  2.76232   0.042599    0.686952  1.58167 	Dead: 0
63  2.74855   0.0420169   0.677564  1.58167 	Dead: 0
64  2.71975   0.0415939   0.670743  1.58167 	Dead: 0
65  2.72618   0.0408749   0.659148  1.58167 	Dead: 0
66  2.72092   0.0423467   0.682882  1.58167 	Dead: 0
67  2.70937   0.0389007   0.627313  1.58167 	Dead: 0
68  2.7494    0.0430787   0.694688  1.58167 	Dead: 0
69  2.70589   0.0416253   0.67125   1.58167 	Dead: 0
70  2.68494   0.0401142   0.646882  1.58167 	Dead: 0
71  2.6868    0.0408988   0.659534  1.58167 	Dead: 0
72  2.70489   0.0444902   0.717449  1.58167 	Dead: 0
73  2.70125   0.0431462   0.695775  1.58167 	Dead: 0
74  2.69957   0.0415777   0.670482  1.58167 	Dead: 0
75  2.71433   0.042185    0.680275  1.58167 	Dead: 0
76  2.67718   0.0396533   0.639449  1.58167 	Dead: 0
77  2.68792   0.041493    0.669116  1.58167 	Dead: 0
78  2.6392    0.0370546   0.597542  1.58167 	Dead: 0
79  2.65642   0.0404101   0.651653  1.58167 	Dead: 0
80  2.67262   0.0428432   0.690889  1.58167 	Dead: 0
81  2.68703   0.0433771   0.699499  1.58167 	Dead: 0
82  2.6453    0.0399652   0.644479  1.58167 	Dead: 0
83  2.66471   0.0423139   0.682355  1.58167 	Dead: 0
84  2.66623   0.0430559   0.69432   1.58167 	Dead: 0
85  2.66698   0.0449897   0.725503  1.58167 	Dead: 0
86  2.65488   0.0422321   0.681035  1.58167 	Dead: 0
87  2.66156   0.0427317   0.689092  1.58167 	Dead: 0
88  2.65704   0.0427195   0.688895  1.58167 	Dead: 0
89  2.63053   0.040514    0.653328  1.58167 	Dead: 0
90  2.62017   0.0426036   0.687025  1.58167 	Dead: 0
91  2.63039   0.0430251   0.693823  1.58167 	Dead: 0
92  2.62405   0.0423482   0.682907  1.57056 	Dead: 0
93  2.60833   0.0406364   0.655302  1.57056 	Dead: 0
94  2.61411   0.040827    0.658376  1.57056 	Dead: 0
95  2.61917   0.0417013   0.672474  1.57056 	Dead: 0
96  2.6218    0.0425066   0.685462  1.57056 	Dead: 0
97  2.58167   0.0383546   0.618506  1.57056 	Dead: 0
98  2.61404   0.0421267   0.679335  1.53377 	Dead: 0
99  2.59358   0.0406313   0.655221  1.53377 	Dead: 0
100 2.58852   0.0398227   0.642181  1.53377 	Dead: 0
