0   18.0015   0.107882    1.7397    13.0497 	Dead: 0
1   16.3529   0.103026    1.66139   12.0215 	Dead: 0
2   15.16     0.0908079   1.46437   10.4911 	Dead: 0
3   14.3902   0.0835074   1.34664   10.4911 	Dead: 0
4   13.7177   0.0812789   1.3107    9.61901 	Dead: 0
5   13.147    0.0779708   1.25736   8.98266 	Dead: 0
6   12.653    0.0763216   1.23076   8.52025 	Dead: 0
7   12.2705   0.0775256   1.25018   8.52025 	Dead: 0
8   11.954    0.0808988   1.30457   7.9328  	Dead: 0
9   11.6304   0.0837233   1.35012   7.70566 	Dead: 0
10  11.3098   0.085006    1.37081   7.70566 	Dead: 0
11  11.0109   0.0864453   1.39402   7.62105 	Dead: 0
12  10.7256   0.0843952   1.36096   7.39597 	Dead: 0
13  10.4975   0.0868245   1.40013   6.63019 	Dead: 0
14  10.3028   0.0904263   1.45821   6.28088 	Dead: 0
15  10.0468   0.0921848   1.48657   6.28088 	Dead: 0
16  9.73073   0.0901198   1.45327   6.19484 	Dead: 0
17  9.4718    0.0955014   1.54006   5.66487 	Dead: 0
18  9.15752   0.088602    1.4288    5.66487 	Dead: 0
19  8.97354   0.0935287   1.50824   5.14274 	Dead: 0
20  8.67513   0.0914851   1.47529   5.14274 	Dead: 0
21  8.39124   0.0875789   1.4123    5.14274 	Dead: 0
22  8.14887   0.089285    1.43981   5.03282 	Dead: 0
23  7.87334   0.087309    1.40795   4.36678 	Dead: 0
24  7.69248   0.0901421   1.45363   4.36678 	Dead: 0
25  7.61961   0.0972664   1.56852   4.36678 	Dead: 0
26  7.4412    0.0953156   1.53706   3.98852 	Dead: 0
27  7.2071    0.0908856   1.46562   3.98852 	Dead: 0
28  7.10502   0.0948178   1.52903   3.51474 	Dead: 0
29  6.90724   0.0937984   1.51259   3.51474 	Dead: 0
30  6.75034   0.0955179   1.54032   3.51474 	Dead: 0
31  6.57831   0.0948884   1.53017   3.3487  	Dead: 0
32  6.36485   0.0921762   1.48643   3.3487  	Dead: 0
33  6.20622   0.0876951   1.41417   3.22261 	Dead: 0
34  6.13389   0.0933692   1.50567   3.22261 	Dead: 0
35  6.02315   0.0965276   1.5566    3.22261 	Dead: 0
36  5.81434   0.0905364   1.45999   3.22261 	Dead: 0
37  5.68092   0.0892969   1.44      2.92846 	Dead: 0
38  5.60935   0.0883765   1.42516   2.92846 	Dead: 0
39  5.6161    0.0949731   1.53154   2.92846 	Dead: 0
40  5.50179   0.0889803   1.4349    2.92846 	Dead: 0
41  5.49174   0.0952263   1.53562   2.92846 	Dead: 0
42  5.34253   0.0897189   1.44681   2.92846 	Dead: 0
43  5.28315   0.0838573   1.35228   2.92846 	Dead: 0
44  5.21432   0.0879085   1.41761   2.92846 	Dead: 0
45  5.17144   0.0850628   1.37172   2.92846 	Dead: 0
46  5.14648   0.0886556   1.42966   2.92846 	Dead: 0
47  5.0827    0.0864614   1.39428   2.92846 	Dead: 0
48  5.03664   0.0833614   1.34429   2.92846 	Dead: 0
49  5.00491   0.0846902   1.36571   2.92846 	Dead: 0
50  4.90277   0.0789457   1.27308   2.92846 	Dead: 0
51  4.89576   0.0795881   1.28344   2.92846 	Dead: 0
52  4.81705   0.0759396   1.2246    2.92846 	Dead: 0
53  4.8362    0.0814419   1.31333   2.92846 	Dead: 0
54  4.76191   0.0745737   1.20258   2.92846 	Dead: 0
55  4.7243    0.0754443   1.21661   2.92846 	Dead: 0
56  4.72695   0.0772927   1.24642   2.92846 	Dead: 0
57  4.69996   0.0749647   1.20888   2.92846 	Dead: 0
58  4.70027   0.0778187   1.25491   2.92846 	Dead: 0
59  4.70029   0.0786365   1.26809   2.92846 	Dead: 0
60  4.67184   0.079598    1.2836    2.92846 	Dead: 0
61  4.66844   0.0780784   1.25909   2.92846 	Dead: 0
62  4.69078   0.0803383   1.29553   2.92846 	Dead: 0
63  4.64853   0.0794147   1.28064   2.92846 	Dead: 0
64  4.65823   0.0790901   1.27541   2.92846 	Dead: 0
65  4.63077   0.0771103   1.24348   2.92846 	Dead: 0
66  4.61523   0.0799525   1.28931   2.92846 	Dead: 0
67  4.5656    0.0767718   1.23802   2.92846 	Dead: 0
68  4.61762   0.0815126   1.31447   2.79831 	Dead: 0
69  4.55267   0.0746706   1.20414   2.79831 	Dead: 0
70  4.53648   0.0734858   1.18503   2.79831 	Dead: 0
71  4.55782   0.0737876   1.1899    2.79831 	Dead: 0
72  4.55976   0.0786137   1.26772   2.79831 	Dead: 0
73  4.53865   0.0761306   1.22768   2.70274 	Dead: 0
74  4.53386   0.075711    1.22092   2.70274 	Dead: 0
75  4.47524   0.07421     1.19671   2.70274 	Dead: 0
76  4.46525   0.0737069   1.1886    2.70274 	Dead: 0
77  4.50601   0.0787273   1.26956   2.70274 	Dead: 0
78  4.454     0.0754278   1.21635   2.70274 	Dead: 0
79  4.45259   0.0770799   1.24299   2.70274 	Dead: 0
80  4.45492   0.0753033   1.21434   2.70274 	Dead: 0
81  4.44887   0.0751835   1.21241   2.70274 	Dead: 0
82  4.43707   0.0734619   1.18465   2.70274 	Dead: 0
83  4.44726   0.0776547   1.25226   2.70274 	Dead: 0
84  4.45257   0.0730014   1.17722   2.70274 	Dead: 0
85  4.43929   0.0761115   1.22737   2.70274 	Dead: 0
86  4.42341   0.0732817   1.18174   2.70274 	Dead: 0
87  4.42942   0.0775992   1.25136   2.70274 	Dead: 0
88  4.37218   0.0698489   1.12638   2.70274 	Dead: 0
89  4.3681    0.071337    1.15038   2.70274 	Dead: 0
90  4.40802   0.0741456   1.19567   2.70274 	Dead: 0
91  4.42219   0.0757686   1.22184   2.70274 	Dead: 0
92  4.40815   0.0723263   1.16633   2.70274 	Dead: 0
93  4.44046   0.0768521   1.23932   2.70274 	Dead: 0
94  4.40144   0.0743755   1.19938   2.70274 	Dead: 0
95  4.38704   0.0743682   1.19926   2.70274 	Dead: 0
96  4.38592   0.0748137   1.20645   2.70274 	Dead: 0
97  4.44731   0.0769867   1.24149   2.70274 	Dead: 0
98  4.39133   0.0732849   1.18179   2.70274 	Dead: 0
99  4.39142   0.0749534   1.2087    2.70274 	Dead: 0
100 4.39561   0.0756241   1.21951   2.70274 	Dead: 0
