0   17.8557   0.113487    1.8301    12.0045 	Dead: 0
1   16.3012   0.102882    1.65907   10.4921 	Dead: 0
2   15.1827   0.0897737   1.44769   10.4921 	Dead: 0
3   14.4304   0.0769824   1.24142   10.4921 	Dead: 0
4   13.9401   0.0756326   1.21965   9.8968  	Dead: 0
5   13.4884   0.0782393   1.26169   9.65704 	Dead: 0
6   13.1267   0.0762314   1.22931   9.65704 	Dead: 0
7   12.7436   0.0763161   1.23067   8.56425 	Dead: 0
8   12.4821   0.0815486   1.31505   8.56425 	Dead: 0
9   12.1907   0.0837764   1.35098   8.11414 	Dead: 0
10  11.9268   0.0856576   1.38131   8.11414 	Dead: 0
11  11.6433   0.0845676   1.36374   6.97897 	Dead: 0
12  11.3797   0.0872248   1.40659   6.97897 	Dead: 0
13  11.105    0.0875601   1.41199   6.97897 	Dead: 0
14  10.8885   0.0914743   1.47511   6.97897 	Dead: 0
15  10.6375   0.0864885   1.39471   6.97897 	Dead: 0
16  10.465    0.0916716   1.4783    6.39256 	Dead: 0
17  10.2744   0.0908315   1.46475   6.39256 	Dead: 0
18  10.0877   0.0874744   1.41061   6.39256 	Dead: 0
19  9.97415   0.0947342   1.52768   6.38824 	Dead: 0
20  9.74473   0.0925611   1.49264   6.38824 	Dead: 0
21  9.57064   0.0904228   1.45816   5.9208  	Dead: 0
22  9.38426   0.0915248   1.47593   5.9208  	Dead: 0
23  9.19768   0.0921682   1.4863    5.9208  	Dead: 0
24  9.03115   0.0927374   1.49548   5.31142 	Dead: 0
25  8.87655   0.0952274   1.53564   5.31142 	Dead: 0
26  8.7379    0.0978519   1.57796   5.31142 	Dead: 0
27  8.57546   0.0986055   1.59011   5.31142 	Dead: 0
28  8.40001   0.0972132   1.56766   4.31979 	Dead: 0
29  8.22908   0.0947411   1.5278    4.31979 	Dead: 0
30  8.0408    0.0979782   1.58      4.31979 	Dead: 0
31  7.88781   0.0986223   1.59038   4.31979 	Dead: 0
32  7.75386   0.102645    1.65525   4.31979 	Dead: 0
33  7.59692   0.0991888   1.59952   4.31979 	Dead: 0
34  7.41994   0.0976448   1.57462   4.31979 	Dead: 0
35  7.27974   0.0960554   1.54899   4.31979 	Dead: 0
36  7.18465   0.0941658   1.51852   4.31979 	Dead: 0
37  7.06816   0.09853     1.58889   3.53286 	Dead: 0
38  6.9443    0.0961481   1.55048   3.53286 	Dead: 0
39  6.77659   0.0932547   1.50383   3.53286 	Dead: 0
40  6.71121   0.0992823   1.60103   3.53286 	Dead: 0
41  6.56379   0.0947062   1.52723   3.53286 	Dead: 0
42  6.40017   0.091506    1.47563   3.53286 	Dead: 0
43  6.2543    0.088723    1.43075   3.53286 	Dead: 0
44  6.1153    0.0875604   1.412     3.53286 	Dead: 0
45  6.09921   0.0888162   1.43225   3.53286 	Dead: 0
46  6.02114   0.0904771   1.45903   3.3791  	Dead: 0
47  5.9133    0.0874546   1.41029   3.3791  	Dead: 0
48  5.76587   0.0834225   1.34527   3.3791  	Dead: 0
49  5.71617   0.0867065   1.39823   3.3791  	Dead: 0
50  5.68406   0.0905181   1.4597    3.01918 	Dead: 0
51  5.54712   0.0896711   1.44604   2.60713 	Dead: 0
52  5.39635   0.0854124   1.37736   2.60713 	Dead: 0
53  5.25652   0.0833332   1.34383   2.60713 	Dead: 0
54  5.2062    0.0847656   1.36693   2.60713 	Dead: 0
55  5.03958   0.078534    1.26644   2.60713 	Dead: 0
56  4.96509   0.0757685   1.22184   2.60713 	Dead: 0
57  4.95007   0.0783514   1.26349   2.60713 	Dead: 0
58  4.91252   0.0814534   1.31352   2.60713 	Dead: 0
59  4.83631   0.0764421   1.23271   2.60713 	Dead: 0
60  4.74837   0.0753199   1.21461   2.60713 	Dead: 0
61  4.76328   0.0752674   1.21376   2.60713 	Dead: 0
62  4.74192   0.0772402   1.24558   2.60713 	Dead: 0
63  4.66535   0.0740853   1.1947    2.60713 	Dead: 0
64  4.68564   0.0766316   1.23576   2.60713 	Dead: 0
65  4.66335   0.0764296   1.2325    2.60713 	Dead: 0
66  4.54658   0.0719907   1.16092   2.60713 	Dead: 0
67  4.55119   0.07271     1.17252   2.60713 	Dead: 0
68  4.55076   0.0728808   1.17528   2.60713 	Dead: 0
69  4.45957   0.0694243   1.11954   2.60713 	Dead: 0
70  4.50246   0.0749348   1.2084    2.60713 	Dead: 0
71  4.45463   0.0732443   1.18114   2.60713 	Dead: 0
72  4.46581   0.0756426   1.21981   2.60713 	Dead: 0
73  4.4064    0.0712797   1.14946   2.60713 	Dead: 0
74  4.44051   0.0741779   1.19619   2.60713 	Dead: 0
75  4.33866   0.0670425   1.08113   2.60713 	Dead: 0
76  4.36003   0.0737874   1.1899    2.60713 	Dead: 0
77  4.3358    0.0725549   1.17002   2.60713 	Dead: 0
78  4.34548   0.0728415   1.17464   2.60713 	Dead: 0
79  4.32601   0.0714741   1.15259   2.59117 	Dead: 0
80  4.33971   0.0714175   1.15168   2.59117 	Dead: 0
81  4.21261   0.063256    1.02007   2.59117 	Dead: 0
82  4.2224    0.0660979   1.0659    2.59117 	Dead: 0
83  4.22839   0.0653325   1.05355   2.55966 	Dead: 0
84  4.24014   0.0685509   1.10545   2.55966 	Dead: 0
85  4.25194   0.0686818   1.10756   2.55966 	Dead: 0
86  4.26237   0.0711396   1.1472    2.55966 	Dead: 0
87  4.18355   0.0663451   1.06988   2.55966 	Dead: 0
88  4.17707   0.0659094   1.06285   2.48437 	Dead: 0
89  4.18737   0.0668864   1.07861   2.48437 	Dead: 0
90  4.20831   0.0704486   1.13605   2.48437 	Dead: 0
91  4.21184   0.0694978   1.12072   2.48437 	Dead: 0
92  4.18667   0.0673221   1.08564   2.48437 	Dead: 0
93  4.1743    0.0685274   1.10507   2.48437 	Dead: 0
94  4.18878   0.0720627   1.16208   2.48437 	Dead: 0
95  4.15089   0.0675805   1.0898    2.48437 	Dead: 0
96  4.14362   0.0665947   1.07391   2.48437 	Dead: 0
97  4.18355   0.0685252   1.10504   2.48437 	Dead: 0
98  4.14453   0.0654861   1.05603   2.48437 	Dead: 0
99  4.09911   0.0633979   1.02235   2.48437 	Dead: 0
100 4.15889   0.0682545   1.10067   2.48437 	Dead: 0
