0   17.7185   0.115026    1.85491   12.7254 	Dead: 0
1   16.2517   0.100763    1.62491   11.8529 	Dead: 0
2   15.2913   0.0898877   1.44953   10.2235 	Dead: 0
3   14.4951   0.0826732   1.33319   9.72497 	Dead: 0
4   13.9044   0.0836251   1.34854   9.72497 	Dead: 0
5   13.4021   0.0836476   1.3489    9.44746 	Dead: 0
6   12.9291   0.078813    1.27094   9.17207 	Dead: 0
7   12.5472   0.0803433   1.29562   9.17207 	Dead: 0
8   12.1973   0.0849574   1.37002   7.44531 	Dead: 0
9   11.6922   0.0806996   1.30136   7.44531 	Dead: 0
10  11.3179   0.0821207   1.32428   7.44531 	Dead: 0
11  11.0318   0.0839782   1.35423   7.12838 	Dead: 0
12  10.6658   0.0812322   1.30995   7.12838 	Dead: 0
13  10.4104   0.0869275   1.40179   6.59447 	Dead: 0
14  10.1194   0.0895963   1.44483   6.59447 	Dead: 0
15  9.8471    0.0885947   1.42868   5.36728 	Dead: 0
16  9.64221   0.0918951   1.4819    5.36728 	Dead: 0
17  9.43178   0.093911    1.51441   5.36728 	Dead: 0
18  9.11554   0.0890375   1.43582   5.36728 	Dead: 0
19  8.95448   0.092891    1.49796   4.94446 	Dead: 0
20  8.68166   0.094964    1.53139   4.94446 	Dead: 0
21  8.52946   0.0948913   1.53022   4.78539 	Dead: 0
22  8.26796   0.0936787   1.51066   4.78539 	Dead: 0
23  8.05118   0.0941408   1.51811   4.58483 	Dead: 0
24  7.88913   0.0994288   1.60339   4.58483 	Dead: 0
25  7.72237   0.102782    1.65746   4.28782 	Dead: 0
26  7.43575   0.0961472   1.55047   3.71579 	Dead: 0
27  7.23136   0.0983385   1.58581   3.71579 	Dead: 0
28  7.02908   0.0975684   1.57339   3.67455 	Dead: 0
29  6.79573   0.0924965   1.4916    3.62582 	Dead: 0
30  6.61235   0.0896366   1.44548   3.62582 	Dead: 0
31  6.46527   0.0946767   1.52676   3.62582 	Dead: 0
32  6.24643   0.0883306   1.42442   3.62582 	Dead: 0
33  6.03782   0.0818963   1.32066   3.37193 	Dead: 0
34  5.90113   0.0859523   1.38607   3.37193 	Dead: 0
35  5.80267   0.0846777   1.36551   3.37193 	Dead: 0
36  5.68472   0.0842142   1.35804   3.37193 	Dead: 0
37  5.6045    0.0864909   1.39475   3.24959 	Dead: 0
38  5.40425   0.0758037   1.22241   3.00536 	Dead: 0
39  5.33379   0.0756375   1.21973   3.00536 	Dead: 0
40  5.29551   0.0800437   1.29078   3.00536 	Dead: 0
41  5.22511   0.0787297   1.2696    3.00536 	Dead: 0
42  5.18276   0.0784059   1.26437   3.00536 	Dead: 0
43  5.14537   0.0787569   1.27003   3.00536 	Dead: 0
44  5.09436   0.0753887   1.21572   3.00536 	Dead: 0
45  5.02859   0.0753659   1.21535   3.00536 	Dead: 0
46  5.02615   0.0777514   1.25382   3.00536 	Dead: 0
47  5.00159   0.0774327   1.24868   3.00536 	Dead: 0
48  5.02413   0.0816826   1.31721   2.77107 	Dead: 0
49  5.00331   0.0839385   1.35359   2.77107 	Dead: 0
50  4.92315   0.0758077   1.22247   2.77107 	Dead: 0
51  4.87867   0.0766457   1.23599   2.77107 	Dead: 0
52  4.84925   0.0765      1.23364   2.77107 	Dead: 0
53  4.91732   0.0814307   1.31315   2.77107 	Dead: 0
54  4.87565   0.0772534   1.24579   2.77107 	Dead: 0
55  4.89256   0.0787287   1.26958   2.77107 	Dead: 0
56  4.83754   0.0795138   1.28224   2.77107 	Dead: 0
57  4.83983   0.0810828   1.30754   2.77107 	Dead: 0
58  4.79826   0.0767971   1.23843   2.77107 	Dead: 0
59  4.75591   0.0778054   1.25469   2.77107 	Dead: 0
60  4.76808   0.0786822   1.26883   2.77107 	Dead: 0
61  4.69891   0.072592    1.17062   2.77107 	Dead: 0
62  4.70166   0.0736914   1.18835   2.77107 	Dead: 0
63  4.71932   0.0765848   1.23501   2.77107 	Dead: 0
64  4.68613   0.0757661   1.2218    2.77107 	Dead: 0
65  4.7168    0.077857    1.25552   2.77107 	Dead: 0
66  4.69181   0.0780759   1.25905   2.77107 	Dead: 0
67  4.71385   0.0763851   1.23179   2.77107 	Dead: 0
68  4.65476   0.0722729   1.16547   2.75971 	Dead: 0
69  4.65356   0.0750602   1.21042   2.75971 	Dead: 0
70  4.63693   0.0727029   1.17241   2.75971 	Dead: 0
71  4.64365   0.0767396   1.2375    2.75971 	Dead: 0
72  4.62266   0.0726412   1.17141   2.75971 	Dead: 0
73  4.62211   0.0741878   1.19635   2.75971 	Dead: 0
74  4.63142   0.0766505   1.23607   2.75971 	Dead: 0
75  4.6667    0.0789382   1.27296   2.75971 	Dead: 0
76  4.66496   0.0809644   1.30563   2.75971 	Dead: 0
77  4.58521   0.0732651   1.18147   2.75971 	Dead: 0
78  4.61962   0.0786769   1.26874   2.75971 	Dead: 0
79  4.59954   0.0741316   1.19545   2.75971 	Dead: 0
80  4.60717   0.0765016   1.23366   2.75971 	Dead: 0
81  4.5918    0.0753011   1.21431   2.75971 	Dead: 0
82  4.61758   0.0756737   1.22031   2.75971 	Dead: 0
83  4.5833    0.0734319   1.18416   2.75971 	Dead: 0
84  4.61135   0.0778701   1.25573   2.75971 	Dead: 0
85  4.62005   0.0789153   1.27259   2.72922 	Dead: 0
86  4.60485   0.0771947   1.24484   2.72922 	Dead: 0
87  4.60405   0.0772872   1.24633   2.72922 	Dead: 0
88  4.5846    0.0754489   1.21669   2.72922 	Dead: 0
89  4.5502    0.0738258   1.19052   2.72922 	Dead: 0
90  4.62271   0.0787877   1.27053   2.66748 	Dead: 0
91  4.56249   0.0752538   1.21354   2.66748 	Dead: 0
92  4.56089   0.0740311   1.19383   2.66748 	Dead: 0
93  4.57643   0.0755616   1.21851   2.66748 	Dead: 0
94  4.58899   0.074517    1.20166   2.66748 	Dead: 0
95  4.59243   0.0782298   1.26153   2.66748 	Dead: 0
96  4.55909   0.0746159   1.20326   2.66748 	Dead: 0
97  4.53931   0.0752513   1.2135    2.66748 	Dead: 0
98  4.52585   0.0738743   1.1913    2.66748 	Dead: 0
99  4.56936   0.0753582   1.21523   2.66748 	Dead: 0
100 4.54393   0.0755418   1.21819   2.66748 	Dead: 0
