0   21.2257   0.113797    1.83509   15.1514 	Dead: 0
1   19.8003   0.108536    1.75026   15.1514 	Dead: 0
2   18.6111   0.101427    1.63562   14.3454 	Dead: 0
3   17.6094   0.0940039   1.51591   13.1685 	Dead: 0
4   16.7378   0.0898048   1.44819   11.6384 	Dead: 0
5   15.9771   0.0919457   1.48272   11.3556 	Dead: 0
6   15.2006   0.0852223   1.3743    11.3475 	Dead: 0
7   14.501    0.083095    1.33999   9.83289 	Dead: 0
8   13.947    0.0796991   1.28523   9.83289 	Dead: 0
9   13.3706   0.079596    1.28356   9.52082 	Dead: 0
10  12.9458   0.078297    1.26262   9.50338 	Dead: 0
11  12.4981   0.0790766   1.27519   8.80985 	Dead: 0
12  12.1146   0.0783339   1.26321   8.80985 	Dead: 0
13  11.7691   0.0819553   1.32161   7.53096 	Dead: 0
14  11.377    0.0797449   1.28597   7.53096 	Dead: 0
15  10.9846   0.0795042   1.28209   6.6     	Dead: 0
16  10.7288   0.0853646   1.37659   6.6     	Dead: 0
17  10.3511   0.0866654   1.39757   6.6     	Dead: 0
18  9.94159   0.0875938   1.41254   5.34817 	Dead: 0
19  9.56234   0.0849685   1.3702    5.34817 	Dead: 0
20  9.17637   0.0805192   1.29845   5.34817 	Dead: 0
21  8.79318   0.0720209   1.16141   5.34817 	Dead: 0
22  8.60768   0.0813346   1.3116    5.23358 	Dead: 0
23  8.38042   0.0820555   1.32323   5.23358 	Dead: 0
24  8.10642   0.0782672   1.26214   5.1987  	Dead: 0
25  7.89136   0.0781178   1.25973   5.1987  	Dead: 0
26  7.71004   0.0814      1.31266   4.72098 	Dead: 0
27  7.42318   0.07866     1.26847   3.65069 	Dead: 0
28  7.15838   0.0796139   1.28385   3.65069 	Dead: 0
29  6.94727   0.0770693   1.24282   3.65069 	Dead: 0
30  6.69183   0.0761231   1.22756   3.65069 	Dead: 0
31  6.47828   0.0766279   1.2357    3.65069 	Dead: 0
32  6.29058   0.0724789   1.16879   3.65069 	Dead: 0
33  6.09095   0.0729121   1.17578   3.65069 	Dead: 0
34  5.96751   0.0747867   1.20601   3.65069 	Dead: 0
35  5.73256   0.0671657   1.08311   3.11859 	Dead: 0
36  5.69797   0.071024    1.14533   3.11859 	Dead: 0
37  5.5663    0.0707924   1.1416    3.11859 	Dead: 0
38  5.44553   0.0690514   1.11352   3.11859 	Dead: 0
39  5.34931   0.07119     1.14801   3.11859 	Dead: 0
40  5.27297   0.069775    1.12519   3.11859 	Dead: 0
41  5.18203   0.0690835   1.11404   3.11859 	Dead: 0
42  5.13453   0.0702698   1.13317   3.11859 	Dead: 0
43  5.09046   0.0711429   1.14725   3.11859 	Dead: 0
44  4.96766   0.0701433   1.13113   3.0794  	Dead: 0
45  4.93715   0.0712697   1.1493    3.0794  	Dead: 0
46  4.84577   0.0674268   1.08733   3.0794  	Dead: 0
47  4.77889   0.0674999   1.0885    3.0794  	Dead: 0
48  4.70988   0.0643498   1.03771   3.03491 	Dead: 0
49  4.69613   0.0677093   1.09188   3.03491 	Dead: 0
50  4.66081   0.0652431   1.05211   3.03491 	Dead: 0
51  4.58449   0.0633709   1.02192   3.03491 	Dead: 0
52  4.5479    0.0663168   1.06943   3.03491 	Dead: 0
53  4.51222   0.0657795   1.06076   3.03491 	Dead: 0
54  4.5073    0.069047    1.11345   2.94158 	Dead: 0
55  4.39668   0.0598427   0.965023  2.89226 	Dead: 0
56  4.39901   0.0626353   1.01006   2.89226 	Dead: 0
57  4.40262   0.0683936   1.10291   2.89226 	Dead: 0
58  4.3344    0.0615503   0.99256   2.79496 	Dead: 0
59  4.32005   0.0612656   0.98797   2.79496 	Dead: 0
60  4.34446   0.0646224   1.0421    2.79496 	Dead: 0
61  4.31376   0.060833    0.980993  2.79496 	Dead: 0
62  4.3062    0.0631048   1.01763   2.79496 	Dead: 0
63  4.29304   0.0640174   1.03234   2.79496 	Dead: 0
64  4.24644   0.0592026   0.954701  2.79496 	Dead: 0
65  4.25305   0.0592245   0.955055  2.79496 	Dead: 0
66  4.28707   0.0637691   1.02834   2.79496 	Dead: 0
67  4.19958   0.0571295   0.92127   2.79496 	Dead: 0
68  4.21827   0.063754    1.0281    2.77998 	Dead: 0
69  4.20835   0.0604018   0.97404   2.77998 	Dead: 0
70  4.23961   0.0626781   1.01075   2.77998 	Dead: 0
71  4.2371    0.0626561   1.01039   2.77998 	Dead: 0
72  4.22956   0.0625867   1.00927   2.77998 	Dead: 0
73  4.24462   0.0655969   1.05782   2.77998 	Dead: 0
74  4.1784    0.0617052   0.995058  2.77998 	Dead: 0
75  4.20498   0.0684786   1.10429   2.77998 	Dead: 0
76  4.16324   0.062221    1.00338   2.77998 	Dead: 0
77  4.16297   0.064532    1.04064   2.77255 	Dead: 0
78  4.17279   0.0633051   1.02086   2.77255 	Dead: 0
79  4.13527   0.0621435   1.00213   2.77255 	Dead: 0
80  4.14628   0.0650343   1.04874   2.77255 	Dead: 0
81  4.18215   0.0680248   1.09697   2.77255 	Dead: 0
82  4.1303    0.0627082   1.01123   2.77255 	Dead: 0
83  4.12186   0.0603115   0.972584  2.77255 	Dead: 0
84  4.13267   0.0637286   1.02769   2.68419 	Dead: 0
85  4.10803   0.0591145   0.953281  2.68419 	Dead: 0
86  4.09189   0.0609461   0.982817  2.68419 	Dead: 0
87  4.11293   0.0634446   1.02311   2.68419 	Dead: 0
88  4.10645   0.0615289   0.992215  2.68419 	Dead: 0
89  4.08556   0.059443    0.958577  2.68419 	Dead: 0
90  4.07102   0.0625258   1.00829   2.68419 	Dead: 0
91  4.0528    0.0611246   0.985696  2.68419 	Dead: 0
92  4.05576   0.0605677   0.976714  2.68419 	Dead: 0
93  4.02222   0.0580704   0.936443  2.68419 	Dead: 0
94  4.04069   0.059769    0.963835  2.55354 	Dead: 0
95  4.02541   0.0591727   0.954219  2.55354 	Dead: 0
96  3.98286   0.056147    0.905426  2.55354 	Dead: 0
97  4.05629   0.06407     1.03319   2.55354 	Dead: 0
98  3.99969   0.0601456   0.969907  2.55354 	Dead: 0
99  3.98542   0.0575982   0.928829  2.55354 	Dead: 0
100 4.02156   0.0608134   0.980677  2.55354 	Dead: 0
