0   62.8363   0.29805     4.80635   47.2594 	Dead: 0
1   58.4889   0.331378    5.34381   41.1036 	Dead: 0
2   54.0016   0.318643    5.13843   40.7641 	Dead: 0
3   50.2198   0.302324    4.87528   37.6378 	Dead: 0
4   47.0186   0.268735    4.33362   35.9767 	Dead: 0
5   44.6422   0.243963    3.93414   35.7019 	Dead: 0
6   42.5457   0.215219    3.47062   35.7019 	Dead: 0
7   40.9168   0.185554    2.99225   34.8718 	Dead: 0
8   39.7613   0.174608    2.81573   34.8718 	Dead: 0
9   38.556    0.145946    2.35352   34.8718 	Dead: 0
10  37.8459   0.121739    1.96316   34.7792 	Dead: 0
11  37.3101   0.108208    1.74496   34.5038 	Dead: 0
12  37.0241   0.103957    1.67641   34.5038 	Dead: 0
13  36.7849   0.0988052   1.59333   34.3715 	Dead: 0
14  36.5526   0.0926715   1.49442   34.3715 	Dead: 0
15  36.501    0.0980696   1.58147   34.3715 	Dead: 0
16  36.3633   0.0967586   1.56033   34.3715 	Dead: 0
17  36.1978   0.0930357   1.50029   34.3715 	Dead: 0
18  36.1568   0.089636    1.44547   34.3715 	Dead: 0
19  36.0353   0.079494    1.28192   34.2734 	Dead: 0
20  36.1265   0.095183    1.53492   34.2734 	Dead: 0
21  35.8921   0.0772407   1.24558   34.2319 	Dead: 0
22  35.8942   0.0839276   1.35342   34.0104 	Dead: 0
23  35.8214   0.0782854   1.26243   34.0104 	Dead: 0
24  35.7747   0.0747617   1.20561   34.0104 	Dead: 0
25  35.7496   0.0776892   1.25282   34.0104 	Dead: 0
26  35.7533   0.082362    1.32817   34.0104 	Dead: 0
27  35.6574   0.074831    1.20672   34.0104 	Dead: 0
28  35.6478   0.0773777   1.24779   34.0104 	Dead: 0
29  35.5661   0.0731845   1.18017   34.0104 	Dead: 0
30  35.6036   0.0763319   1.23093   34.0104 	Dead: 0
31  35.5129   0.0749575   1.20876   33.9629 	Dead: 0
32  35.525    0.0801754   1.29291   33.9629 	Dead: 0
33  35.481    0.0744655   1.20083   33.9629 	Dead: 0
34  35.4031   0.0684739   1.10421   33.9629 	Dead: 0
35  35.416    0.0712297   1.14865   33.8873 	Dead: 0
36  35.3709   0.0666459   1.07473   33.8873 	Dead: 0
37  35.4171   0.0761827   1.22852   33.8873 	Dead: 0
38  35.3833   0.0755519   1.21835   33.8873 	Dead: 0
39  35.3337   0.0689158   1.11134   33.8873 	Dead: 0
40  35.3243   0.0703025   1.1337    33.8873 	Dead: 0
41  35.338    0.0692459   1.11666   33.8873 	Dead: 0
42  35.3396   0.0751734   1.21225   33.8601 	Dead: 0
43  35.3466   0.0726755   1.17196   33.8335 	Dead: 0
44  35.3046   0.0692367   1.11651   33.8335 	Dead: 0
45  35.2414   0.0628694   1.01383   33.8335 	Dead: 0
46  35.2717   0.0669996   1.08044   33.8335 	Dead: 0
47  35.2438   0.0674771   1.08814   33.8335 	Dead: 0
48  35.2195   0.065281    1.05272   33.8335 	Dead: 0
49  35.257    0.0763113   1.2306    33.691  	Dead: 0
50  35.1844   0.0684977   1.10459   33.6823 	Dead: 0
51  35.1519   0.0660754   1.06553   33.6823 	Dead: 0
52  35.1701   0.0675188   1.08881   33.6823 	Dead: 0
53  35.1473   0.0649939   1.04809   33.6823 	Dead: 0
54  35.1386   0.0660957   1.06586   33.6823 	Dead: 0
55  35.1873   0.071881    1.15915   33.6823 	Dead: 0
56  35.1113   0.0627117   1.01129   33.6823 	Dead: 0
57  35.1291   0.0658892   1.06253   33.6823 	Dead: 0
58  35.1027   0.0638179   1.02913   33.6823 	Dead: 0
59  35.0884   0.0648042   1.04503   33.5993 	Dead: 0
60  35.1051   0.0666287   1.07445   33.5993 	Dead: 0
61  35.0819   0.0649965   1.04813   33.5993 	Dead: 0
62  35.0992   0.0645014   1.04015   33.5993 	Dead: 0
63  35.0676   0.0619224   0.998561  33.5993 	Dead: 0
64  35.0785   0.0649156   1.04683   33.5993 	Dead: 0
65  35.048    0.0642331   1.03582   33.5993 	Dead: 0
66  35.0828   0.0648781   1.04622   33.5993 	Dead: 0
67  35.096    0.0685827   1.10596   33.5993 	Dead: 0
68  35.0543   0.061676    0.994587  33.5993 	Dead: 0
69  35.0577   0.0658165   1.06136   33.5993 	Dead: 0
70  35.0415   0.0655146   1.05649   33.5993 	Dead: 0
71  35.0181   0.0629873   1.01573   33.5993 	Dead: 0
72  35.0202   0.0616703   0.994495  33.5993 	Dead: 0
73  35.0411   0.0651474   1.05057   33.5993 	Dead: 0
74  35.0602   0.066771    1.07675   33.5993 	Dead: 0
75  34.9911   0.0596825   0.96244   33.3738 	Dead: 0
76  35.0495   0.0700661   1.12989   33.3738 	Dead: 0
77  35.0585   0.0737131   1.1887    33.3738 	Dead: 0
78  35.0437   0.0710378   1.14556   33.3738 	Dead: 0
79  35.0054   0.0615719   0.992908  33.3738 	Dead: 0
80  34.985    0.0600072   0.967675  33.3738 	Dead: 0
81  35.0168   0.0655208   1.05659   33.3738 	Dead: 0
82  34.9804   0.0597247   0.963121  33.3738 	Dead: 0
83  35.0024   0.0624018   1.00629   33.3738 	Dead: 0
84  35.003    0.0642      1.03529   33.3738 	Dead: 0
85  34.9868   0.0632702   1.0203    33.3738 	Dead: 0
86  35.0085   0.0653427   1.05372   33.3738 	Dead: 0
87  35.0033   0.0689103   1.11125   33.3738 	Dead: 0
88  35.0172   0.0697234   1.12436   33.3738 	Dead: 0
89  34.9925   0.06258     1.00916   33.3738 	Dead: 0
90  34.9407   0.0598294   0.96481   33.3738 	Dead: 0
91  34.9801   0.0646944   1.04326   33.3738 	Dead: 0
92  34.9795   0.0648423   1.04565   33.3738 	Dead: 0
93  34.9926   0.0637642   1.02826   33.3738 	Dead: 0
94  34.9866   0.0626217   1.00984   33.3738 	Dead: 0
95  34.9618   0.0638109   1.02901   33.3738 	Dead: 0
96  34.9682   0.0645676   1.04122   33.3738 	Dead: 0
97  34.8931   0.058011    0.935485  33.3738 	Dead: 0
98  34.9354   0.0664975   1.07234   33.3738 	Dead: 0
99  34.9309   0.0653513   1.05385   33.3738 	Dead: 0
100 34.935    0.062265    1.00409   33.3738 	Dead: 0
