0   62.1465   0.310216    5.00254   41.7839 	Dead: 0
1   58.5879   0.310647    5.00949   41.7839 	Dead: 0
2   55.0717   0.3252      5.24418   40.1406 	Dead: 0
3   50.9192   0.322932    5.20759   38.2567 	Dead: 0
4   46.7534   0.291631    4.70284   35.9971 	Dead: 0
5   43.1548   0.239053    3.85496   35.1613 	Dead: 0
6   40.7035   0.196249    3.16471   35.1613 	Dead: 0
7   39.0988   0.164128    2.64673   35.1056 	Dead: 0
8   38.0551   0.123857    1.99731   35.1056 	Dead: 0
9   37.5473   0.11249     1.81402   34.5678 	Dead: 0
10  37.1411   0.106881    1.72356   34.5678 	Dead: 0
11  36.8397   0.0947953   1.52867   34.5678 	Dead: 0
12  36.5905   0.0915018   1.47556   34.5678 	Dead: 0
13  36.4259   0.0879994   1.41908   34.3587 	Dead: 0
14  36.3303   0.0923481   1.48921   34.2327 	Dead: 0
15  36.2146   0.0897407   1.44716   34.2327 	Dead: 0
16  36.0714   0.0889849   1.43497   34.2327 	Dead: 0
17  35.9404   0.0827658   1.33468   34.2327 	Dead: 0
18  35.8732   0.0773234   1.24692   34.2327 	Dead: 0
19  35.8102   0.0774893   1.24959   34.2327 	Dead: 0
20  35.7795   0.0821775   1.32519   34.2327 	Dead: 0
21  35.7411   0.078745    1.26984   34.2327 	Dead: 0
22  35.6319   0.0695079   1.12088   34.0878 	Dead: 0
23  35.6597   0.0745613   1.20238   34.0122 	Dead: 0
24  35.622    0.07767     1.25251   34.0122 	Dead: 0
25  35.6348   0.0778553   1.25549   34.0122 	Dead: 0
26  35.6158   0.0739796   1.193     34.0122 	Dead: 0
27  35.5884   0.0782551   1.26194   34.0122 	Dead: 0
28  35.5189   0.0738988   1.19169   33.7424 	Dead: 0
29  35.4953   0.0746162   1.20326   33.7424 	Dead: 0
30  35.5144   0.0806363   1.30034   33.7424 	Dead: 0
31  35.4738   0.0760167   1.22585   33.7424 	Dead: 0
32  35.477    0.0756235   1.21951   33.7424 	Dead: 0
33  35.4498   0.0773816   1.24786   33.7424 	Dead: 0
34  35.4301   0.0766084   1.23539   33.7424 	Dead: 0
35  35.4599   0.0771968   1.24487   33.7424 	Dead: 0
36  35.4266   0.0753724   1.21546   33.7424 	Dead: 0
37  35.3431   0.0698815   1.12691   33.7424 	Dead: 0
38  35.3577   0.0765239   1.23402   33.7424 	Dead: 0
39  35.3948   0.0744159   1.20003   33.7424 	Dead: 0
40  35.3556   0.0701097   1.13059   33.5882 	Dead: 0
41  35.3285   0.0732453   1.18115   33.5882 	Dead: 0
42  35.2994   0.0699193   1.12752   33.5882 	Dead: 0
43  35.2917   0.0759182   1.22426   33.5882 	Dead: 0
44  35.2431   0.0664826   1.0721    33.5882 	Dead: 0
45  35.297    0.0760807   1.22688   33.5882 	Dead: 0
46  35.2664   0.0741007   1.19495   33.5882 	Dead: 0
47  35.2558   0.0746605   1.20398   33.5882 	Dead: 0
48  35.2366   0.0724725   1.16869   33.5882 	Dead: 0
49  35.1875   0.0700171   1.1291    33.5882 	Dead: 0
50  35.1859   0.0680619   1.09757   33.5882 	Dead: 0
51  35.1935   0.0721499   1.16349   33.5882 	Dead: 0
52  35.2392   0.0777749   1.2542    33.5882 	Dead: 0
53  35.2334   0.0785997   1.2675    33.5882 	Dead: 0
54  35.1618   0.0721002   1.16269   33.5882 	Dead: 0
55  35.1538   0.0720078   1.1612    33.5882 	Dead: 0
56  35.1254   0.0738366   1.19069   33.5882 	Dead: 0
57  35.1828   0.0756056   1.21922   33.4696 	Dead: 0
58  35.0821   0.0664491   1.07156   33.4696 	Dead: 0
59  35.0857   0.0677482   1.09251   33.4696 	Dead: 0
60  35.0928   0.0682292   1.10026   33.4696 	Dead: 0
61  35.1254   0.0712984   1.14976   33.4696 	Dead: 0
62  35.0922   0.0679004   1.09496   33.4696 	Dead: 0
63  35.0978   0.0702453   1.13278   33.4696 	Dead: 0
64  35.0732   0.0717026   1.15628   33.4696 	Dead: 0
65  35.0477   0.0705529   1.13774   33.4696 	Dead: 0
66  35.0247   0.0674395   1.08753   33.4696 	Dead: 0
67  35.0027   0.0716126   1.15483   33.4696 	Dead: 0
68  34.9903   0.0631637   1.01858   33.4696 	Dead: 0
69  35.0235   0.0685146   1.10487   33.4696 	Dead: 0
70  35.0163   0.0689849   1.11245   33.4696 	Dead: 0
71  35.0608   0.0787689   1.27023   33.4696 	Dead: 0
72  35.0313   0.075341    1.21495   33.4696 	Dead: 0
73  34.9568   0.0666278   1.07444   33.4696 	Dead: 0
74  34.9617   0.0652238   1.0518    33.4696 	Dead: 0
75  34.9517   0.0649445   1.0473    33.4696 	Dead: 0
76  34.9468   0.0672647   1.08471   33.4696 	Dead: 0
77  34.961    0.0691811   1.11561   33.4696 	Dead: 0
78  34.9621   0.0694276   1.11959   33.4696 	Dead: 0
79  34.9483   0.0673296   1.08576   33.4696 	Dead: 0
80  34.8749   0.0621348   1.00199   33.4696 	Dead: 0
81  34.8994   0.06969     1.12382   33.4696 	Dead: 0
82  34.8931   0.0682508   1.10061   33.3838 	Dead: 0
83  34.9256   0.0688847   1.11083   33.3838 	Dead: 0
84  34.8868   0.0641998   1.03529   33.3838 	Dead: 0
85  34.8571   0.0655875   1.05766   33.3838 	Dead: 0
86  34.8261   0.0639292   1.03092   33.3838 	Dead: 0
87  34.8241   0.0643248   1.0373    33.3838 	Dead: 0
88  34.8552   0.06763     1.0906    33.3838 	Dead: 0
89  34.852    0.0646949   1.04327   33.3838 	Dead: 0
90  34.8321   0.0625084   1.00801   33.3838 	Dead: 0
91  34.8564   0.0665432   1.07308   33.3838 	Dead: 0
92  34.8937   0.0681433   1.09888   33.3838 	Dead: 0
93  34.8007   0.062053    1.00067   33.3838 	Dead: 0
94  34.8123   0.0629221   1.01468   33.3838 	Dead: 0
95  34.7993   0.0610948   0.985214  33.3838 	Dead: 0
96  34.8255   0.0670891   1.08188   33.3838 	Dead: 0
97  34.7935   0.0617256   0.995387  33.3838 	Dead: 0
98  34.7868   0.0617097   0.99513   33.3838 	Dead: 0
99  34.7528   0.0563245   0.908289  33.3838 	Dead: 0
100 34.7709   0.0582061   0.938631  33.3838 	Dead: 0
