0   62.4021   0.321837    5.18994   47.009  	Dead: 0
1   57.913    0.323003    5.20875   42.3458 	Dead: 0
2   53.4955   0.335259    5.40639   37.7266 	Dead: 0
3   49.0442   0.321508    5.18465   37.4572 	Dead: 0
4   45.6442   0.283423    4.57048   35.1399 	Dead: 0
5   42.8471   0.229862    3.70675   35.1399 	Dead: 0
6   40.8588   0.197051    3.17764   35.1399 	Dead: 0
7   39.3323   0.175224    2.82566   34.3671 	Dead: 0
8   38.0887   0.129899    2.09474   34.3671 	Dead: 0
9   37.4275   0.11176     1.80224   34.1693 	Dead: 0
10  37.0709   0.113993    1.83826   34.1693 	Dead: 0
11  36.7269   0.0962343   1.55187   34.1693 	Dead: 0
12  36.452    0.0846162   1.36452   34.1693 	Dead: 0
13  36.2667   0.0841975   1.35777   34.1693 	Dead: 0
14  36.2051   0.0895109   1.44345   34.1693 	Dead: 0
15  36.029    0.0801611   1.29268   34.0633 	Dead: 0
16  35.9081   0.0785315   1.2664    34.0633 	Dead: 0
17  35.8561   0.0772633   1.24595   34.0447 	Dead: 0
18  35.8315   0.0832552   1.34257   34.0447 	Dead: 0
19  35.7254   0.0742316   1.19706   34.0447 	Dead: 0
20  35.6842   0.0781669   1.26052   34.0447 	Dead: 0
21  35.6901   0.0826618   1.333     34.0447 	Dead: 0
22  35.6476   0.0801505   1.29251   34.0447 	Dead: 0
23  35.586    0.0775937   1.25128   34.0447 	Dead: 0
24  35.5826   0.0728718   1.17513   34.0447 	Dead: 0
25  35.5554   0.0745732   1.20257   34.0447 	Dead: 0
26  35.4943   0.0713273   1.15022   33.9849 	Dead: 0
27  35.4966   0.0727192   1.17267   33.9849 	Dead: 0
28  35.4734   0.0715588   1.15396   33.9849 	Dead: 0
29  35.4567   0.0675095   1.08866   33.7605 	Dead: 0
30  35.4481   0.0722642   1.16533   33.7605 	Dead: 0
31  35.4314   0.07299     1.17704   33.7605 	Dead: 0
32  35.3861   0.07107     1.14607   33.7605 	Dead: 0
33  35.3924   0.071827    1.15828   33.7605 	Dead: 0
34  35.3293   0.0694881   1.12057   33.7605 	Dead: 0
35  35.3914   0.0800499   1.29088   33.7605 	Dead: 0
36  35.3298   0.0700748   1.13003   33.7605 	Dead: 0
37  35.3389   0.0749428   1.20853   33.7605 	Dead: 0
38  35.3535   0.0759455   1.2247    33.7605 	Dead: 0
39  35.3033   0.0765258   1.23406   33.7605 	Dead: 0
40  35.3103   0.0728133   1.17419   33.7605 	Dead: 0
41  35.269    0.067498    1.08847   33.7605 	Dead: 0
42  35.2787   0.071395    1.15132   33.7605 	Dead: 0
43  35.3296   0.0771035   1.24337   33.7605 	Dead: 0
44  35.267    0.0698272   1.12603   33.7605 	Dead: 0
45  35.283    0.0720385   1.16169   33.7605 	Dead: 0
46  35.2178   0.0693977   1.11911   33.7605 	Dead: 0
47  35.2254   0.0689753   1.1123    33.7605 	Dead: 0
48  35.1909   0.0680768   1.09781   33.7605 	Dead: 0
49  35.1832   0.0671437   1.08276   33.7605 	Dead: 0
50  35.2478   0.07756     1.25073   33.7605 	Dead: 0
51  35.1886   0.0685395   1.10527   33.7605 	Dead: 0
52  35.2515   0.077584    1.25112   33.7605 	Dead: 0
53  35.2399   0.0768082   1.23861   33.7605 	Dead: 0
54  35.2027   0.0704563   1.13618   33.7605 	Dead: 0
55  35.1723   0.0703527   1.13451   33.7605 	Dead: 0
56  35.2287   0.0736067   1.18698   33.7605 	Dead: 0
57  35.2101   0.0740288   1.19379   33.7605 	Dead: 0
58  35.2028   0.0752757   1.2139    33.7166 	Dead: 0
59  35.198    0.073119    1.17912   33.7166 	Dead: 0
60  35.2136   0.0774389   1.24878   33.7166 	Dead: 0
61  35.1769   0.0711025   1.1466    33.7166 	Dead: 0
62  35.2383   0.0773479   1.24731   33.7166 	Dead: 0
63  35.1139   0.0663866   1.07055   33.7166 	Dead: 0
64  35.2032   0.0799197   1.28879   33.7166 	Dead: 0
65  35.1824   0.0774654   1.24921   33.7166 	Dead: 0
66  35.1625   0.0752733   1.21386   33.7166 	Dead: 0
67  35.1522   0.0711221   1.14692   33.7166 	Dead: 0
68  35.1685   0.076796    1.23841   33.7166 	Dead: 0
69  35.1187   0.0732293   1.1809    33.7166 	Dead: 0
70  35.1392   0.0722439   1.16501   33.7166 	Dead: 0
71  35.1025   0.0663793   1.07043   33.6149 	Dead: 0
72  35.1144   0.0673499   1.08608   33.6149 	Dead: 0
73  35.1154   0.0728274   1.17441   33.6149 	Dead: 0
74  35.0832   0.0711171   1.14683   33.6149 	Dead: 0
75  35.1356   0.0752239   1.21306   33.6149 	Dead: 0
76  35.1196   0.0719106   1.15963   33.6149 	Dead: 0
77  35.1282   0.0766433   1.23595   33.6149 	Dead: 0
78  35.0974   0.0734544   1.18453   33.6149 	Dead: 0
79  35.0578   0.0713508   1.1506    33.6149 	Dead: 0
80  35.0236   0.0653919   1.05451   33.6149 	Dead: 0
81  35.0265   0.0664276   1.07121   33.6149 	Dead: 0
82  35.078    0.0726565   1.17166   33.6149 	Dead: 0
83  35.058    0.0682589   1.10074   33.6149 	Dead: 0
84  35.0846   0.0720539   1.16194   33.6149 	Dead: 0
85  35.0565   0.0687046   1.10793   33.6149 	Dead: 0
86  35.0084   0.0630396   1.01658   33.6149 	Dead: 0
87  35.0191   0.0697402   1.12463   33.6149 	Dead: 0
88  34.9846   0.0684585   1.10396   33.6149 	Dead: 0
89  35.0472   0.0788423   1.27141   33.6149 	Dead: 0
90  35.018    0.0714275   1.15184   33.6149 	Dead: 0
91  35.0359   0.0694346   1.1197    33.6149 	Dead: 0
92  35.0079   0.0644426   1.0392    33.6149 	Dead: 0
93  35.0203   0.0669984   1.08042   33.6149 	Dead: 0
94  35.0437   0.0712921   1.14966   33.3994 	Dead: 0
95  34.9874   0.0683193   1.10172   33.3994 	Dead: 0
96  35.0353   0.0733427   1.18272   33.3994 	Dead: 0
97  34.9402   0.0647341   1.0439    33.3994 	Dead: 0
98  34.9869   0.0673398   1.08592   33.3994 	Dead: 0
99  34.9715   0.0669372   1.07943   33.3994 	Dead: 0
100 34.9685   0.0686465   1.10699   33.3994 	Dead: 0
