0   62.8193   0.30494     4.91746   44.9726 	Dead: 0
1   58.3964   0.328355    5.29505   42.6604 	Dead: 0
2   54.0937   0.338412    5.45723   40.5133 	Dead: 0
3   49.7052   0.334293    5.39082   36.9135 	Dead: 0
4   46.0608   0.283576    4.57294   36.83   	Dead: 0
5   43.4133   0.247875    3.99723   36.0105 	Dead: 0
6   41.3145   0.203273    3.27798   35.2486 	Dead: 0
7   39.6887   0.180573    2.91191   34.6553 	Dead: 0
8   38.1935   0.130189    2.09944   34.6553 	Dead: 0
9   37.3336   0.113117    1.82413   34.2212 	Dead: 0
10  36.7818   0.101495    1.63671   34.2212 	Dead: 0
11  36.4732   0.10425     1.68113   34.2212 	Dead: 0
12  36.0904   0.0817639   1.31853   34.1913 	Dead: 0
13  35.8838   0.0705687   1.13799   34.1913 	Dead: 0
14  35.7848   0.0705211   1.13722   33.8941 	Dead: 0
15  35.7086   0.0723658   1.16697   33.8599 	Dead: 0
16  35.6726   0.0757477   1.22151   33.8599 	Dead: 0
17  35.5675   0.0693683   1.11863   33.8599 	Dead: 0
18  35.5423   0.0705606   1.13786   33.7605 	Dead: 0
19  35.4828   0.0686953   1.10778   33.7605 	Dead: 0
20  35.4391   0.0644885   1.03994   33.7605 	Dead: 0
21  35.4258   0.072126    1.1631    33.7605 	Dead: 0
22  35.3524   0.0656353   1.05844   33.7605 	Dead: 0
23  35.3726   0.0704979   1.13685   33.7605 	Dead: 0
24  35.3121   0.0675781   1.08976   33.7605 	Dead: 0
25  35.3231   0.0704513   1.1361    33.7605 	Dead: 0
26  35.2471   0.0653593   1.05398   33.7605 	Dead: 0
27  35.2265   0.0620728   1.00099   33.7605 	Dead: 0
28  35.2359   0.0684444   1.10373   33.7605 	Dead: 0
29  35.2089   0.0675894   1.08995   33.7605 	Dead: 0
30  35.2103   0.0664639   1.0718    33.7605 	Dead: 0
31  35.1618   0.0669047   1.07891   33.7605 	Dead: 0
32  35.2218   0.0707276   1.14055   33.5976 	Dead: 0
33  35.1489   0.0642544   1.03617   33.5976 	Dead: 0
34  35.1412   0.0643576   1.03783   33.5976 	Dead: 0
35  35.1284   0.0633539   1.02164   33.5976 	Dead: 0
36  35.171    0.0679616   1.09595   33.5976 	Dead: 0
37  35.1459   0.0658116   1.06128   33.5976 	Dead: 0
38  35.0916   0.0631073   1.01767   33.5976 	Dead: 0
39  35.1212   0.0691701   1.11544   33.5976 	Dead: 0
40  35.0899   0.0646583   1.04268   33.5976 	Dead: 0
41  35.1178   0.0706393   1.13913   33.5976 	Dead: 0
42  35.0816   0.0706308   1.13899   33.5976 	Dead: 0
43  35.1122   0.0706972   1.14006   33.5976 	Dead: 0
44  35.0683   0.064489    1.03995   33.5976 	Dead: 0
45  35.1195   0.0713125   1.14999   33.5976 	Dead: 0
46  35.0586   0.0662853   1.06892   33.5976 	Dead: 0
47  35.0596   0.067413    1.0871    33.5976 	Dead: 0
48  35.0621   0.0681881   1.0996    33.5976 	Dead: 0
49  35.0482   0.0615939   0.993263  33.5976 	Dead: 0
50  35.0121   0.0634369   1.02298   33.5976 	Dead: 0
51  35.022    0.0669914   1.0803    33.5976 	Dead: 0
52  35.0635   0.0734908   1.18511   33.5976 	Dead: 0
53  34.9996   0.0622808   1.00434   33.5976 	Dead: 0
54  34.9956   0.0660973   1.06589   33.5976 	Dead: 0
55  35.0152   0.066832    1.07773   33.5976 	Dead: 0
56  35.0261   0.0703259   1.13408   33.5976 	Dead: 0
57  35.0377   0.0676448   1.09084   33.5976 	Dead: 0
58  34.9753   0.064813    1.04518   33.5976 	Dead: 0
59  34.9847   0.0652305   1.05191   33.5976 	Dead: 0
60  34.9985   0.0669062   1.07893   33.5976 	Dead: 0
61  35.0505   0.0704688   1.13638   33.5976 	Dead: 0
62  34.9759   0.0629991   1.01592   33.5976 	Dead: 0
63  34.9941   0.0653762   1.05426   33.5976 	Dead: 0
64  34.9683   0.0665614   1.07337   33.5976 	Dead: 0
65  34.9756   0.0649108   1.04675   33.5976 	Dead: 0
66  35.0482   0.0750314   1.20996   33.5976 	Dead: 0
67  35.0386   0.0701317   1.13094   33.5976 	Dead: 0
68  35.0134   0.0671337   1.0826    33.5976 	Dead: 0
69  34.9874   0.0689884   1.11251   33.5976 	Dead: 0
70  34.9834   0.0640681   1.03316   33.5976 	Dead: 0
71  35.0193   0.0705049   1.13696   33.5976 	Dead: 0
72  34.9652   0.0647591   1.0443    33.5976 	Dead: 0
73  35.0145   0.0667147   1.07584   33.5976 	Dead: 0
74  34.9955   0.0691005   1.11432   33.5976 	Dead: 0
75  35.004    0.0700571   1.12974   33.5976 	Dead: 0
76  34.9922   0.0662679   1.06864   33.5976 	Dead: 0
77  34.9441   0.0662395   1.06818   33.5976 	Dead: 0
78  34.9571   0.0659257   1.06312   33.5976 	Dead: 0
79  34.9684   0.0741374   1.19554   33.4781 	Dead: 0
80  34.9236   0.0634412   1.02305   33.4781 	Dead: 0
81  34.9618   0.065177    1.05104   33.4781 	Dead: 0
82  34.9685   0.0668239   1.0776    33.4781 	Dead: 0
83  34.9181   0.0613187   0.988825  33.4781 	Dead: 0
84  34.9507   0.069294    1.11743   33.4781 	Dead: 0
85  34.9624   0.0672277   1.08411   33.4781 	Dead: 0
86  34.9658   0.0704392   1.1359    33.4781 	Dead: 0
87  34.9364   0.0662698   1.06867   33.4781 	Dead: 0
88  34.9401   0.0681043   1.09825   33.4781 	Dead: 0
89  34.9458   0.0696428   1.12306   33.4781 	Dead: 0
90  34.9585   0.0673868   1.08668   33.4781 	Dead: 0
91  34.9702   0.0698938   1.12711   33.4781 	Dead: 0
92  34.9686   0.0760025   1.22562   33.4781 	Dead: 0
93  34.8776   0.0619377   0.998807  33.4781 	Dead: 0
94  34.8664   0.0619183   0.998494  33.4781 	Dead: 0
95  34.8979   0.0651568   1.05072   33.4781 	Dead: 0
96  34.9244   0.0671858   1.08344   33.4781 	Dead: 0
97  34.8934   0.0664776   1.07202   33.4781 	Dead: 0
98  34.9364   0.0689707   1.11222   33.4781 	Dead: 0
99  34.8819   0.0659148   1.06294   33.4781 	Dead: 0
100 34.8847   0.0647733   1.04453   33.4781 	Dead: 0
