0   62.0236   0.319572    5.15342   40.5871 	Dead: 0
1   57.9685   0.328694    5.30053   40.5871 	Dead: 0
2   53.8701   0.336347    5.42393   39.1757 	Dead: 0
3   49.8987   0.285409    4.60251   38.4362 	Dead: 0
4   46.7448   0.2711      4.37176   35.0672 	Dead: 0
5   43.7987   0.229963    3.70838   35.0672 	Dead: 0
6   41.6303   0.206035    3.32252   35.0672 	Dead: 0
7   39.8043   0.168393    2.7155    35.0672 	Dead: 0
8   38.5784   0.149753    2.41491   34.9396 	Dead: 0
9   37.738    0.124594    2.0092    34.7108 	Dead: 0
10  37.2033   0.116647    1.88105   34.7108 	Dead: 0
11  36.9718   0.115367    1.86041   34.4809 	Dead: 0
12  36.6324   0.0995441   1.60525   34.4809 	Dead: 0
13  36.481    0.0956449   1.54237   34.3455 	Dead: 0
14  36.3442   0.0954985   1.54001   34.3455 	Dead: 0
15  36.2174   0.0840792   1.35586   34.2591 	Dead: 0
16  36.0889   0.0809184   1.30489   33.712  	Dead: 0
17  36.0031   0.0846147   1.3645    33.712  	Dead: 0
18  35.9586   0.0855516   1.37961   33.712  	Dead: 0
19  35.8966   0.0828306   1.33573   33.712  	Dead: 0
20  35.8004   0.0800405   1.29073   33.712  	Dead: 0
21  35.8057   0.0822554   1.32645   33.712  	Dead: 0
22  35.7581   0.0808127   1.30319   33.712  	Dead: 0
23  35.7441   0.0815405   1.31492   33.712  	Dead: 0
24  35.775    0.087719    1.41456   33.712  	Dead: 0
25  35.6943   0.0781304   1.25993   33.712  	Dead: 0
26  35.6207   0.0742218   1.1969    33.712  	Dead: 0
27  35.5814   0.0794402   1.28105   33.712  	Dead: 0
28  35.5732   0.0797737   1.28643   33.712  	Dead: 0
29  35.5937   0.0869784   1.40261   33.712  	Dead: 0
30  35.6041   0.0890927   1.43671   33.712  	Dead: 0
31  35.5246   0.0762365   1.22939   33.712  	Dead: 0
32  35.4996   0.0765716   1.23479   33.712  	Dead: 0
33  35.5053   0.0758724   1.22352   33.712  	Dead: 0
34  35.5172   0.0803723   1.29608   33.712  	Dead: 0
35  35.4943   0.0786368   1.2681    33.712  	Dead: 0
36  35.4602   0.077513    1.24997   33.712  	Dead: 0
37  35.4344   0.0803905   1.29638   33.712  	Dead: 0
38  35.4472   0.077294    1.24644   33.712  	Dead: 0
39  35.3723   0.0730306   1.17769   33.712  	Dead: 0
40  35.4785   0.0879573   1.4184    33.712  	Dead: 0
41  35.4082   0.0777746   1.25419   33.712  	Dead: 0
42  35.3815   0.0757472   1.2215    33.712  	Dead: 0
43  35.4014   0.0810493   1.307     33.712  	Dead: 0
44  35.4145   0.0833324   1.34382   33.712  	Dead: 0
45  35.3746   0.0818762   1.32034   33.712  	Dead: 0
46  35.3849   0.0815527   1.31512   33.712  	Dead: 0
47  35.3203   0.0747482   1.20539   33.712  	Dead: 0
48  35.3831   0.0825559   1.3313    33.712  	Dead: 0
49  35.3322   0.0790177   1.27424   33.712  	Dead: 0
50  35.3208   0.0808965   1.30454   33.712  	Dead: 0
51  35.2688   0.0741721   1.1961    33.712  	Dead: 0
52  35.3113   0.0797099   1.2854    33.712  	Dead: 0
53  35.2864   0.0753203   1.21462   33.712  	Dead: 0
54  35.2867   0.0777841   1.25435   33.712  	Dead: 0
55  35.3152   0.0801725   1.29286   33.712  	Dead: 0
56  35.2892   0.0814863   1.31405   33.712  	Dead: 0
57  35.3113   0.0870415   1.40363   33.5855 	Dead: 0
58  35.2703   0.0744737   1.20096   33.5855 	Dead: 0
59  35.3305   0.0891262   1.43725   33.5855 	Dead: 0
60  35.2855   0.0850058   1.3708    33.5855 	Dead: 0
61  35.3116   0.0824667   1.32986   33.5855 	Dead: 0
62  35.2631   0.0775451   1.25049   33.5855 	Dead: 0
63  35.1917   0.0738385   1.19072   33.5855 	Dead: 0
64  35.2092   0.0727542   1.17323   33.5855 	Dead: 0
65  35.2513   0.0782781   1.26231   33.5855 	Dead: 0
66  35.2301   0.0749493   1.20863   33.5855 	Dead: 0
67  35.2516   0.0791654   1.27662   33.5855 	Dead: 0
68  35.289    0.0825068   1.3305    33.5855 	Dead: 0
69  35.2654   0.0828576   1.33616   33.5855 	Dead: 0
70  35.1537   0.0706238   1.13888   33.5855 	Dead: 0
71  35.1947   0.0784078   1.2644    33.5855 	Dead: 0
72  35.1766   0.0784065   1.26438   33.5855 	Dead: 0
73  35.1589   0.0743325   1.19869   33.4909 	Dead: 0
74  35.1612   0.0766516   1.23608   33.4909 	Dead: 0
75  35.1931   0.0822751   1.32677   33.4909 	Dead: 0
76  35.1957   0.0870951   1.40449   33.4909 	Dead: 0
77  35.1225   0.0771883   1.24474   33.4909 	Dead: 0
78  35.1634   0.0768961   1.24003   33.4909 	Dead: 0
79  35.1824   0.0805316   1.29865   33.4909 	Dead: 0
80  35.1394   0.0702781   1.13331   33.4909 	Dead: 0
81  35.1155   0.0715394   1.15364   33.4909 	Dead: 0
82  35.1539   0.0797598   1.28621   33.4909 	Dead: 0
83  35.1121   0.0739505   1.19253   33.4909 	Dead: 0
84  35.1403   0.0828743   1.33643   33.4909 	Dead: 0
85  35.1043   0.0726877   1.17216   33.4909 	Dead: 0
86  35.0661   0.0715604   1.15398   33.4909 	Dead: 0
87  35.0713   0.0692667   1.117     33.4909 	Dead: 0
88  35.0702   0.0721808   1.16399   33.4909 	Dead: 0
89  35.1235   0.0796873   1.28504   33.4909 	Dead: 0
90  35.0759   0.0745235   1.20177   33.4909 	Dead: 0
91  35.066    0.0706887   1.13993   33.4909 	Dead: 0
92  35.0159   0.0710174   1.14523   33.4909 	Dead: 0
93  35.0473   0.0730412   1.17786   33.4909 	Dead: 0
94  35.0576   0.0712619   1.14917   33.4909 	Dead: 0
95  35.0262   0.0685597   1.10559   33.4909 	Dead: 0
96  35.1149   0.0826822   1.33333   33.4909 	Dead: 0
97  35.0775   0.0785679   1.26699   33.4909 	Dead: 0
98  34.9992   0.0708457   1.14246   33.4909 	Dead: 0
99  35.0017   0.073166    1.17988   33.4909 	Dead: 0
100 35.0666   0.0846617   1.36526   33.4909 	Dead: 0
