0   61.9987   0.325535    5.24958   41.6116 	Dead: 0
1   57.681    0.344891    5.56171   40.3643 	Dead: 0
2   53.1664   0.335869    5.41623   38.8433 	Dead: 0
3   48.6899   0.314888    5.07788   37.4719 	Dead: 0
4   45.0005   0.254278    4.10049   37.0177 	Dead: 0
5   42.5052   0.225137    3.63056   35.4797 	Dead: 0
6   40.6118   0.170792    2.7542    35.3213 	Dead: 0
7   39.4889   0.154939    2.49855   35.2487 	Dead: 0
8   38.6049   0.140097    2.2592    35.2346 	Dead: 0
9   37.9782   0.120259    1.9393    34.6513 	Dead: 0
10  37.5849   0.110585    1.7833    34.6513 	Dead: 0
11  37.2789   0.105811    1.70631   34.6513 	Dead: 0
12  37.0556   0.101907    1.64335   34.6513 	Dead: 0
13  36.9103   0.101457    1.6361    34.6513 	Dead: 0
14  36.7235   0.0997912   1.60923   34.5319 	Dead: 0
15  36.5541   0.0925739   1.49285   34.2605 	Dead: 0
16  36.4716   0.0926394   1.4939    34.0743 	Dead: 0
17  36.3457   0.0842852   1.35918   34.0743 	Dead: 0
18  36.275    0.0883133   1.42414   34.0743 	Dead: 0
19  36.1995   0.0839836   1.35432   34.0743 	Dead: 0
20  36.0999   0.0788158   1.27098   34.0743 	Dead: 0
21  36.0633   0.0836576   1.34906   34.0743 	Dead: 0
22  36.024    0.0785653   1.26694   34.0743 	Dead: 0
23  35.9878   0.0850442   1.37142   34.0743 	Dead: 0
24  35.9819   0.0822184   1.32585   34.0743 	Dead: 0
25  35.9032   0.0803914   1.29639   34.0743 	Dead: 0
26  35.8569   0.0734997   1.18526   34.0743 	Dead: 0
27  35.8636   0.0836409   1.34879   34.0743 	Dead: 0
28  35.7383   0.0702664   1.13312   34.0743 	Dead: 0
29  35.802    0.0805268   1.29858   33.8965 	Dead: 0
30  35.7809   0.0779004   1.25622   33.8965 	Dead: 0
31  35.7677   0.0793252   1.2792    33.8965 	Dead: 0
32  35.7728   0.0802776   1.29456   33.7271 	Dead: 0
33  35.7295   0.08414     1.35684   33.7271 	Dead: 0
34  35.6279   0.0709702   1.14447   33.7271 	Dead: 0
35  35.6334   0.071648    1.1554    33.7271 	Dead: 0
36  35.6078   0.0715408   1.15367   33.7271 	Dead: 0
37  35.5471   0.0705336   1.13743   33.7271 	Dead: 0
38  35.6475   0.0836944   1.34966   33.7271 	Dead: 0
39  35.5331   0.0693922   1.11902   33.7271 	Dead: 0
40  35.5206   0.0695478   1.12153   33.7271 	Dead: 0
41  35.5411   0.078159    1.26039   33.7271 	Dead: 0
42  35.5078   0.0749075   1.20796   33.7271 	Dead: 0
43  35.4873   0.0719433   1.16016   33.7271 	Dead: 0
44  35.479    0.0700927   1.13031   33.7271 	Dead: 0
45  35.441    0.0675271   1.08894   33.7271 	Dead: 0
46  35.4335   0.0718202   1.15817   33.7271 	Dead: 0
47  35.4245   0.0678807   1.09464   33.7271 	Dead: 0
48  35.4372   0.0730201   1.17752   33.7271 	Dead: 0
49  35.3762   0.0711068   1.14667   33.7271 	Dead: 0
50  35.4539   0.0798284   1.28731   33.7271 	Dead: 0
51  35.4324   0.0759516   1.2248    33.7271 	Dead: 0
52  35.3742   0.0705992   1.13848   33.7271 	Dead: 0
53  35.3518   0.0689289   1.11155   33.7271 	Dead: 0
54  35.405    0.0711437   1.14726   33.7271 	Dead: 0
55  35.3986   0.0759253   1.22437   33.7271 	Dead: 0
56  35.3251   0.0680853   1.09794   33.7271 	Dead: 0
57  35.3256   0.0680333   1.09711   33.7271 	Dead: 0
58  35.3503   0.0725625   1.17014   33.7271 	Dead: 0
59  35.3056   0.0688226   1.10983   33.7271 	Dead: 0
60  35.2793   0.0641024   1.03372   33.7271 	Dead: 0
61  35.3171   0.0696363   1.12295   33.7271 	Dead: 0
62  35.2375   0.0641075   1.0338    33.7271 	Dead: 0
63  35.3071   0.0736967   1.18843   33.7271 	Dead: 0
64  35.3013   0.0792635   1.2782    33.7271 	Dead: 0
65  35.277    0.0674749   1.0881    33.7271 	Dead: 0
66  35.292    0.0716611   1.15561   33.7271 	Dead: 0
67  35.2816   0.0748742   1.20742   33.7271 	Dead: 0
68  35.2857   0.0713979   1.15136   33.7271 	Dead: 0
69  35.2515   0.0672788   1.08494   33.7271 	Dead: 0
70  35.24     0.0691677   1.1154    33.7271 	Dead: 0
71  35.2665   0.0715272   1.15345   33.7271 	Dead: 0
72  35.2791   0.070792    1.14159   33.7271 	Dead: 0
73  35.2657   0.06991     1.12737   33.7271 	Dead: 0
74  35.2342   0.0657769   1.06072   33.7271 	Dead: 0
75  35.2654   0.0682874   1.1012    33.7271 	Dead: 0
76  35.2656   0.0741345   1.19549   33.7271 	Dead: 0
77  35.2141   0.069547    1.12152   33.7271 	Dead: 0
78  35.2111   0.0637042   1.02729   33.7271 	Dead: 0
79  35.2639   0.0769415   1.24076   33.7271 	Dead: 0
80  35.2025   0.0651442   1.05051   33.7271 	Dead: 0
81  35.2069   0.0686671   1.10733   33.7271 	Dead: 0
82  35.2605   0.0724349   1.16809   33.7271 	Dead: 0
83  35.2585   0.0746643   1.20404   33.7093 	Dead: 0
84  35.2278   0.0729443   1.1763    33.7093 	Dead: 0
85  35.1934   0.0681334   1.09872   33.7093 	Dead: 0
86  35.1893   0.0679404   1.09561   33.7093 	Dead: 0
87  35.1784   0.0701054   1.13052   33.7093 	Dead: 0
88  35.1481   0.0680036   1.09663   33.7093 	Dead: 0
89  35.2092   0.0743586   1.19911   33.7093 	Dead: 0
90  35.1416   0.0616238   0.993745  33.7093 	Dead: 0
91  35.182    0.0701865   1.13183   33.7093 	Dead: 0
92  35.1832   0.0701498   1.13124   33.7093 	Dead: 0
93  35.1753   0.0671615   1.08305   33.7093 	Dead: 0
94  35.2229   0.0771755   1.24453   33.7093 	Dead: 0
95  35.1872   0.0724523   1.16837   33.7093 	Dead: 0
96  35.1764   0.0721313   1.16319   33.7093 	Dead: 0
97  35.1516   0.0710988   1.14654   33.7093 	Dead: 0
98  35.1869   0.0790412   1.27462   33.7093 	Dead: 0
99  35.1292   0.0688139   1.10969   33.7093 	Dead: 0
100 35.1229   0.0638776   1.03009   33.7093 	Dead: 0
