0   62.7269   0.305389    4.9247    44.7666 	Dead: 0
1   58.3643   0.323896    5.22315   43.6724 	Dead: 0
2   54.0809   0.342807    5.52811   39.4432 	Dead: 0
3   49.6638   0.313296    5.05221   38.4373 	Dead: 0
4   46.1022   0.270966    4.3696    35.6603 	Dead: 0
5   43.4972   0.223201    3.59934   35.6603 	Dead: 0
6   41.453    0.20176     3.25359   35.6603 	Dead: 0
7   39.7412   0.167763    2.70535   34.9706 	Dead: 0
8   38.6293   0.143257    2.31016   34.9569 	Dead: 0
9   37.8609   0.117682    1.89774   34.8196 	Dead: 0
10  37.476    0.114347    1.84396   34.7165 	Dead: 0
11  37.0881   0.104781    1.6897    34.6054 	Dead: 0
12  36.8077   0.091626    1.47756   34.4026 	Dead: 0
13  36.6084   0.087773    1.41543   34.0999 	Dead: 0
14  36.4151   0.0897739   1.44769   34.0999 	Dead: 0
15  36.3322   0.0956381   1.54226   34.0999 	Dead: 0
16  36.2277   0.0876396   1.41328   34.0999 	Dead: 0
17  36.1125   0.0837434   1.35045   34.0999 	Dead: 0
18  36.0401   0.084205    1.35789   34.0334 	Dead: 0
19  35.9672   0.0881781   1.42196   33.8436 	Dead: 0
20  35.8876   0.0826857   1.33339   33.8436 	Dead: 0
21  35.8275   0.0763142   1.23064   33.8436 	Dead: 0
22  35.8543   0.084754    1.36674   33.8436 	Dead: 0
23  35.7704   0.0799577   1.2894    33.8436 	Dead: 0
24  35.7445   0.0826784   1.33327   33.8436 	Dead: 0
25  35.7125   0.083728    1.3502    33.8436 	Dead: 0
26  35.6863   0.0782242   1.26144   33.8436 	Dead: 0
27  35.6447   0.0768173   1.23876   33.8436 	Dead: 0
28  35.6382   0.0771906   1.24477   33.8436 	Dead: 0
29  35.5481   0.0710536   1.14581   33.8436 	Dead: 0
30  35.5029   0.0728721   1.17514   33.8436 	Dead: 0
31  35.5733   0.0804287   1.29699   33.7022 	Dead: 0
32  35.4924   0.0769598   1.24105   33.7022 	Dead: 0
33  35.464    0.0778521   1.25544   33.7022 	Dead: 0
34  35.416    0.0712625   1.14918   33.7022 	Dead: 0
35  35.3767   0.0666896   1.07544   33.7022 	Dead: 0
36  35.3482   0.0683137   1.10163   33.7022 	Dead: 0
37  35.3861   0.0756415   1.2198    33.6903 	Dead: 0
38  35.3549   0.0719591   1.16041   33.6903 	Dead: 0
39  35.3472   0.0731317   1.17932   33.6903 	Dead: 0
40  35.3533   0.0736617   1.18787   33.6903 	Dead: 0
41  35.3653   0.0756458   1.21986   33.6606 	Dead: 0
42  35.3914   0.0760128   1.22578   33.6606 	Dead: 0
43  35.317    0.0715567   1.15392   33.6606 	Dead: 0
44  35.3052   0.0730318   1.17771   33.6606 	Dead: 0
45  35.3597   0.0782373   1.26165   33.6606 	Dead: 0
46  35.341    0.0741758   1.19616   33.6606 	Dead: 0
47  35.2388   0.0626497   1.01029   33.5668 	Dead: 0
48  35.2659   0.0681988   1.09977   33.5668 	Dead: 0
49  35.2793   0.0690462   1.11344   33.5668 	Dead: 0
50  35.2966   0.0739352   1.19228   33.5668 	Dead: 0
51  35.2866   0.0739326   1.19224   33.5668 	Dead: 0
52  35.2577   0.0732697   1.18155   33.5668 	Dead: 0
53  35.277    0.0742758   1.19777   33.5668 	Dead: 0
54  35.2693   0.0777995   1.25459   33.5668 	Dead: 0
55  35.2241   0.0756534   1.21999   33.5668 	Dead: 0
56  35.1576   0.0664178   1.07105   33.5668 	Dead: 0
57  35.1934   0.0649418   1.04725   33.5668 	Dead: 0
58  35.1841   0.0676663   1.09119   33.5668 	Dead: 0
59  35.1882   0.0697449   1.12471   33.5668 	Dead: 0
60  35.2055   0.0728653   1.17503   33.5668 	Dead: 0
61  35.1177   0.0646114   1.04192   33.5668 	Dead: 0
62  35.1475   0.0684715   1.10417   33.5668 	Dead: 0
63  35.2111   0.0718974   1.15942   33.5668 	Dead: 0
64  35.1771   0.0716009   1.15464   33.5668 	Dead: 0
65  35.1499   0.0684478   1.10379   33.5668 	Dead: 0
66  35.2179   0.0770084   1.24184   33.5668 	Dead: 0
67  35.1126   0.0635343   1.02455   33.5668 	Dead: 0
68  35.1553   0.0715395   1.15365   33.5668 	Dead: 0
69  35.1559   0.0695649   1.1218    33.5668 	Dead: 0
70  35.0607   0.063057    1.01686   33.5668 	Dead: 0
71  35.098    0.0674589   1.08784   33.5668 	Dead: 0
72  35.0843   0.066484    1.07212   33.5668 	Dead: 0
73  35.0712   0.0688198   1.10979   33.5668 	Dead: 0
74  35.0809   0.0706067   1.1386    33.5668 	Dead: 0
75  35.1227   0.0692143   1.11615   33.5668 	Dead: 0
76  35.1172   0.0683236   1.10179   33.5668 	Dead: 0
77  35.1078   0.0682422   1.10047   33.5668 	Dead: 0
78  35.1487   0.0711352   1.14713   33.5668 	Dead: 0
79  35.0463   0.065423    1.05501   33.5668 	Dead: 0
80  35.0823   0.0707965   1.14166   33.5668 	Dead: 0
81  35.0201   0.0653844   1.05439   33.5668 	Dead: 0
82  35.0221   0.0630503   1.01675   33.5668 	Dead: 0
83  35.0798   0.0711538   1.14743   33.5668 	Dead: 0
84  35.0709   0.0658526   1.06194   33.5668 	Dead: 0
85  35.07     0.0678371   1.09394   33.5668 	Dead: 0
86  35.0233   0.0629267   1.01476   33.5668 	Dead: 0
87  35.0741   0.0708061   1.14182   33.5668 	Dead: 0
88  35.0233   0.0701706   1.13157   33.5668 	Dead: 0
89  35.0252   0.0717927   1.15773   33.5668 	Dead: 0
90  34.9712   0.0624334   1.0068    33.5668 	Dead: 0
91  35.0259   0.0651903   1.05126   33.5668 	Dead: 0
92  35.0135   0.0626253   1.0099    33.4506 	Dead: 0
93  35.0439   0.0712774   1.14942   33.4506 	Dead: 0
94  35.0259   0.0649357   1.04715   33.4506 	Dead: 0
95  35.0271   0.0655461   1.057     33.4506 	Dead: 0
96  35.0277   0.0646307   1.04223   33.4506 	Dead: 0
97  35.0611   0.0676498   1.09092   33.4506 	Dead: 0
98  35.0636   0.075441    1.21656   33.4506 	Dead: 0
99  35.0602   0.0717496   1.15703   33.4506 	Dead: 0
100 35.0236   0.0669244   1.07922   33.4506 	Dead: 0
