0   62.6416   0.318797    5.14093   41.4955 	Dead: 0
1   58.4711   0.322582    5.20196   39.3356 	Dead: 0
2   54.2302   0.331871    5.35175   39.3356 	Dead: 0
3   50.468    0.312767    5.04369   38.0188 	Dead: 0
4   47.0645   0.286522    4.62045   36.5231 	Dead: 0
5   44.3175   0.25788     4.15857   35.8369 	Dead: 0
6   42.1204   0.215413    3.47375   35.8369 	Dead: 0
7   40.5388   0.1897      3.0591    35.2929 	Dead: 0
8   39.247    0.161806    2.60929   35.0349 	Dead: 0
9   38.3143   0.136407    2.19971   34.4379 	Dead: 0
10  37.6427   0.128572    2.07335   34.4379 	Dead: 0
11  37.1976   0.116242    1.87452   34.4379 	Dead: 0
12  36.7656   0.103598    1.67062   34.4251 	Dead: 0
13  36.4661   0.096962    1.56361   34.2758 	Dead: 0
14  36.317    0.0955937   1.54154   34.2758 	Dead: 0
15  36.1246   0.0874106   1.40958   34.137  	Dead: 0
16  35.9202   0.0718492   1.15864   34.137  	Dead: 0
17  35.9235   0.080123    1.29206   34.137  	Dead: 0
18  35.8394   0.0821919   1.32543   34.0919 	Dead: 0
19  35.7359   0.0724837   1.16887   34.0919 	Dead: 0
20  35.7049   0.0769395   1.24073   34.0919 	Dead: 0
21  35.6801   0.0797371   1.28584   34.0919 	Dead: 0
22  35.5802   0.0693172   1.11781   34.0353 	Dead: 0
23  35.5681   0.0781849   1.26081   34.0353 	Dead: 0
24  35.482    0.0666176   1.07428   33.9092 	Dead: 0
25  35.4535   0.0672966   1.08522   33.9092 	Dead: 0
26  35.4173   0.0692795   1.1172    33.8854 	Dead: 0
27  35.4374   0.0685323   1.10515   33.8854 	Dead: 0
28  35.4112   0.0709419   1.14401   33.8854 	Dead: 0
29  35.3642   0.0690545   1.11357   33.8854 	Dead: 0
30  35.3753   0.0695579   1.12169   33.8854 	Dead: 0
31  35.3559   0.0758253   1.22276   33.8854 	Dead: 0
32  35.3309   0.072125    1.16309   33.8854 	Dead: 0
33  35.297    0.0689538   1.11195   33.8854 	Dead: 0
34  35.3142   0.0703787   1.13493   33.8592 	Dead: 0
35  35.2491   0.0684866   1.10442   33.8592 	Dead: 0
36  35.2191   0.0647993   1.04495   33.8592 	Dead: 0
37  35.1963   0.0646      1.04174   33.8592 	Dead: 0
38  35.2047   0.071394    1.1513    33.8592 	Dead: 0
39  35.1511   0.0648518   1.0458    33.8592 	Dead: 0
40  35.1469   0.0661422   1.06661   33.8592 	Dead: 0
41  35.1327   0.0640998   1.03367   33.7505 	Dead: 0
42  35.1703   0.0708751   1.14293   33.5901 	Dead: 0
43  35.1508   0.0674874   1.0883    33.5901 	Dead: 0
44  35.0676   0.0639255   1.03086   33.5901 	Dead: 0
45  35.0802   0.063541    1.02466   33.5901 	Dead: 0
46  35.0784   0.0648485   1.04575   33.5901 	Dead: 0
47  35.1028   0.0658743   1.06229   33.5901 	Dead: 0
48  35.1159   0.0672874   1.08508   33.5901 	Dead: 0
49  35.1256   0.0776883   1.2528    33.5901 	Dead: 0
50  35.1036   0.0750681   1.21055   33.5901 	Dead: 0
51  35.0372   0.0632643   1.0202    33.5901 	Dead: 0
52  35.0236   0.0618399   0.997231  33.5901 	Dead: 0
53  35.0282   0.0672952   1.0852    33.5901 	Dead: 0
54  35.0206   0.0633836   1.02212   33.5901 	Dead: 0
55  35.0196   0.0679529   1.09581   33.5901 	Dead: 0
56  35.0176   0.0681751   1.09939   33.5901 	Dead: 0
57  34.9948   0.0666425   1.07468   33.5901 	Dead: 0
58  35.0031   0.0669232   1.0792    33.5901 	Dead: 0
59  35.024    0.0734218   1.184     33.5901 	Dead: 0
60  35.0001   0.0644598   1.03948   33.555  	Dead: 0
61  35.0003   0.0665375   1.07298   33.555  	Dead: 0
62  34.9312   0.0578124   0.932283  33.555  	Dead: 0
63  34.9335   0.0607617   0.979843  33.555  	Dead: 0
64  34.9973   0.0702656   1.1331    33.555  	Dead: 0
65  34.9366   0.0628922   1.0142    33.555  	Dead: 0
66  34.998    0.0674173   1.08717   33.555  	Dead: 0
67  34.9752   0.0634971   1.02395   33.555  	Dead: 0
68  34.9028   0.0601747   0.970377  33.555  	Dead: 0
69  34.9328   0.0678186   1.09364   33.555  	Dead: 0
70  34.9267   0.0678656   1.0944    33.555  	Dead: 0
71  34.9254   0.0644724   1.03968   33.555  	Dead: 0
72  34.9279   0.0659787   1.06397   33.555  	Dead: 0
73  34.919    0.0678284   1.0938    33.555  	Dead: 0
74  34.9317   0.0656821   1.05919   33.555  	Dead: 0
75  34.9403   0.0687859   1.10924   33.555  	Dead: 0
76  34.9299   0.064383    1.03824   33.555  	Dead: 0
77  34.8839   0.0640893   1.0335    33.555  	Dead: 0
78  34.8856   0.0616488   0.994148  33.555  	Dead: 0
79  34.8911   0.0641168   1.03395   33.555  	Dead: 0
80  34.8699   0.0628044   1.01278   33.555  	Dead: 0
81  34.8661   0.0638177   1.02912   33.555  	Dead: 0
82  34.8635   0.0610233   0.984062  33.5486 	Dead: 0
83  34.8703   0.0630089   1.01608   33.5486 	Dead: 0
84  34.872    0.0697026   1.12402   33.5486 	Dead: 0
85  34.8299   0.0636153   1.02586   33.5486 	Dead: 0
86  34.8369   0.0602677   0.971878  33.5486 	Dead: 0
87  34.8483   0.0631199   1.01787   33.5486 	Dead: 0
88  34.8601   0.0611203   0.985626  33.5486 	Dead: 0
89  34.8471   0.0632968   1.02072   33.5486 	Dead: 0
90  34.8554   0.0641051   1.03376   33.5009 	Dead: 0
91  34.8487   0.0630097   1.0161    33.5009 	Dead: 0
92  34.8384   0.0657332   1.06001   33.5009 	Dead: 0
93  34.8136   0.0614893   0.991577  33.5009 	Dead: 0
94  34.7834   0.0593581   0.957208  33.5009 	Dead: 0
95  34.7991   0.0598731   0.965514  33.4629 	Dead: 0
96  34.8238   0.0627321   1.01162   33.4046 	Dead: 0
97  34.8547   0.0676335   1.09066   33.4046 	Dead: 0
98  34.835    0.06183     0.99707   33.4046 	Dead: 0
99  34.8223   0.0619703   0.999333  33.4046 	Dead: 0
100 34.8487   0.066213    1.06775   33.4046 	Dead: 0
