0   25.4758   0.13396     2.16023   19.3878 	Dead: 0
1   23.6849   0.112201    1.80936   18.7989 	Dead: 0
2   22.5516   0.101827    1.64207   17.8859 	Dead: 0
3   21.8185   0.096472    1.55571   15.8235 	Dead: 0
4   21.3205   0.094977    1.5316    15.8235 	Dead: 0
5   20.7348   0.092549    1.49244   15.8235 	Dead: 0
6   20.3152   0.0975655   1.57334   15.0548 	Dead: 0
7   19.9303   0.100286    1.61721   15.0548 	Dead: 0
8   19.4277   0.0987031   1.59169   15.0548 	Dead: 0
9   19.0655   0.106139    1.71159   13.7631 	Dead: 0
10  18.6108   0.100663    1.6233    13.6192 	Dead: 0
11  18.2243   0.10221     1.64824   13.6192 	Dead: 0
12  17.818    0.102976    1.66059   13.1481 	Dead: 0
13  17.4975   0.105617    1.70318   13.1481 	Dead: 0
14  17.1883   0.109294    1.76247   9.56062 	Dead: 0
15  16.8801   0.107001    1.7255    9.56062 	Dead: 0
16  16.6652   0.110583    1.78327   9.56062 	Dead: 0
17  16.3295   0.112885    1.82038   9.56062 	Dead: 0
18  16.093    0.111331    1.79533   9.56062 	Dead: 0
19  15.8892   0.115957    1.86992   9.56062 	Dead: 0
20  15.5919   0.114985    1.85424   9.56062 	Dead: 0
21  15.311    0.110406    1.78041   9.56062 	Dead: 0
22  15.0785   0.116555    1.87957   9.56062 	Dead: 0
23  14.8909   0.116427    1.8775    9.56062 	Dead: 0
24  14.5736   0.120377    1.9412    9.56062 	Dead: 0
25  14.2501   0.118775    1.91536   9.4632  	Dead: 0
26  14.0275   0.123274    1.98792   7.87973 	Dead: 0
27  13.6512   0.117856    1.90055   7.87973 	Dead: 0
28  13.2946   0.122099    1.96896   7.87973 	Dead: 0
29  13.0382   0.121511    1.95948   7.87973 	Dead: 0
30  12.7685   0.118817    1.91604   7.73235 	Dead: 0
31  12.5051   0.12257     1.97657   7.73235 	Dead: 0
32  12.2341   0.125653    2.02628   7.45394 	Dead: 0
33  11.9589   0.125676    2.02665   7.45394 	Dead: 0
34  11.6237   0.12278     1.97996   7.05071 	Dead: 0
35  11.3842   0.121705    1.96262   7.00783 	Dead: 0
36  11.162    0.125281    2.02028   7.00783 	Dead: 0
37  10.874    0.125854    2.02952   6.0894  	Dead: 0
38  10.7302   0.131564    2.1216    6.0894  	Dead: 0
39  10.4096   0.123151    1.98594   6.0894  	Dead: 0
40  10.2824   0.127919    2.06282   6.0894  	Dead: 0
41  10.0836   0.126049    2.03267   6.0894  	Dead: 0
42  9.85119   0.121828    1.96459   6.0894  	Dead: 0
43  9.87226   0.136904    2.20771   5.736   	Dead: 0
44  9.80235   0.1421      2.29151   5.736   	Dead: 0
45  9.551     0.128845    2.07776   5.736   	Dead: 0
46  9.41314   0.135289    2.18167   4.79412 	Dead: 0
47  9.32784   0.135006    2.1771    4.79412 	Dead: 0
48  9.06241   0.125849    2.02944   4.79412 	Dead: 0
49  8.89631   0.132284    2.13321   4.79412 	Dead: 0
50  8.85223   0.131528    2.12101   4.79412 	Dead: 0
51  8.56183   0.120581    1.94449   4.65139 	Dead: 0
52  8.22634   0.111968    1.8056    4.65139 	Dead: 0
53  8.11361   0.113377    1.82832   4.63619 	Dead: 0
54  8.01921   0.115586    1.86394   4.37968 	Dead: 0
55  7.80794   0.11527     1.85885   4.15317 	Dead: 0
56  7.63486   0.110249    1.77788   4.15317 	Dead: 0
57  7.54644   0.114336    1.84378   4.15317 	Dead: 0
58  7.35666   0.106133    1.71149   4.15317 	Dead: 0
59  7.29096   0.105918    1.70803   4.15317 	Dead: 0
60  7.21186   0.109733    1.76955   4.15317 	Dead: 0
61  7.14835   0.11228     1.81062   4.15317 	Dead: 0
62  6.98536   0.104465    1.6846    4.15317 	Dead: 0
63  6.92249   0.108596    1.75121   4.15317 	Dead: 0
64  6.88193   0.10791     1.74015   4.15317 	Dead: 0
65  6.69237   0.100113    1.61442   4.15317 	Dead: 0
66  6.65569   0.100517    1.62094   4.15317 	Dead: 0
67  6.52348   0.0979085   1.57887   4.15317 	Dead: 0
68  6.44221   0.0957722   1.54442   3.85248 	Dead: 0
69  6.4039    0.0971658   1.5669    3.85248 	Dead: 0
70  6.34447   0.094162    1.51846   3.85248 	Dead: 0
71  6.37585   0.0981715   1.58311   3.85248 	Dead: 0
72  6.3389    0.0974718   1.57183   3.75412 	Dead: 0
73  6.26551   0.0972689   1.56856   3.75412 	Dead: 0
74  6.26984   0.101147    1.6311    3.75412 	Dead: 0
75  6.16821   0.094943    1.53105   3.75412 	Dead: 0
76  6.19507   0.0947507   1.52795   3.75412 	Dead: 0
77  6.22245   0.101274    1.63314   3.75412 	Dead: 0
78  6.1338    0.0970587   1.56517   3.75412 	Dead: 0
79  6.12493   0.0974211   1.57101   3.75412 	Dead: 0
80  6.04594   0.0948467   1.5295    3.50708 	Dead: 0
81  6.01812   0.0936068   1.5095    3.50708 	Dead: 0
82  6.05686   0.0972953   1.56898   3.50708 	Dead: 0
83  6.03124   0.0984586   1.58774   3.50708 	Dead: 0
84  5.95001   0.0933145   1.50479   3.50708 	Dead: 0
85  5.93082   0.0953072   1.53692   3.50708 	Dead: 0
86  5.95667   0.0959545   1.54736   3.50708 	Dead: 0
87  5.96238   0.0973344   1.56961   3.50708 	Dead: 0
88  5.93787   0.0957367   1.54385   3.50708 	Dead: 0
89  5.90547   0.0953791   1.53808   3.50708 	Dead: 0
90  5.90932   0.0955954   1.54157   3.50708 	Dead: 0
91  5.9071    0.0947383   1.52775   3.50708 	Dead: 0
92  5.83344   0.0929626   1.49911   3.50708 	Dead: 0
93  5.87798   0.0936491   1.51019   3.50708 	Dead: 0
94  5.87847   0.0944567   1.52321   3.50708 	Dead: 0
95  5.87503   0.0950169   1.53224   3.50708 	Dead: 0
96  5.83362   0.0902796   1.45585   3.50708 	Dead: 0
97  5.82335   0.0930016   1.49974   3.50708 	Dead: 0
98  5.79533   0.0913449   1.47303   3.50708 	Dead: 0
99  5.84415   0.0983636   1.58621   3.50708 	Dead: 0
100 5.79634   0.0915138   1.47575   3.50708 	Dead: 0
