0   30.044    0.137412    2.2159    23.0918 	Dead: 0
1   28.3362   0.129928    2.09522   22.9962 	Dead: 0
2   26.957    0.119035    1.91955   22.1118 	Dead: 0
3   25.754    0.114658    1.84897   20.5681 	Dead: 0
4   24.7876   0.106248    1.71335   18.9842 	Dead: 0
5   23.9817   0.100198    1.6158    18.9842 	Dead: 0
6   23.357    0.092267    1.4879    18.9842 	Dead: 0
7   22.9068   0.0950703   1.5331    18.1591 	Dead: 0
8   22.5128   0.0974773   1.57192   18.1591 	Dead: 0
9   22.1446   0.0960028   1.54814   18.0838 	Dead: 0
10  21.6749   0.0883609   1.42491   17.7298 	Dead: 0
11  21.4269   0.0948025   1.52879   17.5959 	Dead: 0
12  21.1473   0.0988452   1.59398   16.6539 	Dead: 0
13  20.9022   0.0988577   1.59418   16.6539 	Dead: 0
14  20.6649   0.100481    1.62036   16.4271 	Dead: 0
15  20.3438   0.0952975   1.53677   16.4271 	Dead: 0
16  20.1431   0.101865    1.64268   15.7509 	Dead: 0
17  19.8966   0.101875    1.64284   15.7509 	Dead: 0
18  19.6073   0.102527    1.65336   15.7509 	Dead: 0
19  19.273    0.0962505   1.55213   15.7509 	Dead: 0
20  18.9432   0.100969    1.62822   14.3198 	Dead: 0
21  18.7241   0.104834    1.69056   14.3198 	Dead: 0
22  18.4322   0.104726    1.68882   12.9438 	Dead: 0
23  18.1848   0.105847    1.70689   12.9438 	Dead: 0
24  17.9917   0.111144    1.7923    12.54   	Dead: 0
25  17.6225   0.111809    1.80303   12.5331 	Dead: 0
26  17.1685   0.10891     1.75628   12.5331 	Dead: 0
27  16.7463   0.107673    1.73634   12.5331 	Dead: 0
28  16.3133   0.103659    1.6716    12.2899 	Dead: 0
29  15.8769   0.106745    1.72137   11.1467 	Dead: 0
30  15.4658   0.103689    1.67208   11.1467 	Dead: 0
31  15.0883   0.0996177   1.60644   11.1316 	Dead: 0
32  14.9114   0.103306    1.66591   10.7277 	Dead: 0
33  14.6589   0.100896    1.62705   10.4624 	Dead: 0
34  14.4612   0.106118    1.71126   10.3513 	Dead: 0
35  14.247    0.109061    1.75871   10.3513 	Dead: 0
36  13.886    0.100034    1.61314   8.92006 	Dead: 0
37  13.5868   0.100923    1.62749   8.50848 	Dead: 0
38  13.3296   0.105361    1.69904   8.50848 	Dead: 0
39  13.0157   0.105455    1.70057   8.50848 	Dead: 0
40  12.6646   0.101997    1.64481   8.50848 	Dead: 0
41  12.3284   0.0999213   1.61133   8.50848 	Dead: 0
42  12.0413   0.0988958   1.59479   8.27616 	Dead: 0
43  11.8034   0.103046    1.66172   7.46478 	Dead: 0
44  11.6076   0.10289     1.65921   7.46478 	Dead: 0
45  11.395    0.103346    1.66655   7.46478 	Dead: 0
46  11.1819   0.102486    1.65269   7.46478 	Dead: 0
47  11.0485   0.104354    1.68281   7.22179 	Dead: 0
48  10.8884   0.104577    1.68641   7.22179 	Dead: 0
49  10.6372   0.10039     1.6189    7.22179 	Dead: 0
50  10.3978   0.0983622   1.58619   7.22179 	Dead: 0
51  10.3058   0.0997735   1.60895   6.79171 	Dead: 0
52  10.126    0.0992828   1.60104   6.79171 	Dead: 0
53  9.97595   0.10223     1.64857   6.14656 	Dead: 0
54  9.80928   0.099455    1.60381   6.14656 	Dead: 0
55  9.742     0.10431     1.68211   6.14656 	Dead: 0
56  9.49975   0.0952122   1.53539   5.66325 	Dead: 0
57  9.38436   0.100228    1.61628   5.66325 	Dead: 0
58  9.26162   0.102209    1.64822   5.66325 	Dead: 0
59  9.05186   0.0926757   1.49449   5.66325 	Dead: 0
60  8.95835   0.0940744   1.51704   5.66325 	Dead: 0
61  8.86923   0.0969412   1.56327   5.66325 	Dead: 0
62  8.74625   0.0960552   1.54899   5.08686 	Dead: 0
63  8.63368   0.0976317   1.57441   5.08686 	Dead: 0
64  8.48937   0.0953888   1.53824   5.08686 	Dead: 0
65  8.37704   0.0951296   1.53406   5.08686 	Dead: 0
66  8.31686   0.0963403   1.55358   5.08686 	Dead: 0
67  8.14887   0.096202    1.55135   5.08686 	Dead: 0
68  8.0451    0.0937611   1.51199   5.08686 	Dead: 0
69  7.99673   0.0959857   1.54787   5.08686 	Dead: 0
70  7.85692   0.0909546   1.46673   4.83548 	Dead: 0
71  7.80375   0.0952792   1.53647   4.83548 	Dead: 0
72  7.79287   0.100006    1.6127    4.83548 	Dead: 0
73  7.75489   0.100838    1.62612   4.77866 	Dead: 0
74  7.70952   0.104104    1.67878   4.77866 	Dead: 0
75  7.61708   0.0981511   1.58278   4.77866 	Dead: 0
76  7.56654   0.0929539   1.49897   4.45509 	Dead: 0
77  7.53463   0.0957755   1.54448   4.45509 	Dead: 0
78  7.44289   0.0950984   1.53356   4.45509 	Dead: 0
79  7.37904   0.091162    1.47008   4.45509 	Dead: 0
80  7.33622   0.0962809   1.55263   4.45509 	Dead: 0
81  7.27549   0.0987482   1.59241   4.45509 	Dead: 0
82  7.15953   0.0924537   1.49091   4.45509 	Dead: 0
83  7.08821   0.0892068   1.43855   4.45509 	Dead: 0
84  7.12592   0.0930674   1.5008    4.45509 	Dead: 0
85  7.03793   0.0917197   1.47907   4.45509 	Dead: 0
86  6.99755   0.0871703   1.40571   4.42134 	Dead: 0
87  7.02489   0.0944169   1.52257   4.42134 	Dead: 0
88  6.89112   0.0871305   1.40507   4.42134 	Dead: 0
89  6.84052   0.0899574   1.45065   4.42134 	Dead: 0
90  6.81195   0.0922305   1.48731   4.42134 	Dead: 0
91  6.79117   0.0908768   1.46548   4.42134 	Dead: 0
92  6.64158   0.0846567   1.36517   4.42134 	Dead: 0
93  6.69061   0.0922694   1.48794   4.30601 	Dead: 0
94  6.61289   0.0899939   1.45124   4.29401 	Dead: 0
95  6.56822   0.0904661   1.45886   4.29401 	Dead: 0
96  6.58589   0.0911458   1.46982   4.29401 	Dead: 0
97  6.55156   0.0932573   1.50387   3.80753 	Dead: 0
98  6.48434   0.0893463   1.4408    3.80753 	Dead: 0
99  6.47967   0.0897153   1.44675   3.80753 	Dead: 0
100 6.41039   0.0881444   1.42142   3.78465 	Dead: 0
