0   25.2529   0.130097    2.09794   19.4087 	Dead: 0
1   23.527    0.111438    1.79705   19.0577 	Dead: 0
2   22.4364   0.101365    1.63461   17.5054 	Dead: 0
3   21.6751   0.0952822   1.53652   16.2791 	Dead: 0
4   21.1065   0.0913931   1.47381   16.2791 	Dead: 0
5   20.5814   0.0959673   1.54757   16.1531 	Dead: 0
6   20.1695   0.0890024   1.43525   16.1531 	Dead: 0
7   19.8425   0.0970193   1.56453   15.8949 	Dead: 0
8   19.4088   0.0947937   1.52864   15.5547 	Dead: 0
9   19.0522   0.0968451   1.56172   15.4942 	Dead: 0
10  18.5778   0.0963186   1.55323   13.7109 	Dead: 0
11  18.1608   0.100537    1.62126   13.7109 	Dead: 0
12  17.7717   0.100351    1.61826   13.7109 	Dead: 0
13  17.4345   0.100256    1.61673   13.5144 	Dead: 0
14  17.1102   0.100503    1.62071   11.7045 	Dead: 0
15  16.7293   0.0975823   1.57361   11.7045 	Dead: 0
16  16.3841   0.103151    1.66341   11.5119 	Dead: 0
17  16.0731   0.103698    1.67223   11.5119 	Dead: 0
18  15.7753   0.103597    1.67061   10.6928 	Dead: 0
19  15.4283   0.108273    1.74601   9.61933 	Dead: 0
20  14.9899   0.104956    1.69252   9.61933 	Dead: 0
21  14.6279   0.109513    1.766     9.61933 	Dead: 0
22  14.2769   0.108923    1.7565    8.72048 	Dead: 0
23  13.7935   0.106874    1.72344   8.72048 	Dead: 0
24  13.4144   0.105522    1.70164   8.72048 	Dead: 0
25  13.1253   0.109648    1.76818   8.72048 	Dead: 0
26  12.7167   0.1075      1.73355   7.84618 	Dead: 0
27  12.3322   0.105767    1.7056    7.84618 	Dead: 0
28  12.0124   0.110981    1.78969   7.84618 	Dead: 0
29  11.7034   0.112418    1.81285   7.84618 	Dead: 0
30  11.5028   0.115042    1.85516   6.20705 	Dead: 0
31  11.2294   0.108332    1.74697   6.20705 	Dead: 0
32  10.9098   0.103775    1.67347   6.20705 	Dead: 0
33  10.755    0.115033    1.85503   6.20705 	Dead: 0
34  10.6009   0.11777     1.89915   6.20533 	Dead: 0
35  10.3766   0.110925    1.78877   6.20533 	Dead: 0
36  10.1506   0.10983     1.77112   6.20533 	Dead: 0
37  10.0048   0.110995    1.78991   6.20533 	Dead: 0
38  9.81201   0.106672    1.72019   6.05876 	Dead: 0
39  9.66405   0.112295    1.81087   5.76281 	Dead: 0
40  9.54206   0.113186    1.82524   5.64187 	Dead: 0
41  9.36683   0.111949    1.80529   5.64187 	Dead: 0
42  9.27477   0.119009    1.91914   5.64187 	Dead: 0
43  9.14395   0.119381    1.92513   5.22104 	Dead: 0
44  9.07683   0.117551    1.89562   5.15775 	Dead: 0
45  8.87119   0.111333    1.79536   5.06423 	Dead: 0
46  8.78295   0.115769    1.86689   4.91423 	Dead: 0
47  8.641     0.113075    1.82344   4.91423 	Dead: 0
48  8.51031   0.111606    1.79976   4.91423 	Dead: 0
49  8.49443   0.114437    1.84541   4.91423 	Dead: 0
50  8.36644   0.110339    1.77933   4.91423 	Dead: 0
51  8.08737   0.106302    1.71423   4.46479 	Dead: 0
52  7.80892   0.100137    1.61481   4.46479 	Dead: 0
53  7.63985   0.097774    1.5767    4.41996 	Dead: 0
54  7.56768   0.100205    1.61591   4.41996 	Dead: 0
55  7.41195   0.0976288   1.57436   4.14316 	Dead: 0
56  7.28758   0.096844    1.56171   3.81517 	Dead: 0
57  7.17228   0.0966625   1.55878   3.81517 	Dead: 0
58  6.99314   0.0916419   1.47782   3.81517 	Dead: 0
59  6.89854   0.093408    1.5063    3.81517 	Dead: 0
60  6.77161   0.0906057   1.46111   3.81517 	Dead: 0
61  6.72185   0.0924533   1.4909    3.81517 	Dead: 0
62  6.6255    0.0906664   1.46209   3.81517 	Dead: 0
63  6.56521   0.0921412   1.48587   3.81517 	Dead: 0
64  6.45452   0.0882555   1.42321   3.73491 	Dead: 0
65  6.41128   0.0926276   1.49371   3.45647 	Dead: 0
66  6.36243   0.0927745   1.49608   3.45647 	Dead: 0
67  6.26886   0.0891532   1.43768   3.45647 	Dead: 0
68  6.22318   0.0859206   1.38556   3.45647 	Dead: 0
69  6.21607   0.0889185   1.4339    3.45647 	Dead: 0
70  6.16668   0.0892524   1.43928   3.45647 	Dead: 0
71  6.17729   0.0920215   1.48394   3.45647 	Dead: 0
72  6.14026   0.0932871   1.50435   3.45647 	Dead: 0
73  6.09178   0.0929871   1.49951   3.45647 	Dead: 0
74  6.038     0.087468    1.41051   3.45647 	Dead: 0
75  5.9973    0.088299    1.42391   3.45647 	Dead: 0
76  6.03839   0.0885686   1.42826   3.45647 	Dead: 0
77  5.97355   0.0871375   1.40518   3.45647 	Dead: 0
78  5.928     0.0872252   1.40659   3.45647 	Dead: 0
79  5.88199   0.0834644   1.34595   3.45647 	Dead: 0
80  5.85993   0.0857571   1.38292   3.45647 	Dead: 0
81  5.89309   0.0892438   1.43915   3.45647 	Dead: 0
82  5.85152   0.0883144   1.42416   3.45647 	Dead: 0
83  5.81974   0.0877096   1.4144    3.45647 	Dead: 0
84  5.74974   0.0864494   1.39408   3.45647 	Dead: 0
85  5.73601   0.08482     1.36781   3.45647 	Dead: 0
86  5.77537   0.0887652   1.43143   3.45647 	Dead: 0
87  5.7453    0.0866741   1.39771   3.45647 	Dead: 0
88  5.70632   0.0860041   1.3869    3.45647 	Dead: 0
89  5.68321   0.0871882   1.406     3.45647 	Dead: 0
90  5.68286   0.0849751   1.37031   3.45647 	Dead: 0
91  5.713     0.087811    1.41604   3.45647 	Dead: 0
92  5.66971   0.0844323   1.36156   3.45647 	Dead: 0
93  5.71734   0.0908246   1.46464   3.45647 	Dead: 0
94  5.60754   0.0843259   1.35984   3.45647 	Dead: 0
95  5.64802   0.0887825   1.43171   3.45647 	Dead: 0
96  5.65278   0.0868006   1.39975   3.45647 	Dead: 0
97  5.60147   0.0849827   1.37043   3.45647 	Dead: 0
98  5.56308   0.0826796   1.33329   3.44674 	Dead: 0
99  5.54439   0.0842379   1.35842   3.44674 	Dead: 0
100 5.55058   0.0825363   1.33098   3.44674 	Dead: 0
