0   25.3721   0.134684    2.17192   19.3234 	Dead: 0
1   23.7536   0.112009    1.80626   18.7859 	Dead: 0
2   22.6988   0.099042    1.59715   18.7589 	Dead: 0
3   21.9461   0.0954274   1.53886   17.5141 	Dead: 0
4   21.3947   0.0933921   1.50604   16.943  	Dead: 0
5   20.8797   0.0895857   1.44466   16.7192 	Dead: 0
6   20.4638   0.0935765   1.50901   16.4377 	Dead: 0
7   20.0353   0.0917666   1.47983   16.4377 	Dead: 0
8   19.6332   0.0942933   1.52057   15.0144 	Dead: 0
9   19.3058   0.0984404   1.58745   15.0144 	Dead: 0
10  18.846    0.0964885   1.55597   14.3546 	Dead: 0
11  18.5509   0.103976    1.67672   14.3546 	Dead: 0
12  18.1884   0.102082    1.64617   13.0788 	Dead: 0
13  17.8576   0.102373    1.65087   13.0788 	Dead: 0
14  17.469    0.104026    1.67753   13.0788 	Dead: 0
15  17.1396   0.110156    1.77638   12.8632 	Dead: 0
16  16.7641   0.111895    1.80442   11.9379 	Dead: 0
17  16.3031   0.109225    1.76136   11.7537 	Dead: 0
18  15.9904   0.113563    1.83132   11.4717 	Dead: 0
19  15.5363   0.117859    1.9006    10.1326 	Dead: 0
20  15.0685   0.106537    1.71802   10.1326 	Dead: 0
21  14.7269   0.11027     1.77821   10.1326 	Dead: 0
22  14.3992   0.108305    1.74652   9.43142 	Dead: 0
23  14.2728   0.120766    1.94747   9.43142 	Dead: 0
24  13.9619   0.116655    1.88117   9.43142 	Dead: 0
25  13.7264   0.119486    1.92682   8.29532 	Dead: 0
26  13.5605   0.124734    2.01146   8.29532 	Dead: 0
27  13.2476   0.119903    1.93356   8.18884 	Dead: 0
28  13.0111   0.120465    1.94262   8.18884 	Dead: 0
29  12.734    0.124578    2.00894   7.2134  	Dead: 0
30  12.5582   0.130187    2.09939   7.2134  	Dead: 0
31  12.2195   0.123028    1.98395   7.2134  	Dead: 0
32  11.9709   0.125734    2.02759   7.08629 	Dead: 0
33  11.7433   0.1272      2.05123   6.7347  	Dead: 0
34  11.4582   0.120006    1.93522   6.21449 	Dead: 0
35  11.3324   0.124693    2.0108    6.21449 	Dead: 0
36  11.0901   0.12271     1.97882   6.21449 	Dead: 0
37  10.916    0.121738    1.96314   6.21449 	Dead: 0
38  10.7958   0.125428    2.02265   6.21449 	Dead: 0
39  10.6821   0.128755    2.0763    6.21449 	Dead: 0
40  10.532    0.124788    2.01233   6.21449 	Dead: 0
41  10.4373   0.128905    2.07872   6.21449 	Dead: 0
42  10.2775   0.12999     2.09622   5.36645 	Dead: 0
43  10.1036   0.125163    2.01838   5.36645 	Dead: 0
44  10.1243   0.135113    2.17883   5.36645 	Dead: 0
45  9.99265   0.129257    2.0844    5.36645 	Dead: 0
46  9.82633   0.131754    2.12466   5.36645 	Dead: 0
47  9.77894   0.13342     2.15153   5.36645 	Dead: 0
48  9.75189   0.137874    2.22335   5.36645 	Dead: 0
49  9.61722   0.136189    2.19618   5.36645 	Dead: 0
50  9.54379   0.134909    2.17555   5.3552  	Dead: 0
51  9.42805   0.135092    2.1785    5.3552  	Dead: 0
52  9.34853   0.134416    2.16759   5.3552  	Dead: 0
53  9.2839    0.134372    2.16689   5.03674 	Dead: 0
54  9.14407   0.134802    2.17382   4.88631 	Dead: 0
55  9.01397   0.133172    2.14753   4.88631 	Dead: 0
56  8.82015   0.129983    2.0961    4.88631 	Dead: 0
57  8.55683   0.126816    2.04504   4.88631 	Dead: 0
58  8.32187   0.125589    2.02525   4.88631 	Dead: 0
59  8.22352   0.12443     2.00655   4.85861 	Dead: 0
60  7.96966   0.11952     1.92738   4.85861 	Dead: 0
61  7.87921   0.122574    1.97662   4.85861 	Dead: 0
62  7.58955   0.116752    1.88274   4.05729 	Dead: 0
63  7.46738   0.116285    1.87521   4.05729 	Dead: 0
64  7.31385   0.118853    1.91662   4.05729 	Dead: 0
65  7.21341   0.117635    1.89698   4.05729 	Dead: 0
66  6.91264   0.106128    1.71141   3.6751  	Dead: 0
67  6.83983   0.107576    1.73477   3.6751  	Dead: 0
68  6.78621   0.111704    1.80134   3.6751  	Dead: 0
69  6.70824   0.105634    1.70346   3.6751  	Dead: 0
70  6.57918   0.106533    1.71795   3.6751  	Dead: 0
71  6.50976   0.110708    1.78528   3.6751  	Dead: 0
72  6.38364   0.104296    1.68188   3.6751  	Dead: 0
73  6.34369   0.105611    1.70309   3.6751  	Dead: 0
74  6.22125   0.0968335   1.56154   3.6751  	Dead: 0
75  6.22573   0.09997     1.61212   3.6751  	Dead: 0
76  6.19548   0.107312    1.73052   3.6751  	Dead: 0
77  6.15039   0.102038    1.64546   3.6751  	Dead: 0
78  6.06381   0.0991962   1.59964   3.6751  	Dead: 0
79  6.01791   0.0965931   1.55766   3.6751  	Dead: 0
80  5.99518   0.0995148   1.60478   3.6751  	Dead: 0
81  5.97064   0.100696    1.62383   3.6751  	Dead: 0
82  5.92911   0.0985836   1.58976   3.6751  	Dead: 0
83  5.89466   0.1013      1.63357   3.6751  	Dead: 0
84  5.87096   0.101533    1.63731   3.6751  	Dead: 0
85  5.79169   0.0932893   1.50438   3.6751  	Dead: 0
86  5.77825   0.0951586   1.53453   3.6751  	Dead: 0
87  5.82458   0.100063    1.61361   3.6751  	Dead: 0
88  5.77863   0.0993665   1.60238   3.6751  	Dead: 0
89  5.78832   0.101826    1.64205   3.6751  	Dead: 0
90  5.78726   0.100771    1.62503   3.6751  	Dead: 0
91  5.74963   0.0983163   1.58545   3.6751  	Dead: 0
92  5.7514    0.0993756   1.60253   3.6751  	Dead: 0
93  5.703     0.0958765   1.5461    3.6751  	Dead: 0
94  5.66801   0.0964873   1.55595   3.38336 	Dead: 0
95  5.64306   0.089832    1.44863   3.38336 	Dead: 0
96  5.70585   0.100788    1.62531   3.38336 	Dead: 0
97  5.70122   0.101621    1.63874   3.38336 	Dead: 0
98  5.69567   0.0993444   1.60203   3.38336 	Dead: 0
99  5.66754   0.0976556   1.57479   3.38336 	Dead: 0
100 5.65035   0.0992018   1.59973   3.38336 	Dead: 0
