0   25.5375   0.132702    2.13995   19.0842 	Dead: 0
1   23.7628   0.114168    1.84107   18.0059 	Dead: 0
2   22.7813   0.104684    1.68813   17.6663 	Dead: 0
3   21.9877   0.0961411   1.55037   17.0479 	Dead: 0
4   21.4772   0.0990498   1.59728   17.0479 	Dead: 0
5   20.974    0.0976922   1.57538   16.2781 	Dead: 0
6   20.6032   0.0947509   1.52795   16.2781 	Dead: 0
7   20.2182   0.0943518   1.52152   16.2781 	Dead: 0
8   19.9085   0.0986119   1.59022   15.5338 	Dead: 0
9   19.6287   0.102674    1.65572   15.5338 	Dead: 0
10  19.1921   0.0980177   1.58063   14.388  	Dead: 0
11  18.868    0.0999716   1.61214   14.388  	Dead: 0
12  18.5671   0.103094    1.66249   14.388  	Dead: 0
13  18.2384   0.104231    1.68083   12.9851 	Dead: 0
14  17.9028   0.106263    1.7136    11.8111 	Dead: 0
15  17.5397   0.108898    1.75609   11.3472 	Dead: 0
16  17.1371   0.107075    1.72669   11.3472 	Dead: 0
17  16.6066   0.103015    1.66122   11.3472 	Dead: 0
18  16.2394   0.104876    1.69123   11.3472 	Dead: 0
19  15.8846   0.10958     1.76708   10.5725 	Dead: 0
20  15.5305   0.109887    1.77204   10.5725 	Dead: 0
21  15.3649   0.116379    1.87673   10.5725 	Dead: 0
22  15.1045   0.112758    1.81834   10.0566 	Dead: 0
23  14.8959   0.116799    1.8835    9.93391 	Dead: 0
24  14.5975   0.112934    1.82118   9.93391 	Dead: 0
25  14.4545   0.115253    1.85858   9.93391 	Dead: 0
26  14.3572   0.118998    1.91896   9.93391 	Dead: 0
27  14.1575   0.119132    1.92113   9.93391 	Dead: 0
28  14.0452   0.125122    2.01771   9.93391 	Dead: 0
29  13.8781   0.120717    1.94669   9.93391 	Dead: 0
30  13.6761   0.121462    1.95869   9.59624 	Dead: 0
31  13.5604   0.117569    1.89592   9.59624 	Dead: 0
32  13.3664   0.117349    1.89237   9.3023  	Dead: 0
33  13.3548   0.122251    1.97142   9.3023  	Dead: 0
34  13.1482   0.121888    1.96556   8.81665 	Dead: 0
35  12.9908   0.121671    1.96207   8.76753 	Dead: 0
36  12.8787   0.12735     2.05365   8.61986 	Dead: 0
37  12.7414   0.123522    1.99191   8.61986 	Dead: 0
38  12.4579   0.114956    1.85377   8.61986 	Dead: 0
39  12.2403   0.11493     1.85336   7.59742 	Dead: 0
40  12.165    0.120521    1.94352   7.59742 	Dead: 0
41  11.9573   0.118827    1.91621   7.59742 	Dead: 0
42  11.731    0.119165    1.92165   6.87532 	Dead: 0
43  11.5098   0.115021    1.85483   6.87532 	Dead: 0
44  11.4358   0.121697    1.96249   6.87532 	Dead: 0
45  11.1218   0.116626    1.8807    6.87532 	Dead: 0
46  11.0098   0.11792     1.90158   6.87532 	Dead: 0
47  10.8549   0.119801    1.93192   6.62147 	Dead: 0
48  10.7243   0.118272    1.90726   6.62147 	Dead: 0
49  10.5489   0.116743    1.8826    6.30658 	Dead: 0
50  10.4364   0.117382    1.8929    6.26243 	Dead: 0
51  10.1783   0.11647     1.8782    6.26243 	Dead: 0
52  10.0192   0.114686    1.84943   6.26243 	Dead: 0
53  9.75375   0.107944    1.7407    6.26243 	Dead: 0
54  9.57301   0.113432    1.8292    5.42852 	Dead: 0
55  9.21463   0.104255    1.68122   5.42852 	Dead: 0
56  9.09035   0.112432    1.81308   5.42852 	Dead: 0
57  8.95723   0.11172     1.8016    5.2477  	Dead: 0
58  8.76504   0.11392     1.83708   5.2477  	Dead: 0
59  8.61479   0.109323    1.76295   5.2477  	Dead: 0
60  8.43645   0.107352    1.73116   4.86344 	Dead: 0
61  8.25833   0.109367    1.76366   4.86344 	Dead: 0
62  8.10521   0.107464    1.73297   4.54786 	Dead: 0
63  8.09249   0.112854    1.81989   4.54786 	Dead: 0
64  7.97194   0.108782    1.75422   4.54786 	Dead: 0
65  7.87139   0.112929    1.8211    4.54786 	Dead: 0
66  7.69293   0.107676    1.73639   4.54786 	Dead: 0
67  7.59759   0.112266    1.81041   4.54786 	Dead: 0
68  7.4459    0.103656    1.67155   3.87909 	Dead: 0
69  7.365     0.104647    1.68753   3.87909 	Dead: 0
70  7.25915   0.102594    1.65443   3.87909 	Dead: 0
71  7.1709    0.102268    1.64918   3.87909 	Dead: 0
72  7.14103   0.10678     1.72194   3.87909 	Dead: 0
73  7.11033   0.111792    1.80275   3.87909 	Dead: 0
74  7.00259   0.102006    1.64495   3.87909 	Dead: 0
75  6.91483   0.0998031   1.60942   3.87909 	Dead: 0
76  6.88683   0.103275    1.66541   3.87909 	Dead: 0
77  6.79138   0.0968298   1.56148   3.87909 	Dead: 0
78  6.78856   0.0995906   1.606     3.86027 	Dead: 0
79  6.7778    0.100547    1.62142   3.86027 	Dead: 0
80  6.7       0.101084    1.63008   3.86027 	Dead: 0
81  6.72846   0.101825    1.64203   3.86027 	Dead: 0
82  6.62754   0.0984369   1.58739   3.86027 	Dead: 0
83  6.64557   0.104512    1.68536   3.86027 	Dead: 0
84  6.58294   0.0992445   1.60042   3.86027 	Dead: 0
85  6.62205   0.108524    1.75005   3.86027 	Dead: 0
86  6.54652   0.103072    1.66214   3.86027 	Dead: 0
87  6.52089   0.102938    1.65998   3.86027 	Dead: 0
88  6.48387   0.104589    1.68661   3.86027 	Dead: 0
89  6.37575   0.0958634   1.54589   3.50043 	Dead: 0
90  6.34648   0.0994706   1.60406   3.50043 	Dead: 0
91  6.27579   0.0982855   1.58495   3.50043 	Dead: 0
92  6.23505   0.100187    1.61561   3.50043 	Dead: 0
93  6.22416   0.101302    1.63359   3.50043 	Dead: 0
94  6.29691   0.105166    1.6959    3.50043 	Dead: 0
95  6.24192   0.097409    1.57082   3.50043 	Dead: 0
96  6.14606   0.0932057   1.50304   3.50043 	Dead: 0
97  6.15009   0.0957337   1.5438    3.50043 	Dead: 0
98  6.19886   0.102754    1.65702   3.50043 	Dead: 0
99  6.17595   0.104021    1.67744   3.50043 	Dead: 0
100 6.1144    0.100041    1.61326   3.50043 	Dead: 0
