0   29.9935   0.142335    2.2953    23.8644 	Dead: 0
1   28.4393   0.132241    2.13251   23.3612 	Dead: 0
2   27.0655   0.123747    1.99555   20.2845 	Dead: 0
3   25.8091   0.1106      1.78353   20.2845 	Dead: 0
4   24.8216   0.107273    1.72988   19.6951 	Dead: 0
5   24.1052   0.0996395   1.60679   18.5371 	Dead: 0
6   23.4589   0.0999359   1.61157   18.5371 	Dead: 0
7   22.8815   0.09453     1.52439   18.5371 	Dead: 0
8   22.4466   0.0950637   1.533     18.4412 	Dead: 0
9   22.0522   0.0949433   1.53106   16.868  	Dead: 0
10  21.6136   0.09269     1.49472   16.868  	Dead: 0
11  21.2314   0.0970556   1.56512   16.868  	Dead: 0
12  20.8509   0.0992269   1.60013   16.4547 	Dead: 0
13  20.4352   0.100231    1.61633   15.9267 	Dead: 0
14  20.0013   0.0972669   1.56853   15.9267 	Dead: 0
15  19.5812   0.0966887   1.5592    15.3067 	Dead: 0
16  19.1898   0.100534    1.62122   13.5739 	Dead: 0
17  18.8477   0.105368    1.69916   13.5739 	Dead: 0
18  18.4592   0.10511     1.695     13.5739 	Dead: 0
19  17.9525   0.0996963   1.6077    13.5739 	Dead: 0
20  17.5549   0.0935368   1.50838   13.5739 	Dead: 0
21  17.2722   0.0969358   1.56319   13.5739 	Dead: 0
22  16.9801   0.0949057   1.53045   12.2886 	Dead: 0
23  16.7893   0.102474    1.65249   12.2886 	Dead: 0
24  16.4832   0.0980463   1.58109   12.2886 	Dead: 0
25  16.2548   0.0973541   1.56993   12.2886 	Dead: 0
26  16.0916   0.102933    1.6599    11.7314 	Dead: 0
27  15.7935   0.096779    1.56066   11.7314 	Dead: 0
28  15.541    0.0950994   1.53357   11.7314 	Dead: 0
29  15.4053   0.102072    1.64601   11.5394 	Dead: 0
30  15.2096   0.10487     1.69114   11.2178 	Dead: 0
31  14.9585   0.105095    1.69476   10.958  	Dead: 0
32  14.8094   0.111054    1.79085   10.958  	Dead: 0
33  14.5785   0.10821     1.74499   10.958  	Dead: 0
34  14.3354   0.109291    1.76242   9.46285 	Dead: 0
35  14.0947   0.112818    1.8193    9.46285 	Dead: 0
36  13.7684   0.113849    1.83592   8.97927 	Dead: 0
37  13.4593   0.112687    1.81719   8.67861 	Dead: 0
38  13.1251   0.108499    1.74965   8.67861 	Dead: 0
39  12.8149   0.105106    1.69493   8.67861 	Dead: 0
40  12.5193   0.103726    1.67268   8.67861 	Dead: 0
41  12.2564   0.105663    1.70392   8.67861 	Dead: 0
42  12.0583   0.109558    1.76674   7.86973 	Dead: 0
43  11.7968   0.105743    1.70521   7.86973 	Dead: 0
44  11.4976   0.102313    1.64989   7.39536 	Dead: 0
45  11.1909   0.0998367   1.60997   7.39536 	Dead: 0
46  11.014    0.107277    1.72995   6.83321 	Dead: 0
47  10.663    0.0990893   1.59791   6.83321 	Dead: 0
48  10.3978   0.0992447   1.60042   6.09644 	Dead: 0
49  10.2158   0.100525    1.62107   6.03487 	Dead: 0
50  10.0293   0.101464    1.63621   6.03487 	Dead: 0
51  9.81755   0.1077      1.73677   6.03487 	Dead: 0
52  9.53854   0.101217    1.63223   6.03487 	Dead: 0
53  9.30645   0.0995801   1.60583   6.03487 	Dead: 0
54  9.15482   0.0981292   1.58243   5.63869 	Dead: 0
55  9.02902   0.100808    1.62563   5.63869 	Dead: 0
56  8.88051   0.0988314   1.59376   5.63869 	Dead: 0
57  8.74748   0.0998299   1.60986   5.59835 	Dead: 0
58  8.59655   0.100934    1.62766   5.17375 	Dead: 0
59  8.38247   0.0963902   1.55439   5.17375 	Dead: 0
60  8.30952   0.100353    1.61829   5.17375 	Dead: 0
61  8.1699    0.0983342   1.58574   5.11522 	Dead: 0
62  7.95099   0.0963081   1.55306   5.11522 	Dead: 0
63  7.68611   0.093387    1.50596   4.81672 	Dead: 0
64  7.55586   0.0957985   1.54485   4.76688 	Dead: 0
65  7.31081   0.0898184   1.44841   4.71499 	Dead: 0
66  7.18367   0.0929973   1.49967   4.50818 	Dead: 0
67  7.08496   0.0987265   1.59206   4.36063 	Dead: 0
68  6.86056   0.0864394   1.39392   4.12726 	Dead: 0
69  6.8114    0.0912574   1.47162   4.00269 	Dead: 0
70  6.65653   0.0884114   1.42572   4.00269 	Dead: 0
71  6.62308   0.0938764   1.51385   4.00269 	Dead: 0
72  6.49155   0.0871342   1.40513   4.00269 	Dead: 0
73  6.39649   0.0834139   1.34513   4.00269 	Dead: 0
74  6.35008   0.0904759   1.45901   4.00269 	Dead: 0
75  6.26584   0.0855596   1.37973   4.00269 	Dead: 0
76  6.17091   0.0829911   1.33831   4.00269 	Dead: 0
77  6.18897   0.087088    1.40438   4.00269 	Dead: 0
78  6.11157   0.0878267   1.41629   4.00269 	Dead: 0
79  6.03125   0.0872696   1.40731   4.00269 	Dead: 0
80  6.00325   0.0861347   1.38901   4.00269 	Dead: 0
81  5.97222   0.0833741   1.34449   4.00269 	Dead: 0
82  5.97147   0.0832772   1.34293   4.00269 	Dead: 0
83  5.90906   0.0799899   1.28992   4.00269 	Dead: 0
84  5.82972   0.0775665   1.25084   3.9123  	Dead: 0
85  5.82067   0.086346    1.39242   3.82979 	Dead: 0
86  5.81953   0.0860869   1.38824   3.82979 	Dead: 0
87  5.81497   0.0868887   1.40117   3.82979 	Dead: 0
88  5.74276   0.0821833   1.32529   3.82979 	Dead: 0
89  5.77855   0.0905602   1.46037   3.82979 	Dead: 0
90  5.78661   0.0872183   1.40648   3.82979 	Dead: 0
91  5.81234   0.0896093   1.44504   3.82979 	Dead: 0
92  5.70121   0.0809199   1.30491   3.82979 	Dead: 0
93  5.70736   0.0822394   1.32619   3.82979 	Dead: 0
94  5.6988    0.0816136   1.3161    3.82979 	Dead: 0
95  5.6636    0.082635    1.33257   3.81693 	Dead: 0
96  5.60303   0.077494    1.24967   3.81693 	Dead: 0
97  5.59206   0.0778701   1.25573   3.81693 	Dead: 0
98  5.57827   0.0811724   1.30899   3.81693 	Dead: 0
99  5.57045   0.0813742   1.31224   3.81693 	Dead: 0
100 5.56099   0.079272    1.27834   3.81693 	Dead: 0
