0   25.0201   0.125188    2.01879   18.7561 	Dead: 0
1   23.612    0.106896    1.72381   18.7226 	Dead: 0
2   22.6823   0.0993602   1.60228   17.1945 	Dead: 0
3   21.9151   0.0967025   1.55942   17.1945 	Dead: 0
4   21.3005   0.100439    1.61968   17.1945 	Dead: 0
5   20.7584   0.105223    1.69683   16.0715 	Dead: 0
6   20.2568   0.0989483   1.59564   16.0715 	Dead: 0
7   19.8333   0.0968855   1.56238   15.9176 	Dead: 0
8   19.366    0.0963952   1.55447   15.138  	Dead: 0
9   19.0795   0.0980173   1.58063   14.5186 	Dead: 0
10  18.7473   0.0981182   1.58225   14.2064 	Dead: 0
11  18.4665   0.0989622   1.59586   14.2064 	Dead: 0
12  18.3654   0.105535    1.70186   14.2064 	Dead: 0
13  18.0729   0.108662    1.75228   12.8356 	Dead: 0
14  17.7096   0.103997    1.67705   12.8356 	Dead: 0
15  17.5179   0.110533    1.78245   12.8356 	Dead: 0
16  17.1547   0.106447    1.71656   12.7525 	Dead: 0
17  16.9071   0.114401    1.84484   12.7525 	Dead: 0
18  16.5799   0.119641    1.92934   11.8708 	Dead: 0
19  16.1803   0.114547    1.84718   11.8708 	Dead: 0
20  15.7891   0.110309    1.77885   11.5789 	Dead: 0
21  15.6159   0.117975    1.90246   11.1738 	Dead: 0
22  15.412    0.117082    1.88807   9.64417 	Dead: 0
23  15.1041   0.118135    1.90505   9.64417 	Dead: 0
24  14.8224   0.118112    1.90468   9.64417 	Dead: 0
25  14.5652   0.116657    1.88121   9.64417 	Dead: 0
26  14.4157   0.119459    1.9264    9.64417 	Dead: 0
27  14.2078   0.12083     1.94851   9.64417 	Dead: 0
28  13.9341   0.111595    1.79959   9.64417 	Dead: 0
29  13.9046   0.120188    1.93815   9.37548 	Dead: 0
30  13.6684   0.120576    1.9444    9.27864 	Dead: 0
31  13.5376   0.122873    1.98146   9.27864 	Dead: 0
32  13.3192   0.126762    2.04416   8.95169 	Dead: 0
33  13.1561   0.133404    2.15127   8.2394  	Dead: 0
34  12.8966   0.132161    2.13124   8.2394  	Dead: 0
35  12.7274   0.133096    2.1463    8.2394  	Dead: 0
36  12.5366   0.137053    2.21012   7.54556 	Dead: 0
37  12.3961   0.137663    2.21995   7.54556 	Dead: 0
38  12.1761   0.134321    2.16606   7.54556 	Dead: 0
39  12.0584   0.134219    2.16441   7.54556 	Dead: 0
40  11.8422   0.137729    2.22102   6.94425 	Dead: 0
41  11.6968   0.138244    2.22932   6.94425 	Dead: 0
42  11.589    0.132674    2.1395    6.5926  	Dead: 0
43  11.3173   0.130308    2.10134   6.5926  	Dead: 0
44  11.1659   0.131308    2.11747   6.5926  	Dead: 0
45  11.1018   0.136638    2.20342   6.5926  	Dead: 0
46  11.0714   0.145442    2.34541   6.5926  	Dead: 0
47  10.8007   0.131509    2.12072   6.38467 	Dead: 0
48  10.7215   0.132279    2.13314   6.38467 	Dead: 0
49  10.4565   0.132235    2.13243   6.38467 	Dead: 0
50  10.4038   0.138069    2.2265    5.7563  	Dead: 0
51  9.89729   0.115739    1.8664    5.7563  	Dead: 0
52  9.57028   0.111992    1.80598   5.7563  	Dead: 0
53  9.32431   0.11372     1.83385   4.65792 	Dead: 0
54  9.03013   0.106002    1.70938   4.65792 	Dead: 0
55  8.85062   0.113062    1.82324   4.54989 	Dead: 0
56  8.66525   0.11145     1.79725   4.54989 	Dead: 0
57  8.44115   0.106529    1.71789   4.54989 	Dead: 0
58  8.28451   0.106314    1.71442   4.54989 	Dead: 0
59  8.14528   0.111394    1.79634   4.54989 	Dead: 0
60  8.02025   0.113635    1.83248   4.54989 	Dead: 0
61  7.86608   0.113497    1.83026   4.47558 	Dead: 0
62  7.63411   0.107328    1.73077   4.18146 	Dead: 0
63  7.5161    0.109548    1.76657   4.18146 	Dead: 0
64  7.30767   0.104558    1.6861    4.18146 	Dead: 0
65  7.15249   0.102095    1.64639   4.18146 	Dead: 0
66  7.04541   0.103483    1.66876   4.18146 	Dead: 0
67  7.00895   0.103728    1.67272   4.18146 	Dead: 0
68  6.84382   0.0989652   1.59591   4.18146 	Dead: 0
69  6.69495   0.101915    1.64349   4.05319 	Dead: 0
70  6.53643   0.0944138   1.52252   4.05319 	Dead: 0
71  6.45848   0.0946052   1.5256    3.88733 	Dead: 0
72  6.46731   0.101081    1.63004   3.88733 	Dead: 0
73  6.43536   0.10055     1.62148   3.88733 	Dead: 0
74  6.31658   0.0942102   1.51923   3.80138 	Dead: 0
75  6.36149   0.0997006   1.60777   3.63403 	Dead: 0
76  6.27415   0.0967005   1.55939   3.63403 	Dead: 0
77  6.24956   0.09837     1.58631   3.63403 	Dead: 0
78  6.14481   0.091886    1.48175   3.63403 	Dead: 0
79  6.12913   0.0946841   1.52688   3.63403 	Dead: 0
80  6.11286   0.0933449   1.50528   3.63403 	Dead: 0
81  6.04769   0.0934859   1.50755   3.63403 	Dead: 0
82  6.06419   0.10047     1.62018   3.63403 	Dead: 0
83  6.03506   0.0973653   1.57011   3.63403 	Dead: 0
84  5.94216   0.0945874   1.52532   3.63403 	Dead: 0
85  5.95509   0.0940292   1.51631   3.63403 	Dead: 0
86  5.88675   0.08959     1.44473   3.63403 	Dead: 0
87  5.82096   0.0893259   1.44047   3.63403 	Dead: 0
88  5.82396   0.0881809   1.42201   3.63403 	Dead: 0
89  5.86311   0.091932    1.48249   3.39991 	Dead: 0
90  5.83733   0.0906059   1.46111   3.39991 	Dead: 0
91  5.83286   0.0941174   1.51774   3.39991 	Dead: 0
92  5.83994   0.0966975   1.55934   3.39991 	Dead: 0
93  5.78273   0.0899097   1.44988   3.39991 	Dead: 0
94  5.8454    0.0978583   1.57806   3.39991 	Dead: 0
95  5.76537   0.0917723   1.47992   3.39991 	Dead: 0
96  5.72834   0.092721    1.49522   3.39991 	Dead: 0
97  5.7263    0.0935868   1.50918   3.39991 	Dead: 0
98  5.72775   0.0915223   1.47589   3.39991 	Dead: 0
99  5.72983   0.0919363   1.48256   3.39991 	Dead: 0
100 5.68207   0.0927452   1.49561   3.36696 	Dead: 0
