0   25.2378   0.138368    2.23132   19.4705 	Dead: 0
1   23.5269   0.11507     1.85562   19.013  	Dead: 0
2   22.5157   0.0993259   1.60173   18.5768 	Dead: 0
3   21.8266   0.0974245   1.57107   17.8906 	Dead: 0
4   21.1896   0.09464     1.52616   17.369  	Dead: 0
5   20.6876   0.0967287   1.55985   15.1023 	Dead: 0
6   20.2833   0.101074    1.62992   15.1023 	Dead: 0
7   19.8114   0.0983164   1.58545   15.1023 	Dead: 0
8   19.3822   0.0987025   1.59168   15.1023 	Dead: 0
9   19.0271   0.0988143   1.59348   14.8263 	Dead: 0
10  18.7532   0.0995069   1.60465   14.8263 	Dead: 0
11  18.4237   0.100728    1.62434   14.8263 	Dead: 0
12  18.0859   0.106687    1.72044   13.6968 	Dead: 0
13  17.8157   0.109741    1.76968   12.0752 	Dead: 0
14  17.5572   0.107333    1.73085   12.0752 	Dead: 0
15  17.3717   0.113771    1.83468   12.0752 	Dead: 0
16  17.0899   0.11132     1.79515   12.0752 	Dead: 0
17  16.8421   0.11254     1.81482   11.8861 	Dead: 0
18  16.539    0.112172    1.80889   11.8861 	Dead: 0
19  16.3245   0.114112    1.84017   11.8861 	Dead: 0
20  16.0946   0.109329    1.76305   11.8861 	Dead: 0
21  15.9642   0.114212    1.84178   10.3722 	Dead: 0
22  15.7214   0.12053     1.94366   10.3722 	Dead: 0
23  15.5054   0.120298    1.93992   10.3722 	Dead: 0
24  15.2837   0.115092    1.85598   10.3722 	Dead: 0
25  14.9971   0.115482    1.86226   10.3722 	Dead: 0
26  14.7789   0.123089    1.98494   9.39054 	Dead: 0
27  14.4914   0.122075    1.96858   9.39054 	Dead: 0
28  14.2365   0.120156    1.93763   9.39054 	Dead: 0
29  13.9469   0.114647    1.8488    9.39054 	Dead: 0
30  13.6664   0.114739    1.85028   9.39054 	Dead: 0
31  13.4066   0.112146    1.80847   9.25699 	Dead: 0
32  13.2149   0.114498    1.8464    8.36049 	Dead: 0
33  13.0658   0.117185    1.88973   8.36049 	Dead: 0
34  12.753    0.117979    1.90253   8.36049 	Dead: 0
35  12.6099   0.116061    1.8716    8.35723 	Dead: 0
36  12.4047   0.119001    1.919     8.09724 	Dead: 0
37  12.1741   0.117205    1.89005   7.80938 	Dead: 0
38  12.0775   0.128307    2.06908   6.94457 	Dead: 0
39  11.8319   0.12585     2.02946   6.45939 	Dead: 0
40  11.6113   0.122151    1.96981   6.45939 	Dead: 0
41  11.4333   0.122453    1.97467   6.45939 	Dead: 0
42  11.3159   0.131154    2.11499   6.45939 	Dead: 0
43  11.1033   0.128891    2.07849   6.45939 	Dead: 0
44  11.0216   0.130074    2.09758   6.45939 	Dead: 0
45  10.8281   0.126453    2.03918   6.45939 	Dead: 0
46  10.7598   0.126495    2.03986   6.45939 	Dead: 0
47  10.5234   0.121687    1.96233   6.07428 	Dead: 0
48  10.4909   0.132331    2.13397   6.07428 	Dead: 0
49  10.4314   0.135947    2.19228   6.07428 	Dead: 0
50  10.1368   0.128595    2.07373   6.04382 	Dead: 0
51  9.59717   0.111919    1.8048    5.08699 	Dead: 0
52  9.31918   0.114683    1.84938   5.08699 	Dead: 0
53  9.02275   0.112299    1.81093   5.08699 	Dead: 0
54  8.82476   0.11119     1.79305   4.75107 	Dead: 0
55  8.62769   0.111307    1.79494   4.75107 	Dead: 0
56  8.3087    0.102084    1.64621   4.75107 	Dead: 0
57  8.15525   0.106078    1.71062   4.62108 	Dead: 0
58  7.91762   0.102898    1.65934   4.08862 	Dead: 0
59  7.79201   0.104262    1.68133   4.08862 	Dead: 0
60  7.60253   0.106316    1.71445   4.08862 	Dead: 0
61  7.40261   0.0989922   1.59635   4.08862 	Dead: 0
62  7.28039   0.099237    1.6003    4.08862 	Dead: 0
63  7.116     0.0996247   1.60655   4.08862 	Dead: 0
64  6.9583    0.0976237   1.57428   4.03372 	Dead: 0
65  6.83632   0.0941769   1.5187    4.03372 	Dead: 0
66  6.81388   0.0985833   1.58975   4.03372 	Dead: 0
67  6.74394   0.103775    1.67347   4.03372 	Dead: 0
68  6.68129   0.0998474   1.61014   4.03372 	Dead: 0
69  6.56351   0.0964636   1.55557   4.03372 	Dead: 0
70  6.46687   0.0955906   1.54149   4.03372 	Dead: 0
71  6.39917   0.0971044   1.56591   4.03372 	Dead: 0
72  6.3489    0.0956437   1.54235   3.85337 	Dead: 0
73  6.33183   0.0950937   1.53348   3.84303 	Dead: 0
74  6.27127   0.0938576   1.51355   3.84303 	Dead: 0
75  6.25645   0.0949747   1.53156   3.84303 	Dead: 0
76  6.23675   0.0952139   1.53542   3.84303 	Dead: 0
77  6.26669   0.0978729   1.5783    3.84303 	Dead: 0
78  6.16894   0.0946716   1.52667   3.84303 	Dead: 0
79  6.17266   0.097765    1.57656   3.84303 	Dead: 0
80  6.13808   0.0952034   1.53525   3.84303 	Dead: 0
81  6.09603   0.0971357   1.56641   3.84303 	Dead: 0
82  6.08534   0.0946462   1.52626   3.84303 	Dead: 0
83  6.01596   0.0924525   1.49089   3.84303 	Dead: 0
84  5.96307   0.0920726   1.48476   3.84303 	Dead: 0
85  5.98882   0.0938489   1.51341   3.84303 	Dead: 0
86  5.92197   0.0891142   1.43706   3.84303 	Dead: 0
87  5.95255   0.0925602   1.49263   3.59274 	Dead: 0
88  5.96997   0.0927474   1.49564   3.59274 	Dead: 0
89  5.96556   0.0938372   1.51322   3.59274 	Dead: 0
90  5.88642   0.0926302   1.49376   3.59274 	Dead: 0
91  5.88924   0.0911604   1.47005   3.59274 	Dead: 0
92  5.80035   0.0866913   1.39798   3.59274 	Dead: 0
93  5.89292   0.091011    1.46764   3.59274 	Dead: 0
94  5.89835   0.0925088   1.4918    3.59274 	Dead: 0
95  5.83831   0.0891322   1.43735   3.59274 	Dead: 0
96  5.86792   0.0910191   1.46777   3.59274 	Dead: 0
97  5.8439    0.092772    1.49604   3.59274 	Dead: 0
98  5.86766   0.096757    1.5603    3.59274 	Dead: 0
99  5.82715   0.0923896   1.48988   3.59274 	Dead: 0
100 5.83247   0.0951656   1.53464   3.59274 	Dead: 0
