0   25.4863   0.136866    2.2071    19.5471 	Dead: 0
1   23.5372   0.114209    1.84173   18.6844 	Dead: 0
2   22.3936   0.103129    1.66307   17.2739 	Dead: 0
3   21.707    0.0983794   1.58647   17.2739 	Dead: 0
4   21.1377   0.100497    1.62062   17.2739 	Dead: 0
5   20.4932   0.0988137   1.59347   15.9109 	Dead: 0
6   19.9334   0.0962251   1.55173   15.9109 	Dead: 0
7   19.4063   0.0992815   1.60101   14.2491 	Dead: 0
8   18.9747   0.108124    1.74362   14.2491 	Dead: 0
9   18.4744   0.102093    1.64636   13.8958 	Dead: 0
10  18.1065   0.106477    1.71705   13.6363 	Dead: 0
11  17.7332   0.107412    1.73213   13.6363 	Dead: 0
12  17.4002   0.110589    1.78336   12.3181 	Dead: 0
13  17.0573   0.105081    1.69453   12.3181 	Dead: 0
14  16.7072   0.108514    1.7499    12.3181 	Dead: 0
15  16.3886   0.103888    1.67529   11.8743 	Dead: 0
16  16.143    0.107762    1.73777   11.8743 	Dead: 0
17  15.923    0.108708    1.75302   11.054  	Dead: 0
18  15.5705   0.104179    1.67998   11.054  	Dead: 0
19  15.2566   0.0991404   1.59874   11.0294 	Dead: 0
20  15.1094   0.113882    1.83646   10.2832 	Dead: 0
21  14.7679   0.106322    1.71455   10.2832 	Dead: 0
22  14.5171   0.112238    1.80995   10.2832 	Dead: 0
23  14.2139   0.111614    1.79989   9.75558 	Dead: 0
24  13.9683   0.112465    1.81361   8.92831 	Dead: 0
25  13.7065   0.110345    1.77942   8.92831 	Dead: 0
26  13.5626   0.1175      1.89481   8.1512  	Dead: 0
27  13.3745   0.117522    1.89515   8.1512  	Dead: 0
28  13.094    0.117874    1.90084   8.1512  	Dead: 0
29  12.8218   0.120655    1.94569   8.1512  	Dead: 0
30  12.5913   0.124784    2.01227   8.1512  	Dead: 0
31  12.2272   0.115946    1.86975   7.34412 	Dead: 0
32  11.9874   0.122377    1.97346   7.34412 	Dead: 0
33  11.6524   0.115251    1.85854   7.34412 	Dead: 0
34  11.4319   0.113711    1.8337    7.13439 	Dead: 0
35  11.2799   0.114778    1.85091   7.13439 	Dead: 0
36  11.2192   0.121984    1.96712   7.13439 	Dead: 0
37  10.902    0.112813    1.81922   6.93618 	Dead: 0
38  10.7074   0.11178     1.80257   6.41894 	Dead: 0
39  10.537    0.112073    1.80728   6.41894 	Dead: 0
40  10.343    0.114114    1.8402    5.93027 	Dead: 0
41  10.2155   0.119521    1.92739   5.93027 	Dead: 0
42  10.1091   0.118109    1.90462   5.93027 	Dead: 0
43  9.95005   0.123441    1.99061   5.18108 	Dead: 0
44  9.76371   0.117614    1.89664   5.18108 	Dead: 0
45  9.61849   0.117056    1.88765   5.18108 	Dead: 0
46  9.65533   0.12335     1.98914   5.18108 	Dead: 0
47  9.59033   0.124619    2.00961   5.18108 	Dead: 0
48  9.34204   0.116914    1.88535   5.18108 	Dead: 0
49  9.27014   0.120806    1.94812   5.18108 	Dead: 0
50  9.13334   0.120049    1.93591   5.18108 	Dead: 0
51  9.02352   0.11613     1.87271   5.18108 	Dead: 0
52  8.87213   0.113497    1.83025   5.18108 	Dead: 0
53  8.85828   0.122643    1.97774   5.18108 	Dead: 0
54  8.71705   0.116815    1.88376   5.18108 	Dead: 0
55  8.628     0.114229    1.84206   5.18108 	Dead: 0
56  8.57414   0.120559    1.94414   5.18108 	Dead: 0
57  8.44052   0.118799    1.91576   5.11123 	Dead: 0
58  8.33906   0.118433    1.90985   5.11123 	Dead: 0
59  8.22582   0.118863    1.91679   5.11123 	Dead: 0
60  8.2354    0.121048    1.95202   5.11123 	Dead: 0
61  8.02878   0.113804    1.8352    5.11123 	Dead: 0
62  8.08075   0.121953    1.96661   4.87899 	Dead: 0
63  8.00962   0.120877    1.94926   4.87899 	Dead: 0
64  7.91544   0.118548    1.91171   4.87899 	Dead: 0
65  7.81316   0.119034    1.91955   4.63407 	Dead: 0
66  7.78891   0.123117    1.98539   4.63407 	Dead: 0
67  7.78644   0.125292    2.02045   4.48779 	Dead: 0
68  7.65976   0.120137    1.93734   3.91014 	Dead: 0
69  7.53064   0.113118    1.82414   3.91014 	Dead: 0
70  7.49027   0.113944    1.83745   3.91014 	Dead: 0
71  7.42607   0.11641     1.87723   3.91014 	Dead: 0
72  7.43455   0.122285    1.97197   3.91014 	Dead: 0
73  7.31781   0.116106    1.87232   3.91014 	Dead: 0
74  7.26726   0.11634     1.87611   3.91014 	Dead: 0
75  7.14458   0.111787    1.80268   3.91014 	Dead: 0
76  7.12009   0.113922    1.83711   3.91014 	Dead: 0
77  7.02379   0.112515    1.81441   3.91014 	Dead: 0
78  7.0137    0.111859    1.80383   3.91014 	Dead: 0
79  6.97622   0.113861    1.83612   3.91014 	Dead: 0
80  6.99082   0.117625    1.89682   3.7461  	Dead: 0
81  6.8064    0.110834    1.7873    3.7461  	Dead: 0
82  6.75238   0.110327    1.77914   3.7461  	Dead: 0
83  6.68977   0.111819    1.80319   3.7461  	Dead: 0
84  6.6641    0.110971    1.78952   3.7461  	Dead: 0
85  6.54792   0.107201    1.72873   3.7461  	Dead: 0
86  6.56859   0.110533    1.78246   3.7461  	Dead: 0
87  6.58003   0.11366     1.83289   3.7461  	Dead: 0
88  6.51036   0.111923    1.80487   3.7461  	Dead: 0
89  6.50601   0.115295    1.85925   3.7461  	Dead: 0
90  6.40139   0.108927    1.75656   3.7461  	Dead: 0
91  6.4384    0.113136    1.82443   3.7461  	Dead: 0
92  6.30517   0.103379    1.6671    3.7461  	Dead: 0
93  6.31069   0.111312    1.79501   3.70798 	Dead: 0
94  6.22847   0.106544    1.71813   3.70798 	Dead: 0
95  6.15818   0.101686    1.63979   3.70798 	Dead: 0
96  6.15541   0.104287    1.68173   3.70798 	Dead: 0
97  6.19888   0.106733    1.72118   3.70798 	Dead: 0
98  6.0798    0.100524    1.62104   3.70798 	Dead: 0
99  6.06199   0.10167     1.63954   3.70798 	Dead: 0
100 6.02891   0.103081    1.66228   3.70798 	Dead: 0
