0   5334.63   5.57431     89.8913   5050    	Dead: 0
1   5128.72   4.31516     69.5863   4906    	Dead: 0
2   5006.07   3.84191     61.9547   4826    	Dead: 0
3   4913.53   3.71663     59.9345   4749    	Dead: 0
4   4823.87   3.69029     59.5096   4639    	Dead: 0
5   4747.34   3.5215      56.7878   4581    	Dead: 0
6   4658.48   3.45857     55.7729   4461    	Dead: 0
7   4568.09   3.65356     58.9173   4382    	Dead: 0
8   4478.9    3.33371     53.7594   4320    	Dead: 0
9   4411.77   3.25143     52.4326   4243    	Dead: 0
10  4358.43   3.09541     49.9167   4211    	Dead: 0
11  4307.04   3.24825     52.3813   4142    	Dead: 0
12  4264.81   3.06717     49.4612   4134    	Dead: 0
13  4234.35   3.08562     49.7587   4088    	Dead: 0
14  4206.66   3.23088     52.1012   4038    	Dead: 0
15  4171.68   3.32806     53.6683   4001    	Dead: 0
16  4141.37   3.08848     49.8048   4001    	Dead: 0
17  4115.74   3.08487     49.7467   4001    	Dead: 0
18  4096.92   3.22504     52.0069   3928    	Dead: 0
19  4077.89   3.33024     53.7034   3923    	Dead: 0
20  4053.48   3.2267      52.0337   3923    	Dead: 0
21  4028.33   3.03908     49.0082   3891    	Dead: 0
22  4011.04   3.10188     50.0208   3856    	Dead: 0
23  3998.39   3.26077     52.5831   3856    	Dead: 0
24  3987.6    3.29024     53.0584   3856    	Dead: 0
25  3979.58   3.33334     53.7535   3854    	Dead: 0
26  3971.07   3.35672     54.1305   3838    	Dead: 0
27  3966.41   3.51991     56.7621   3838    	Dead: 0
28  3959.67   3.56856     57.5466   3836    	Dead: 0
29  3952.73   3.6527      58.9035   3832    	Dead: 0
30  3947.5    3.65875     59.0009   3832    	Dead: 0
31  3941.25   3.52997     56.9243   3825    	Dead: 0
32  3936.88   3.6427      58.7422   3802    	Dead: 0
33  3935.61   3.81127     61.4605   3802    	Dead: 0
34  3931.17   3.81275     61.4844   3802    	Dead: 0
35  3924.67   3.77157     60.8204   3795    	Dead: 0
36  3920.89   3.80563     61.3697   3795    	Dead: 0
37  3916.7    3.77511     60.8774   3782    	Dead: 0
38  3912.7    3.8252      61.6851   3782    	Dead: 0
39  3909.44   3.79497     61.1976   3782    	Dead: 0
40  3907.22   3.92349     63.2702   3782    	Dead: 0
41  3906.04   3.92662     63.3207   3782    	Dead: 0
42  3900.58   3.88986     62.7278   3768    	Dead: 0
43  3899.09   3.977       64.1331   3768    	Dead: 0
44  3897.12   4.0007      64.5152   3768    	Dead: 0
45  3893.38   4.00219     64.5394   3768    	Dead: 0
46  3890.47   4.0719      65.6635   3766    	Dead: 0
47  3889.76   4.14929     66.9115   3766    	Dead: 0
48  3886.3    4.00199     64.536    3766    	Dead: 0
49  3885.23   4.1592      67.0712   3766    	Dead: 0
50  3883.53   4.34119     70.006    3751    	Dead: 0
51  3881.2    4.21192     67.9214   3751    	Dead: 0
52  3879.56   4.37314     70.5213   3751    	Dead: 0
53  3877      4.22481     68.1292   3751    	Dead: 0
54  3875.88   4.3421      70.0206   3751    	Dead: 0
55  3872.9    4.39422     70.8612   3745    	Dead: 0
56  3872.14   4.48197     72.2762   3745    	Dead: 0
57  3872.25   4.61205     74.374    3736    	Dead: 0
58  3865.49   4.43693     71.55     3716    	Dead: 0
59  3863.01   4.47601     72.1801   3716    	Dead: 0
60  3862.57   4.55547     73.4616   3716    	Dead: 0
61  3863.42   4.7604      76.7662   3716    	Dead: 0
62  3861.75   4.60055     74.1885   3716    	Dead: 0
63  3853.72   4.44883     71.7418   3716    	Dead: 0
64  3854.73   4.57058     73.7052   3716    	Dead: 0
65  3853.41   4.78393     77.1456   3714    	Dead: 0
66  3853.08   4.91771     79.303    3714    	Dead: 0
67  3849.7    4.7915      77.2677   3714    	Dead: 0
68  3848.73   4.89646     78.9603   3685    	Dead: 0
69  3850.45   5.07862     81.8978   3685    	Dead: 0
70  3846.99   4.93815     79.6326   3685    	Dead: 0
71  3844.81   5.0569      81.5475   3685    	Dead: 0
72  3842.11   4.98815     80.4389   3685    	Dead: 0
73  3841.43   5.02249     80.9927   3685    	Dead: 0
74  3837.43   5.04275     81.3193   3685    	Dead: 0
75  3838.6    5.12995     82.7256   3675    	Dead: 0
76  3838.04   5.17109     83.389    3675    	Dead: 0
77  3835.62   5.225       84.2583   3675    	Dead: 0
78  3833.7    5.37511     86.679    3675    	Dead: 0
79  3828.16   5.25024     84.6654   3671    	Dead: 0
80  3829.85   5.33504     86.0329   3671    	Dead: 0
81  3832.49   5.47641     88.3125   3671    	Dead: 0
82  3831.32   5.63755     90.9111   3671    	Dead: 0
83  3825.3    5.37663     86.7035   3671    	Dead: 0
84  3824.47   5.62925     90.7772   3660    	Dead: 0
85  3823.93   5.71436     92.1497   3660    	Dead: 0
86  3817.63   5.52476     89.0922   3660    	Dead: 0
87  3822.07   5.92148     95.4898   3660    	Dead: 0
88  3817.11   5.68698     91.7082   3660    	Dead: 0
89  3815.46   5.76185     92.9156   3660    	Dead: 0
90  3813.53   5.79175     93.3978   3660    	Dead: 0
91  3813.16   5.80755     93.6526   3651    	Dead: 0
92  3808.58   5.95152     95.9742   3651    	Dead: 0
93  3806.02   5.93957     95.7816   3651    	Dead: 0
94  3810.4    6.15871     99.3154   3646    	Dead: 0
95  3807.85   6.10856     98.5067   3641    	Dead: 0
96  3806.45   6.2746      101.184   3641    	Dead: 0
97  3805.29   6.179       99.6425   3641    	Dead: 0
98  3801.95   6.20128     100.002   3639    	Dead: 0
99  3802.38   6.27692     101.222   3639    	Dead: 0
100 3798.06   6.32554     102.006   3639    	Dead: 0
