0   4.85795   0.080795    1.3029    2.27573 	Dead: 0
1   4.12334   0.0628174   1.01299   2.27573 	Dead: 0
2   3.82454   0.0546665   0.881551  2.27573 	Dead: 0
3   3.66166   0.0529301   0.853551  2.23886 	Dead: 0
4   3.52608   0.0482409   0.777932  1.86931 	Dead: 0
5   3.46638   0.0519015   0.836963  1.79286 	Dead: 0
6   3.45722   0.054208    0.874157  1.79286 	Dead: 0
7   3.41072   0.0537114   0.86615   1.79286 	Dead: 0
8   3.34602   0.051693    0.833602  1.79286 	Dead: 0
9   3.3409    0.053461    0.862112  1.79286 	Dead: 0
10  3.30211   0.0516585   0.833045  1.79286 	Dead: 0
11  3.26806   0.0530153   0.854924  1.79286 	Dead: 0
12  3.24479   0.0524866   0.846399  1.79286 	Dead: 0
13  3.26337   0.0536857   0.865736  1.79286 	Dead: 0
14  3.27102   0.0556302   0.897092  1.79286 	Dead: 0
15  3.2455    0.0531549   0.857175  1.79286 	Dead: 0
16  3.21959   0.0532691   0.859017  1.79286 	Dead: 0
17  3.22068   0.0534385   0.861749  1.79286 	Dead: 0
18  3.14662   0.0499828   0.806023  1.79286 	Dead: 0
19  3.1959    0.0533423   0.860198  1.79286 	Dead: 0
20  3.16135   0.0511229   0.824408  1.79286 	Dead: 0
21  3.14777   0.0492303   0.793888  1.79286 	Dead: 0
22  3.16546   0.0515108   0.830664  1.79286 	Dead: 0
23  3.15569   0.0520312   0.839056  1.79286 	Dead: 0
24  3.076     0.0468986   0.756287  1.79286 	Dead: 0
25  3.13827   0.0536085   0.864491  1.79286 	Dead: 0
26  3.08455   0.0507799   0.818877  1.79286 	Dead: 0
27  3.1035    0.0517208   0.83405   1.79286 	Dead: 0
28  3.08246   0.0509674   0.8219    1.79286 	Dead: 0
29  3.07843   0.0498837   0.804425  1.79286 	Dead: 0
30  3.04926   0.0479754   0.773651  1.79286 	Dead: 0
31  3.07123   0.0514816   0.830192  1.79286 	Dead: 0
32  3.05607   0.0508694   0.82032   1.79286 	Dead: 0
33  3.02739   0.0489347   0.78912   1.79286 	Dead: 0
34  3.03975   0.0516169   0.832374  1.79286 	Dead: 0
35  3.02688   0.0506158   0.81623   1.79286 	Dead: 0
36  3.01673   0.0489412   0.789225  1.79286 	Dead: 0
37  3.02754   0.0518837   0.836676  1.79286 	Dead: 0
38  2.98664   0.0488832   0.78829   1.79286 	Dead: 0
39  2.97318   0.0490464   0.790922  1.79286 	Dead: 0
40  2.96125   0.0473018   0.762789  1.79286 	Dead: 0
41  2.98266   0.0496205   0.80018   1.79286 	Dead: 0
42  2.95564   0.047177    0.760776  1.79286 	Dead: 0
43  2.95709   0.0464907   0.749709  1.79286 	Dead: 0
44  2.94927   0.0474066   0.764478  1.74851 	Dead: 0
45  2.92131   0.0459847   0.74155   1.74851 	Dead: 0
46  2.95965   0.0490171   0.79045   1.74851 	Dead: 0
47  2.92804   0.0471008   0.759548  1.74851 	Dead: 0
48  2.93397   0.0503467   0.811891  1.74851 	Dead: 0
49  2.89606   0.0456962   0.736897  1.74851 	Dead: 0
50  2.88564   0.0461711   0.744554  1.74851 	Dead: 0
51  2.8934    0.0474319   0.764887  1.74851 	Dead: 0
52  2.91272   0.0480393   0.774681  1.74851 	Dead: 0
53  2.8912    0.0469781   0.757569  1.74851 	Dead: 0
54  2.86596   0.044817    0.722719  1.74851 	Dead: 0
55  2.89757   0.0481282   0.776116  1.74851 	Dead: 0
56  2.90194   0.0479756   0.773655  1.74851 	Dead: 0
57  2.87854   0.0463259   0.747051  1.74851 	Dead: 0
58  2.87291   0.0479251   0.77284   1.74851 	Dead: 0
59  2.8565    0.0481194   0.775973  1.74851 	Dead: 0
60  2.86584   0.0482986   0.778864  1.74851 	Dead: 0
61  2.86805   0.0495105   0.798406  1.74851 	Dead: 0
62  2.85982   0.0488873   0.788357  1.74851 	Dead: 0
63  2.87537   0.0499444   0.805404  1.74851 	Dead: 0
64  2.8426    0.0463922   0.74812   1.74851 	Dead: 0
65  2.83802   0.0470822   0.759248  1.74851 	Dead: 0
66  2.82939   0.0481187   0.775962  1.74851 	Dead: 0
67  2.8525    0.0491021   0.791821  1.74851 	Dead: 0
68  2.83331   0.0463852   0.748008  1.74851 	Dead: 0
69  2.84672   0.0490329   0.790705  1.74851 	Dead: 0
70  2.8304    0.047813    0.771033  1.74851 	Dead: 0
71  2.82238   0.0453619   0.731507  1.74851 	Dead: 0
72  2.78971   0.0443755   0.715599  1.74851 	Dead: 0
73  2.80792   0.0453191   0.730816  1.70957 	Dead: 0
74  2.82184   0.0468102   0.754861  1.70957 	Dead: 0
75  2.8119    0.0465107   0.750032  1.70957 	Dead: 0
76  2.8231    0.0457271   0.737395  1.70957 	Dead: 0
77  2.80741   0.0461925   0.744901  1.70957 	Dead: 0
78  2.80861   0.0457698   0.738084  1.70957 	Dead: 0
79  2.78628   0.0440369   0.71014   1.70957 	Dead: 0
80  2.76184   0.0440704   0.710679  1.70957 	Dead: 0
81  2.78265   0.0446558   0.720119  1.70957 	Dead: 0
82  2.79843   0.0457984   0.738545  1.70957 	Dead: 0
83  2.79577   0.0460332   0.742332  1.70957 	Dead: 0
84  2.79211   0.0468112   0.754877  1.70957 	Dead: 0
85  2.78037   0.0473882   0.764182  1.70957 	Dead: 0
86  2.78642   0.0474388   0.764999  1.70957 	Dead: 0
87  2.76698   0.0445994   0.71921   1.70957 	Dead: 0
88  2.76302   0.0457653   0.738011  1.70957 	Dead: 0
89  2.75022   0.0436444   0.703809  1.70957 	Dead: 0
90  2.75442   0.0459224   0.740545  1.70957 	Dead: 0
91  2.73951   0.0441862   0.712546  1.70957 	Dead: 0
92  2.72452   0.044739    0.72146   1.70957 	Dead: 0
93  2.73421   0.0449467   0.724811  1.70957 	Dead: 0
94  2.75961   0.0473076   0.762882  1.70957 	Dead: 0
95  2.74434   0.0461089   0.743552  1.70957 	Dead: 0
96  2.76564   0.0472276   0.761593  1.70957 	Dead: 0
97  2.74624   0.0464667   0.749322  1.70957 	Dead: 0
98  2.77006   0.0466192   0.751781  1.70957 	Dead: 0
99  2.75509   0.0471445   0.760252  1.70957 	Dead: 0
100 2.73124   0.0442714   0.71392   1.70957 	Dead: 0
