0   5.13102   0.0804248   1.29693   2.21064 	Dead: 0
1   4.23631   0.0661544   1.06681   2.16173 	Dead: 0
2   3.83366   0.0548729   0.88488   2.16173 	Dead: 0
3   3.61573   0.0505972   0.81593   2.11438 	Dead: 0
4   3.51507   0.0509894   0.822255  2.06644 	Dead: 0
5   3.49602   0.0542886   0.875458  2.06644 	Dead: 0
6   3.45501   0.0547854   0.883469  2.06644 	Dead: 0
7   3.38175   0.0498642   0.80411   2.06644 	Dead: 0
8   3.35237   0.0522171   0.842053  2.06615 	Dead: 0
9   3.32498   0.0522782   0.843038  2.06615 	Dead: 0
10  3.2965    0.0520595   0.839511  2.06615 	Dead: 0
11  3.28189   0.0516085   0.832238  1.94583 	Dead: 0
12  3.2355    0.0508059   0.819297  1.93997 	Dead: 0
13  3.2209    0.0513726   0.828435  1.93997 	Dead: 0
14  3.19984   0.0510678   0.823519  1.93997 	Dead: 0
15  3.17406   0.0507673   0.818674  1.93997 	Dead: 0
16  3.22316   0.0543044   0.875713  1.93997 	Dead: 0
17  3.15739   0.0499708   0.805829  1.93997 	Dead: 0
18  3.18539   0.0520355   0.839125  1.93997 	Dead: 0
19  3.12742   0.0473971   0.764326  1.93997 	Dead: 0
20  3.14228   0.0513409   0.827924  1.93997 	Dead: 0
21  3.15717   0.0529418   0.853739  1.93997 	Dead: 0
22  3.10249   0.0494953   0.798162  1.93997 	Dead: 0
23  3.12608   0.051815    0.835568  1.93997 	Dead: 0
24  3.14079   0.0516752   0.833314  1.93997 	Dead: 0
25  3.11728   0.0533768   0.860754  1.93997 	Dead: 0
26  3.11065   0.0517904   0.835172  1.93997 	Dead: 0
27  3.12298   0.0525513   0.847443  1.93997 	Dead: 0
28  3.10465   0.0520836   0.8399    1.93997 	Dead: 0
29  3.11183   0.0534194   0.861441  1.93997 	Dead: 0
30  3.066     0.0516453   0.832831  1.93997 	Dead: 0
31  3.09485   0.0534352   0.861696  1.93997 	Dead: 0
32  3.103     0.0554517   0.894214  1.93997 	Dead: 0
33  3.08478   0.0556783   0.897868  1.93997 	Dead: 0
34  3.07379   0.0532046   0.857978  1.93997 	Dead: 0
35  3.07717   0.0550747   0.888135  1.93997 	Dead: 0
36  3.05052   0.0504806   0.81405   1.93997 	Dead: 0
37  3.06378   0.0535037   0.862801  1.93997 	Dead: 0
38  3.06714   0.0512848   0.827019  1.93997 	Dead: 0
39  3.07032   0.0533954   0.861054  1.93997 	Dead: 0
40  3.05784   0.0529897   0.854511  1.93997 	Dead: 0
41  3.05365   0.054192    0.8739    1.93997 	Dead: 0
42  3.04082   0.0517708   0.834855  1.93997 	Dead: 0
43  3.04352   0.0526704   0.849362  1.93997 	Dead: 0
44  3.02639   0.053041    0.855339  1.93997 	Dead: 0
45  3.02486   0.0539787   0.87046   1.93997 	Dead: 0
46  3.00505   0.0522829   0.843114  1.93997 	Dead: 0
47  3.01082   0.053706    0.866063  1.73765 	Dead: 0
48  3.02434   0.0552544   0.891032  1.73765 	Dead: 0
49  2.97204   0.0491483   0.792565  1.73765 	Dead: 0
50  2.99136   0.052383    0.844729  1.73765 	Dead: 0
51  3.01505   0.0539802   0.870485  1.73765 	Dead: 0
52  3.01706   0.0549377   0.885925  1.73765 	Dead: 0
53  2.98879   0.0510526   0.823274  1.73765 	Dead: 0
54  2.95161   0.0467382   0.7537    1.73765 	Dead: 0
55  2.97844   0.0508088   0.819343  1.73765 	Dead: 0
56  3.00182   0.0532057   0.857995  1.73765 	Dead: 0
57  2.96914   0.0520996   0.840159  1.73765 	Dead: 0
58  2.96611   0.0509423   0.821495  1.73765 	Dead: 0
59  3.02069   0.0543545   0.876521  1.73765 	Dead: 0
60  2.96127   0.0491344   0.792341  1.73765 	Dead: 0
61  2.98097   0.0526712   0.849375  1.73765 	Dead: 0
62  2.95567   0.0499605   0.805662  1.73765 	Dead: 0
63  2.96214   0.0533724   0.860684  1.73765 	Dead: 0
64  2.95972   0.0525757   0.847836  1.73765 	Dead: 0
65  2.90572   0.0456153   0.735593  1.73765 	Dead: 0
66  2.92838   0.0485856   0.783492  1.73765 	Dead: 0
67  2.92772   0.0475454   0.766718  1.73765 	Dead: 0
68  2.92162   0.0501926   0.809405  1.73765 	Dead: 0
69  2.94667   0.0507711   0.818734  1.73765 	Dead: 0
70  2.9484    0.0515615   0.831481  1.73765 	Dead: 0
71  2.93687   0.0499599   0.805653  1.73765 	Dead: 0
72  2.93441   0.0495861   0.799626  1.73765 	Dead: 0
73  2.952     0.0519284   0.837398  1.73765 	Dead: 0
74  2.91979   0.0487809   0.786641  1.73765 	Dead: 0
75  2.89932   0.0492743   0.794597  1.73765 	Dead: 0
76  2.90576   0.0488228   0.787316  1.73765 	Dead: 0
77  2.89003   0.0464551   0.749134  1.73765 	Dead: 0
78  2.9238    0.0500033   0.806354  1.73765 	Dead: 0
79  2.92302   0.0499302   0.805174  1.73765 	Dead: 0
80  2.93377   0.0530664   0.855749  1.73765 	Dead: 0
81  2.92114   0.0507883   0.819012  1.73765 	Dead: 0
82  2.95281   0.0510788   0.823697  1.67932 	Dead: 0
83  2.9137    0.0496717   0.801006  1.67932 	Dead: 0
84  2.90437   0.0491479   0.79256   1.67932 	Dead: 0
85  2.90892   0.0492445   0.794118  1.67932 	Dead: 0
86  2.89004   0.0467011   0.753102  1.67932 	Dead: 0
87  2.88851   0.0499907   0.80615   1.67932 	Dead: 0
88  2.88512   0.0487728   0.786511  1.67932 	Dead: 0
89  2.9361    0.053433    0.861661  1.67932 	Dead: 0
90  2.87747   0.0483295   0.779362  1.67932 	Dead: 0
91  2.89668   0.0499165   0.804954  1.67932 	Dead: 0
92  2.85671   0.0484334   0.781037  1.67932 	Dead: 0
93  2.87463   0.0499359   0.805266  1.67932 	Dead: 0
94  2.87012   0.0485084   0.782246  1.67932 	Dead: 0
95  2.85137   0.0472325   0.761671  1.67932 	Dead: 0
96  2.87129   0.049413    0.796834  1.67932 	Dead: 0
97  2.87665   0.0511903   0.825495  1.67932 	Dead: 0
98  2.84764   0.0488404   0.7876    1.67932 	Dead: 0
99  2.81959   0.0454292   0.732592  1.67932 	Dead: 0
100 2.82625   0.0450386   0.726292  1.67932 	Dead: 0
