0   4.97753   0.0806325   1.30028   2.23438 	Dead: 0
1   4.18058   0.0641498   1.03448   2.05967 	Dead: 0
2   3.83739   0.0555867   0.896391  2.05967 	Dead: 0
3   3.65663   0.0534015   0.861152  2.05967 	Dead: 0
4   3.58188   0.053309    0.859661  2.05723 	Dead: 0
5   3.49293   0.0514521   0.829716  2.05723 	Dead: 0
6   3.37706   0.0463091   0.74678   2.05723 	Dead: 0
7   3.37963   0.0507682   0.818688  2.05723 	Dead: 0
8   3.35445   0.0519582   0.837878  1.84663 	Dead: 0
9   3.32941   0.0506116   0.816162  1.84663 	Dead: 0
10  3.3155    0.0511405   0.824692  1.84663 	Dead: 0
11  3.27222   0.0521365   0.840753  1.84663 	Dead: 0
12  3.25635   0.0516044   0.832173  1.84663 	Dead: 0
13  3.25106   0.0522902   0.843233  1.84663 	Dead: 0
14  3.22837   0.0518133   0.835541  1.84663 	Dead: 0
15  3.20539   0.0514257   0.829291  1.84663 	Dead: 0
16  3.22581   0.0533737   0.860704  1.84663 	Dead: 0
17  3.20057   0.0543357   0.876218  1.84663 	Dead: 0
18  3.18006   0.0517932   0.835217  1.84663 	Dead: 0
19  3.17092   0.050466    0.813815  1.84663 	Dead: 0
20  3.15264   0.0509779   0.822069  1.84663 	Dead: 0
21  3.15112   0.0540865   0.872199  1.84663 	Dead: 0
22  3.13346   0.0499516   0.805519  1.84663 	Dead: 0
23  3.12984   0.0486082   0.783856  1.84663 	Dead: 0
24  3.15749   0.0507919   0.81907   1.84663 	Dead: 0
25  3.12415   0.0503479   0.811911  1.84663 	Dead: 0
26  3.13013   0.0520613   0.83954   1.84663 	Dead: 0
27  3.11476   0.051331    0.827764  1.84663 	Dead: 0
28  3.10497   0.0503969   0.812701  1.84663 	Dead: 0
29  3.11815   0.0523428   0.844079  1.84663 	Dead: 0
30  3.10394   0.049381    0.796318  1.84663 	Dead: 0
31  3.10453   0.0495551   0.799125  1.84663 	Dead: 0
32  3.06656   0.0477519   0.770046  1.84663 	Dead: 0
33  3.04818   0.046714    0.75331   1.84663 	Dead: 0
34  3.0821    0.0510455   0.82316   1.84663 	Dead: 0
35  3.0798    0.0497685   0.802567  1.84663 	Dead: 0
36  3.06604   0.0500024   0.806339  1.84663 	Dead: 0
37  3.04886   0.0480392   0.77468   1.84663 	Dead: 0
38  3.06663   0.0501768   0.809151  1.84663 	Dead: 0
39  3.06222   0.0495464   0.798985  1.84663 	Dead: 0
40  3.06003   0.0505201   0.814687  1.84663 	Dead: 0
41  3.06458   0.0509696   0.821936  1.84663 	Dead: 0
42  3.03368   0.0494409   0.797284  1.84663 	Dead: 0
43  3.01071   0.0483317   0.779398  1.84663 	Dead: 0
44  2.99527   0.0460592   0.74275   1.84663 	Dead: 0
45  3.01996   0.0497594   0.80242   1.84663 	Dead: 0
46  3.03625   0.0511836   0.825387  1.84663 	Dead: 0
47  3.05281   0.052068    0.839649  1.84663 	Dead: 0
48  3.00163   0.0493857   0.796394  1.84663 	Dead: 0
49  3.02705   0.052487    0.846405  1.84663 	Dead: 0
50  2.97571   0.0490935   0.791682  1.84663 	Dead: 0
51  2.96134   0.0476784   0.768863  1.84663 	Dead: 0
52  2.98159   0.0507553   0.81848   1.84663 	Dead: 0
53  2.98607   0.0509181   0.821106  1.84663 	Dead: 0
54  2.96785   0.0490739   0.791365  1.84663 	Dead: 0
55  2.95493   0.046978    0.757567  1.84663 	Dead: 0
56  2.95401   0.0474345   0.764929  1.84663 	Dead: 0
57  2.9454    0.0472393   0.761781  1.84663 	Dead: 0
58  2.94018   0.046885    0.756068  1.84663 	Dead: 0
59  2.92156   0.0450064   0.725773  1.78953 	Dead: 0
60  2.96656   0.0491662   0.792854  1.78953 	Dead: 0
61  2.97018   0.0503613   0.812126  1.5913  	Dead: 0
62  2.93792   0.0478344   0.771377  1.5913  	Dead: 0
63  2.92345   0.0475902   0.767439  1.5913  	Dead: 0
64  2.91235   0.0473159   0.763017  1.5913  	Dead: 0
65  2.94319   0.0503102   0.811303  1.5913  	Dead: 0
66  2.89436   0.0467104   0.753252  1.5913  	Dead: 0
67  2.89861   0.0468789   0.755969  1.5913  	Dead: 0
68  2.911     0.0474325   0.764897  1.5913  	Dead: 0
69  2.91451   0.0485067   0.782219  1.5913  	Dead: 0
70  2.89118   0.0450155   0.72592   1.5913  	Dead: 0
71  2.90615   0.0487601   0.786306  1.5913  	Dead: 0
72  2.88394   0.046859    0.755648  1.5913  	Dead: 0
73  2.87247   0.04566     0.736312  1.5913  	Dead: 0
74  2.88089   0.0470656   0.758979  1.5913  	Dead: 0
75  2.83686   0.0451402   0.727931  1.5913  	Dead: 0
76  2.84839   0.0461735   0.744593  1.5913  	Dead: 0
77  2.83841   0.04501     0.725831  1.5913  	Dead: 0
78  2.81492   0.0435414   0.702149  1.5913  	Dead: 0
79  2.83412   0.0439315   0.70844   1.5913  	Dead: 0
80  2.86339   0.0474797   0.765658  1.5913  	Dead: 0
81  2.85641   0.0467225   0.753448  1.5913  	Dead: 0
82  2.82821   0.0452496   0.729694  1.5913  	Dead: 0
83  2.84278   0.0465936   0.751368  1.5913  	Dead: 0
84  2.82976   0.0451986   0.728872  1.5913  	Dead: 0
85  2.84693   0.0453695   0.731629  1.5913  	Dead: 0
86  2.80701   0.0432594   0.6976    1.5913  	Dead: 0
87  2.82784   0.0457791   0.738234  1.5913  	Dead: 0
88  2.8166    0.0450338   0.726215  1.5913  	Dead: 0
89  2.83414   0.045579    0.735007  1.5913  	Dead: 0
90  2.85819   0.0484985   0.782086  1.5913  	Dead: 0
91  2.79695   0.044141    0.711817  1.5913  	Dead: 0
92  2.79288   0.0436817   0.704411  1.5913  	Dead: 0
93  2.78427   0.0440124   0.709743  1.5913  	Dead: 0
94  2.79333   0.0435033   0.701534  1.5913  	Dead: 0
95  2.79586   0.0442345   0.713325  1.5913  	Dead: 0
96  2.78491   0.0432471   0.697402  1.5913  	Dead: 0
97  2.7988    0.0453928   0.732004  1.5913  	Dead: 0
98  2.77728   0.042902    0.691837  1.5913  	Dead: 0
99  2.78342   0.0439365   0.70852   1.5913  	Dead: 0
100 2.78064   0.044012    0.709738  1.5913  	Dead: 0
