0   5.08245   0.0829963   1.3384    2.18057 	Dead: 0
1   4.15733   0.0630309   1.01644   2.11061 	Dead: 0
2   3.78297   0.0540558   0.871703  2.11061 	Dead: 0
3   3.60133   0.0509835   0.82216   2.11061 	Dead: 0
4   3.522     0.0536718   0.865512  2.04733 	Dead: 0
5   3.46095   0.0522709   0.842921  2.04733 	Dead: 0
6   3.4191    0.0512155   0.8259    2.04733 	Dead: 0
7   3.37278   0.0505516   0.815194  2.04733 	Dead: 0
8   3.31853   0.0486776   0.784976  2.04733 	Dead: 0
9   3.3327    0.0499458   0.805426  2.04733 	Dead: 0
10  3.32315   0.0514417   0.829549  2.04733 	Dead: 0
11  3.26374   0.0501706   0.809051  2.04733 	Dead: 0
12  3.26084   0.0513134   0.82748   2.04733 	Dead: 0
13  3.28273   0.052149    0.840955  2.04733 	Dead: 0
14  3.23605   0.0494097   0.796781  2.04733 	Dead: 0
15  3.21991   0.0505377   0.814971  2.04733 	Dead: 0
16  3.18932   0.0488654   0.788004  2.04733 	Dead: 0
17  3.20477   0.0494832   0.797966  2.04733 	Dead: 0
18  3.21256   0.0523179   0.843679  2.04733 	Dead: 0
19  3.2324    0.0525218   0.846967  1.86827 	Dead: 0
20  3.18885   0.0523051   0.843472  1.86827 	Dead: 0
21  3.18648   0.05401     0.870966  1.86827 	Dead: 0
22  3.16068   0.0509038   0.820875  1.86827 	Dead: 0
23  3.12315   0.0496996   0.801456  1.86827 	Dead: 0
24  3.12769   0.0502388   0.810151  1.86827 	Dead: 0
25  3.12834   0.0493025   0.795053  1.86827 	Dead: 0
26  3.12936   0.0516935   0.83361   1.86827 	Dead: 0
27  3.11072   0.0510268   0.822857  1.86827 	Dead: 0
28  3.16892   0.0543258   0.876057  1.86827 	Dead: 0
29  3.13586   0.0516215   0.832448  1.86827 	Dead: 0
30  3.09366   0.0503305   0.81163   1.86827 	Dead: 0
31  3.08682   0.0493756   0.796231  1.86827 	Dead: 0
32  3.09041   0.0496342   0.800401  1.86827 	Dead: 0
33  3.07536   0.0494149   0.796865  1.86827 	Dead: 0
34  3.11415   0.0525962   0.848167  1.86827 	Dead: 0
35  3.11255   0.0515911   0.831957  1.86827 	Dead: 0
36  3.10689   0.0519121   0.837135  1.86827 	Dead: 0
37  3.08571   0.0477768   0.770449  1.86827 	Dead: 0
38  3.08384   0.0488693   0.788067  1.86827 	Dead: 0
39  3.10336   0.0523161   0.84365   1.86827 	Dead: 0
40  3.08484   0.0510616   0.823419  1.86827 	Dead: 0
41  3.06075   0.049486    0.798012  1.86827 	Dead: 0
42  3.05079   0.0487845   0.786699  1.86827 	Dead: 0
43  3.0917    0.053173    0.857468  1.86827 	Dead: 0
44  3.09189   0.0522629   0.842791  1.86827 	Dead: 0
45  3.05704   0.0502117   0.809713  1.86827 	Dead: 0
46  3.07911   0.052472    0.846163  1.86827 	Dead: 0
47  3.05528   0.0504156   0.813002  1.86827 	Dead: 0
48  3.04369   0.0489718   0.789719  1.86827 	Dead: 0
49  3.05294   0.0514293   0.82935   1.86827 	Dead: 0
50  3.04864   0.0527799   0.851129  1.86827 	Dead: 0
51  3.01125   0.0492896   0.794845  1.74123 	Dead: 0
52  3.06041   0.0528887   0.852883  1.74123 	Dead: 0
53  3.02529   0.0524194   0.845315  1.74123 	Dead: 0
54  3.04134   0.0532645   0.858943  1.74123 	Dead: 0
55  3.01338   0.0507427   0.818277  1.74123 	Dead: 0
56  3.01471   0.0502029   0.809572  1.74123 	Dead: 0
57  3.00507   0.0505178   0.81465   1.74123 	Dead: 0
58  3.03197   0.0523471   0.84415   1.74123 	Dead: 0
59  2.98344   0.0486897   0.78517   1.74123 	Dead: 0
60  2.98793   0.0488939   0.788463  1.74123 	Dead: 0
61  2.98608   0.0504257   0.813165  1.74123 	Dead: 0
62  2.95892   0.0515639   0.831519  1.74123 	Dead: 0
63  2.97432   0.0513062   0.827364  1.74123 	Dead: 0
64  2.96578   0.0498839   0.804427  1.74123 	Dead: 0
65  2.967     0.0503774   0.812385  1.74123 	Dead: 0
66  2.97548   0.0518834   0.836672  1.74123 	Dead: 0
67  2.94374   0.049572    0.799398  1.74123 	Dead: 0
68  2.95774   0.0513683   0.828364  1.74123 	Dead: 0
69  2.9298    0.0486215   0.784071  1.74123 	Dead: 0
70  2.94835   0.0481361   0.776242  1.74123 	Dead: 0
71  2.95237   0.0497206   0.801794  1.74123 	Dead: 0
72  2.95589   0.0514461   0.829619  1.74123 	Dead: 0
73  2.94613   0.0511816   0.825355  1.74123 	Dead: 0
74  2.913     0.0479474   0.773199  1.74123 	Dead: 0
75  2.91249   0.0493076   0.795135  1.74123 	Dead: 0
76  2.89726   0.0470742   0.759119  1.74123 	Dead: 0
77  2.89832   0.0471238   0.759919  1.74123 	Dead: 0
78  2.87217   0.0469593   0.757266  1.74123 	Dead: 0
79  2.87115   0.0467919   0.754566  1.74123 	Dead: 0
80  2.87145   0.0465934   0.751366  1.74123 	Dead: 0
81  2.87868   0.046039    0.742426  1.74123 	Dead: 0
82  2.87977   0.0480417   0.77472   1.74123 	Dead: 0
83  2.86274   0.0469012   0.75633   1.74123 	Dead: 0
84  2.84878   0.0454515   0.732952  1.74123 	Dead: 0
85  2.86637   0.0487556   0.786233  1.74123 	Dead: 0
86  2.87409   0.048509    0.782256  1.74123 	Dead: 0
87  2.84275   0.0446845   0.720582  1.74123 	Dead: 0
88  2.82656   0.0443029   0.714428  1.74123 	Dead: 0
89  2.84634   0.0453762   0.731736  1.74123 	Dead: 0
90  2.83943   0.0457809   0.738262  1.74123 	Dead: 0
91  2.83175   0.0466943   0.752992  1.74123 	Dead: 0
92  2.81286   0.0440612   0.710531  1.74123 	Dead: 0
93  2.8326    0.0473518   0.763594  1.74123 	Dead: 0
94  2.78823   0.0437812   0.706015  1.74123 	Dead: 0
95  2.78707   0.045798    0.738539  1.74123 	Dead: 0
96  2.82474   0.0483262   0.779308  1.74123 	Dead: 0
97  2.83567   0.0508081   0.819332  1.74123 	Dead: 0
98  2.80017   0.0456411   0.736008  1.74123 	Dead: 0
99  2.78293   0.0443817   0.715699  1.74123 	Dead: 0
100 2.75086   0.0428146   0.690428  1.74123 	Dead: 0
