0   4.77776   0.0724767   1.16876   2.18103 	Dead: 0
1   4.01572   0.0546987   0.882071  2.18103 	Dead: 0
2   3.70697   0.0485859   0.783496  2.18103 	Dead: 0
3   3.53559   0.0459984   0.74177   2.18103 	Dead: 0
4   3.47154   0.0480464   0.774796  2.18103 	Dead: 0
5   3.4087    0.0481129   0.775869  2.18103 	Dead: 0
6   3.35883   0.0474215   0.76472   2.16709 	Dead: 0
7   3.35624   0.0504452   0.81348   2.16709 	Dead: 0
8   3.28633   0.0481168   0.775931  2.05511 	Dead: 0
9   3.28673   0.0517401   0.834361  2.05511 	Dead: 0
10  3.27037   0.0493238   0.795395  2.05511 	Dead: 0
11  3.2371    0.0468199   0.755017  2.05511 	Dead: 0
12  3.20381   0.0458187   0.738872  2.05511 	Dead: 0
13  3.21134   0.0474146   0.764608  2.05511 	Dead: 0
14  3.21693   0.0514112   0.829057  2.05511 	Dead: 0
15  3.2094    0.0501964   0.809467  2.05511 	Dead: 0
16  3.18278   0.0497516   0.802295  2.05511 	Dead: 0
17  3.15265   0.0480841   0.775405  2.02137 	Dead: 0
18  3.16685   0.0488443   0.787663  2.02137 	Dead: 0
19  3.14058   0.0492873   0.794808  1.90557 	Dead: 0
20  3.14435   0.0488817   0.788266  1.90557 	Dead: 0
21  3.1523    0.0502118   0.809716  1.90557 	Dead: 0
22  3.09723   0.046292    0.746505  1.90557 	Dead: 0
23  3.10899   0.0483449   0.77961   1.90557 	Dead: 0
24  3.13583   0.0503691   0.812253  1.90557 	Dead: 0
25  3.09968   0.048711    0.785513  1.90557 	Dead: 0
26  3.11171   0.0509772   0.822058  1.90557 	Dead: 0
27  3.12574   0.0525693   0.847732  1.90557 	Dead: 0
28  3.0773    0.0480206   0.774381  1.90557 	Dead: 0
29  3.1129    0.0520555   0.839447  1.90557 	Dead: 0
30  3.08784   0.050115    0.808155  1.90557 	Dead: 0
31  3.07828   0.0515653   0.831542  1.90557 	Dead: 0
32  3.08299   0.0506073   0.816094  1.90557 	Dead: 0
33  3.08122   0.050128    0.808364  1.90557 	Dead: 0
34  3.04594   0.0481351   0.776227  1.90557 	Dead: 0
35  3.04581   0.0492623   0.794404  1.90557 	Dead: 0
36  3.05334   0.0513158   0.827518  1.90557 	Dead: 0
37  3.02584   0.0489623   0.789566  1.90557 	Dead: 0
38  3.02693   0.0507707   0.818729  1.90557 	Dead: 0
39  2.99009   0.0482397   0.777914  1.90557 	Dead: 0
40  2.98121   0.0472507   0.761966  1.90557 	Dead: 0
41  2.99265   0.0495717   0.799393  1.90557 	Dead: 0
42  2.99428   0.0475579   0.766918  1.90557 	Dead: 0
43  2.99898   0.0476341   0.768148  1.90557 	Dead: 0
44  3.00533   0.0494487   0.79741   1.90557 	Dead: 0
45  2.98262   0.0481742   0.776857  1.90557 	Dead: 0
46  2.97163   0.0483552   0.779775  1.90557 	Dead: 0
47  2.96338   0.0480652   0.775099  1.90557 	Dead: 0
48  2.95845   0.0485288   0.782575  1.90557 	Dead: 0
49  3.00148   0.0522039   0.84184   1.75979 	Dead: 0
50  2.97549   0.0492661   0.794464  1.75979 	Dead: 0
51  2.93894   0.0463644   0.747672  1.75979 	Dead: 0
52  2.9159    0.0445287   0.718069  1.75979 	Dead: 0
53  2.94294   0.048957    0.789481  1.75979 	Dead: 0
54  2.92461   0.0471157   0.759787  1.75979 	Dead: 0
55  2.93693   0.0476942   0.769117  1.75979 	Dead: 0
56  2.92162   0.0477523   0.770053  1.75979 	Dead: 0
57  2.91573   0.0470268   0.758354  1.75979 	Dead: 0
58  2.8871    0.0455671   0.734815  1.75979 	Dead: 0
59  2.90644   0.0473566   0.763673  1.75979 	Dead: 0
60  2.9198    0.0475456   0.766721  1.75979 	Dead: 0
61  2.8909    0.044549    0.718396  1.75979 	Dead: 0
62  2.90399   0.0471109   0.75971   1.75979 	Dead: 0
63  2.89516   0.0473396   0.763398  1.75979 	Dead: 0
64  2.88369   0.0473459   0.7635    1.75979 	Dead: 0
65  2.90592   0.0486574   0.78465   1.75979 	Dead: 0
66  2.91158   0.0485184   0.782408  1.75979 	Dead: 0
67  2.89277   0.0472205   0.761478  1.75979 	Dead: 0
68  2.88747   0.0467337   0.753627  1.75979 	Dead: 0
69  2.89414   0.0477452   0.769939  1.75979 	Dead: 0
70  2.8785    0.046294    0.746536  1.75979 	Dead: 0
71  2.89049   0.0470606   0.7589    1.75979 	Dead: 0
72  2.8642    0.0463538   0.747501  1.75979 	Dead: 0
73  2.85313   0.0458613   0.739559  1.75979 	Dead: 0
74  2.87329   0.0468992   0.756297  1.75979 	Dead: 0
75  2.89833   0.0489458   0.7893    1.75979 	Dead: 0
76  2.86825   0.0467058   0.753177  1.75979 	Dead: 0
77  2.89697   0.048789    0.786771  1.7595  	Dead: 0
78  2.86563   0.0462323   0.745542  1.7595  	Dead: 0
79  2.84402   0.0449416   0.724728  1.69852 	Dead: 0
80  2.84057   0.0455632   0.734753  1.69852 	Dead: 0
81  2.8487    0.048173    0.776837  1.69852 	Dead: 0
82  2.83237   0.0478721   0.771986  1.69852 	Dead: 0
83  2.84068   0.0476008   0.767611  1.69852 	Dead: 0
84  2.82856   0.0475597   0.766948  1.69852 	Dead: 0
85  2.81554   0.0442553   0.713661  1.69852 	Dead: 0
86  2.80639   0.0448851   0.723817  1.69852 	Dead: 0
87  2.81792   0.045128    0.727735  1.69852 	Dead: 0
88  2.76672   0.0434408   0.700527  1.69852 	Dead: 0
89  2.80651   0.0465246   0.750256  1.69852 	Dead: 0
90  2.79629   0.046035    0.742361  1.69852 	Dead: 0
91  2.76669   0.0449471   0.724816  1.69852 	Dead: 0
92  2.77453   0.0454406   0.732775  1.69852 	Dead: 0
93  2.77383   0.0451461   0.728026  1.69852 	Dead: 0
94  2.75822   0.0444658   0.717055  1.69852 	Dead: 0
95  2.78676   0.0456129   0.735553  1.69852 	Dead: 0
96  2.78748   0.0447374   0.721435  1.69852 	Dead: 0
97  2.80109   0.0462214   0.745366  1.69852 	Dead: 0
98  2.75087   0.0439375   0.708537  1.69009 	Dead: 0
99  2.76382   0.0455301   0.734218  1.69009 	Dead: 0
100 2.78926   0.0467859   0.75447   1.69009 	Dead: 0
