0   4.99823   0.081461    1.31364   2.19573 	Dead: 0
1   4.1832    0.0657194   1.05979   2.19573 	Dead: 0
2   3.78107   0.054909    0.885462  2.19573 	Dead: 0
3   3.63279   0.0542748   0.875236  2.10034 	Dead: 0
4   3.5658    0.0547861   0.883481  2.10034 	Dead: 0
5   3.45088   0.0497023   0.8015    2.10034 	Dead: 0
6   3.41147   0.0502586   0.81047   2.10034 	Dead: 0
7   3.38058   0.0510683   0.823528  2.04868 	Dead: 0
8   3.31543   0.047991    0.773903  2.00774 	Dead: 0
9   3.28922   0.0488168   0.78722   2.00774 	Dead: 0
10  3.28185   0.0499254   0.805098  2.00774 	Dead: 0
11  3.23901   0.0487235   0.785715  1.98921 	Dead: 0
12  3.25536   0.0487725   0.786505  1.98921 	Dead: 0
13  3.25216   0.053078    0.855936  1.98921 	Dead: 0
14  3.23574   0.0525304   0.847106  1.98921 	Dead: 0
15  3.21368   0.0510831   0.823766  1.98921 	Dead: 0
16  3.21334   0.0518574   0.836253  1.98921 	Dead: 0
17  3.17824   0.049272    0.79456   1.98921 	Dead: 0
18  3.20259   0.0521548   0.841049  1.98921 	Dead: 0
19  3.17116   0.0500297   0.806779  1.98921 	Dead: 0
20  3.21203   0.0529034   0.85312   1.98921 	Dead: 0
21  3.14818   0.0501241   0.808301  1.98921 	Dead: 0
22  3.158     0.0502167   0.809795  1.98921 	Dead: 0
23  3.13835   0.0526014   0.84825   1.98921 	Dead: 0
24  3.11322   0.0501122   0.808109  1.98921 	Dead: 0
25  3.12875   0.0513388   0.827889  1.98921 	Dead: 0
26  3.1148    0.0498983   0.80466   1.98703 	Dead: 0
27  3.12504   0.0520302   0.839038  1.98703 	Dead: 0
28  3.11247   0.0500119   0.806492  1.98703 	Dead: 0
29  3.14123   0.0523469   0.844146  1.98703 	Dead: 0
30  3.13167   0.0534109   0.861304  1.98703 	Dead: 0
31  3.09022   0.0506412   0.81664   1.98703 	Dead: 0
32  3.09296   0.0501549   0.808797  1.98703 	Dead: 0
33  3.09749   0.0509991   0.822412  1.98703 	Dead: 0
34  3.08768   0.051081    0.823732  1.98703 	Dead: 0
35  3.05599   0.0487903   0.786793  1.94857 	Dead: 0
36  3.03133   0.0488423   0.787631  1.94857 	Dead: 0
37  3.06391   0.0499986   0.806278  1.94857 	Dead: 0
38  3.05437   0.0493303   0.7955    1.94857 	Dead: 0
39  3.05622   0.0496729   0.801025  1.94857 	Dead: 0
40  3.08139   0.0524669   0.846081  1.93818 	Dead: 0
41  3.05609   0.0492526   0.794247  1.93818 	Dead: 0
42  3.04754   0.0498592   0.80403   1.93818 	Dead: 0
43  3.04238   0.0502339   0.810071  1.93818 	Dead: 0
44  3.0296    0.0479567   0.773349  1.93818 	Dead: 0
45  3.04249   0.0503687   0.812245  1.93818 	Dead: 0
46  2.99157   0.0477688   0.77032   1.93818 	Dead: 0
47  3.00623   0.0487525   0.786183  1.93818 	Dead: 0
48  3.01537   0.0488556   0.787846  1.93818 	Dead: 0
49  2.99422   0.0487728   0.78651   1.93818 	Dead: 0
50  3.03525   0.0530531   0.855535  1.93818 	Dead: 0
51  3.01795   0.0514895   0.830319  1.93818 	Dead: 0
52  3.01624   0.0508038   0.819262  1.93818 	Dead: 0
53  3.00199   0.0508167   0.81947   1.93818 	Dead: 0
54  3.02351   0.0502594   0.810483  1.93818 	Dead: 0
55  2.98215   0.0485563   0.783019  1.93818 	Dead: 0
56  3.01547   0.0501377   0.808521  1.93818 	Dead: 0
57  3.00736   0.0501911   0.809382  1.69645 	Dead: 0
58  2.98772   0.0502126   0.809729  1.69645 	Dead: 0
59  2.93976   0.0468917   0.756176  1.69645 	Dead: 0
60  2.97497   0.0504708   0.813892  1.69645 	Dead: 0
61  2.96933   0.0494048   0.796702  1.69645 	Dead: 0
62  2.95441   0.0475213   0.766328  1.69645 	Dead: 0
63  2.97635   0.0483203   0.779213  1.69645 	Dead: 0
64  2.97651   0.0490143   0.790405  1.69645 	Dead: 0
65  2.99691   0.0509648   0.821858  1.69645 	Dead: 0
66  2.9768    0.0497664   0.802532  1.69645 	Dead: 0
67  2.98829   0.0494914   0.798099  1.69645 	Dead: 0
68  2.96971   0.0482644   0.778312  1.69645 	Dead: 0
69  2.97105   0.0471064   0.759638  1.69645 	Dead: 0
70  2.96963   0.0493922   0.796498  1.69645 	Dead: 0
71  2.97464   0.0500213   0.806643  1.69645 	Dead: 0
72  2.92549   0.046677    0.752714  1.69645 	Dead: 0
73  2.95879   0.0499126   0.804891  1.69645 	Dead: 0
74  2.96797   0.0506579   0.81691   1.69645 	Dead: 0
75  2.95842   0.0480607   0.775026  1.69645 	Dead: 0
76  2.98429   0.0496856   0.801231  1.69645 	Dead: 0
77  2.95317   0.0474499   0.765178  1.69645 	Dead: 0
78  2.94836   0.0478899   0.772273  1.69645 	Dead: 0
79  2.9926    0.0518975   0.836899  1.69645 	Dead: 0
80  2.95151   0.0486367   0.784315  1.69645 	Dead: 0
81  2.95604   0.0497883   0.802886  1.69645 	Dead: 0
82  2.94463   0.0484402   0.781146  1.69645 	Dead: 0
83  2.96712   0.0509412   0.821478  1.69645 	Dead: 0
84  2.94603   0.0513316   0.827773  1.69645 	Dead: 0
85  2.90816   0.0482472   0.778034  1.69645 	Dead: 0
86  2.9309    0.0517031   0.833763  1.69645 	Dead: 0
87  2.92617   0.0485564   0.78302   1.69645 	Dead: 0
88  2.92698   0.048372    0.780047  1.69645 	Dead: 0
89  2.97799   0.0524317   0.845514  1.69645 	Dead: 0
90  2.98565   0.0523281   0.843843  1.69645 	Dead: 0
91  2.94123   0.048304    0.778951  1.69645 	Dead: 0
92  2.94582   0.0482206   0.777605  1.69645 	Dead: 0
93  2.89724   0.0443559   0.715283  1.69645 	Dead: 0
94  2.93272   0.0484903   0.781955  1.69645 	Dead: 0
95  2.95485   0.0501354   0.808483  1.69645 	Dead: 0
96  2.93244   0.0486551   0.784613  1.69645 	Dead: 0
97  2.9357    0.0475671   0.767066  1.69645 	Dead: 0
98  2.91655   0.0473802   0.764054  1.69645 	Dead: 0
99  2.92016   0.048776    0.786563  1.69645 	Dead: 0
100 2.90649   0.0479583   0.773375  1.69645 	Dead: 0
