0   4.41618   0.0669105   1.079     2.23007 	Dead: 0
1   3.83983   0.0530476   0.855446  2.00649 	Dead: 0
2   3.59269   0.0536306   0.864846  1.86733 	Dead: 0
3   3.41951   0.0480868   0.775448  1.86733 	Dead: 0
4   3.29831   0.0467283   0.753541  1.86733 	Dead: 0
5   3.24399   0.0490175   0.790456  1.86147 	Dead: 0
6   3.26514   0.0534326   0.861655  1.86147 	Dead: 0
7   3.17206   0.0483978   0.780463  1.86147 	Dead: 0
8   3.14203   0.0473303   0.763248  1.86147 	Dead: 0
9   3.10882   0.0494159   0.796881  1.86147 	Dead: 0
10  3.06488   0.0505855   0.815742  1.86147 	Dead: 0
11  3.05779   0.0521832   0.841506  1.86147 	Dead: 0
12  2.98463   0.048103    0.775708  1.86147 	Dead: 0
13  2.99302   0.0505019   0.814393  1.86147 	Dead: 0
14  2.96165   0.0516591   0.833055  1.84892 	Dead: 0
15  2.88639   0.0454982   0.733703  1.71855 	Dead: 0
16  2.85698   0.047835    0.771388  1.71855 	Dead: 0
17  2.84165   0.0458306   0.739064  1.71855 	Dead: 0
18  2.8203    0.0481817   0.776978  1.71855 	Dead: 0
19  2.76867   0.0453638   0.731537  1.71855 	Dead: 0
20  2.75098   0.0457996   0.738565  1.71855 	Dead: 0
21  2.73223   0.044027    0.70998   1.70888 	Dead: 0
22  2.70791   0.0471962   0.761086  1.60144 	Dead: 0
23  2.64223   0.0442162   0.713031  1.60144 	Dead: 0
24  2.59019   0.0424091   0.683889  1.60144 	Dead: 0
25  2.57816   0.0435335   0.702021  1.60144 	Dead: 0
26  2.55008   0.0433436   0.698958  1.60144 	Dead: 0
27  2.53056   0.0435361   0.702064  1.60144 	Dead: 0
28  2.47504   0.0419344   0.676234  1.59696 	Dead: 0
29  2.44685   0.0404174   0.651771  1.51085 	Dead: 0
30  2.37884   0.0387069   0.624188  1.49862 	Dead: 0
31  2.36767   0.0373933   0.603005  1.49862 	Dead: 0
32  2.36438   0.0381625   0.615409  1.49862 	Dead: 0
33  2.345     0.039111    0.630703  1.49862 	Dead: 0
34  2.33024   0.0400484   0.64582   1.49862 	Dead: 0
35  2.29439   0.0363031   0.585423  1.49862 	Dead: 0
36  2.26631   0.0364683   0.588088  1.49862 	Dead: 0
37  2.27811   0.0385723   0.622017  1.49862 	Dead: 0
38  2.27556   0.0383517   0.618459  1.49862 	Dead: 0
39  2.24989   0.0376589   0.607288  1.49862 	Dead: 0
40  2.24058   0.037703    0.607999  1.49862 	Dead: 0
41  2.20049   0.036205    0.583842  1.42912 	Dead: 0
42  2.20985   0.0364495   0.587784  1.42912 	Dead: 0
43  2.21321   0.0389355   0.627874  1.32767 	Dead: 0
44  2.2069    0.0359541   0.579795  1.32767 	Dead: 0
45  2.20428   0.0358136   0.577531  1.32767 	Dead: 0
46  2.17554   0.0342702   0.552641  1.32767 	Dead: 0
47  2.1617    0.0329      0.530545  1.32767 	Dead: 0
48  2.15784   0.0318606   0.513784  1.32767 	Dead: 0
49  2.18232   0.0351301   0.566509  1.32767 	Dead: 0
50  2.1661    0.0357327   0.576226  1.32767 	Dead: 0
51  2.14794   0.0359765   0.580157  1.32767 	Dead: 0
52  2.10897   0.030795    0.496601  1.32767 	Dead: 0
53  2.13983   0.0353751   0.570459  1.32767 	Dead: 0
54  2.15322   0.036072    0.581697  1.32767 	Dead: 0
55  2.14196   0.0342673   0.552595  1.32767 	Dead: 0
56  2.14915   0.0356209   0.574422  1.32767 	Dead: 0
57  2.11885   0.0340091   0.54843   1.32767 	Dead: 0
58  2.13592   0.0353161   0.569508  1.32767 	Dead: 0
59  2.11671   0.0339061   0.54677   1.32767 	Dead: 0
60  2.12669   0.0359147   0.579161  1.32767 	Dead: 0
61  2.12648   0.0351549   0.566908  1.32767 	Dead: 0
62  2.12294   0.0353146   0.569483  1.32767 	Dead: 0
63  2.11143   0.0338217   0.545409  1.32767 	Dead: 0
64  2.10746   0.0353731   0.570427  1.32767 	Dead: 0
65  2.09926   0.0331205   0.534101  1.32767 	Dead: 0
66  2.1012    0.0334876   0.540021  1.32767 	Dead: 0
67  2.08421   0.0314123   0.506555  1.32767 	Dead: 0
68  2.12179   0.0363084   0.58551   1.32767 	Dead: 0
69  2.1117    0.0353077   0.569373  1.32767 	Dead: 0
70  2.09695   0.0344969   0.556296  1.32767 	Dead: 0
71  2.07764   0.0325508   0.524915  1.32767 	Dead: 0
72  2.07702   0.0326587   0.526654  1.32767 	Dead: 0
73  2.08535   0.0339429   0.547363  1.32767 	Dead: 0
74  2.08216   0.0343131   0.553334  1.32767 	Dead: 0
75  2.0859    0.034654    0.55883   1.32767 	Dead: 0
76  2.09172   0.0343083   0.553256  1.32767 	Dead: 0
77  2.07687   0.0337582   0.544385  1.32767 	Dead: 0
78  2.08569   0.034316    0.553379  1.32767 	Dead: 0
79  2.09466   0.033597    0.541785  1.32767 	Dead: 0
80  2.10318   0.0355324   0.572996  1.32767 	Dead: 0
81  2.06191   0.0322988   0.52085   1.31791 	Dead: 0
82  2.06106   0.032256    0.52016   1.31791 	Dead: 0
83  2.06305   0.0316339   0.510128  1.31791 	Dead: 0
84  2.09309   0.0348405   0.561837  1.31791 	Dead: 0
85  2.06801   0.0322265   0.519685  1.31791 	Dead: 0
86  2.06923   0.0345286   0.556808  1.31791 	Dead: 0
87  2.0717    0.0347434   0.560271  1.31791 	Dead: 0
88  2.11749   0.0392762   0.633368  1.31791 	Dead: 0
89  2.08539   0.0363871   0.586779  1.31791 	Dead: 0
90  2.05688   0.0337542   0.54432   1.31791 	Dead: 0
91  2.05688   0.0339194   0.546983  1.31791 	Dead: 0
92  2.06898   0.0349617   0.563793  1.31791 	Dead: 0
93  2.06374   0.0343755   0.554339  1.31791 	Dead: 0
94  2.06928   0.034353    0.553977  1.31791 	Dead: 0
95  2.07328   0.0341834   0.551242  1.31791 	Dead: 0
96  2.04465   0.0325417   0.524768  1.31791 	Dead: 0
97  2.07393   0.0349318   0.56331   1.31791 	Dead: 0
98  2.0545    0.032044    0.516742  1.31791 	Dead: 0
99  2.03781   0.032093    0.517532  1.31791 	Dead: 0
100 2.00399   0.0301611   0.486378  1.31791 	Dead: 0
