0   5280.54   5.05481     81.5139   5033    	Dead: 0
1   5060.93   4.08571     65.8862   4871    	Dead: 0
2   4891.1    3.41217     55.0247   4750    	Dead: 0
3   4754.17   3.06402     49.4103   4559    	Dead: 0
4   4613.31   3.07002     49.5072   4474    	Dead: 0
5   4497      2.38764     38.5031   4379    	Dead: 0
6   4402.62   2.17993     35.1535   4262    	Dead: 0
7   4312.6    2.05822     33.1908   4228    	Dead: 0
8   4235.92   1.86125     30.0145   4145    	Dead: 0
9   4172.38   1.66939     26.9206   4086    	Dead: 0
10  4113.19   1.56156     25.1817   4040    	Dead: 0
11  4058.29   1.32362     21.3446   3994    	Dead: 0
12  4017.28   1.27311     20.5301   3958    	Dead: 0
13  3980.71   1.13001     18.2225   3927    	Dead: 0
14  3950.11   1.09496     17.6573   3907    	Dead: 0
15  3923.91   1.03506     16.6914   3876    	Dead: 0
16  3898.97   1.05648     17.0367   3845    	Dead: 0
17  3874.43   1.04189     16.8014   3816    	Dead: 0
18  3854.66   0.94648     15.2629   3811    	Dead: 0
19  3836.56   0.959507    15.473    3772    	Dead: 0
20  3818.39   0.901616    14.5395   3772    	Dead: 0
21  3802.45   0.882293    14.2279   3757    	Dead: 0
22  3788.39   0.874412    14.1008   3747    	Dead: 0
23  3776.7    0.8738      14.0909   3739    	Dead: 0
24  3763.41   0.918366    14.8096   3722    	Dead: 0
25  3751.99   0.947961    15.2868   3712    	Dead: 0
26  3741.5    0.951138    15.3381   3703    	Dead: 0
27  3731.86   0.893746    14.4125   3700    	Dead: 0
28  3724.65   0.901575    14.5388   3689    	Dead: 0
29  3716.3    0.969415    15.6328   3680    	Dead: 0
30  3705.53   0.983555    15.8608   3660    	Dead: 0
31  3691.32   0.99588     16.0596   3645    	Dead: 0
32  3675.51   0.983955    15.8673   3624    	Dead: 0
33  3661.87   0.958133    15.4509   3620    	Dead: 0
34  3649.76   0.984176    15.8708   3612    	Dead: 0
35  3639.29   1.00623     16.2265   3598    	Dead: 0
36  3630.19   1.02922     16.5972   3590    	Dead: 0
37  3620.05   1.06652     17.1987   3584    	Dead: 0
38  3610.11   1.09611     17.6758   3569    	Dead: 0
39  3598.82   1.0306      16.6195   3560    	Dead: 0
40  3590.29   1.0531      16.9823   3543    	Dead: 0
41  3582.26   1.10943     17.8907   3543    	Dead: 0
42  3573.63   1.1147      17.9757   3529    	Dead: 0
43  3565.77   1.11182     17.9292   3506    	Dead: 0
44  3557.55   1.07959     17.4094   3506    	Dead: 0
45  3549.22   1.13507     18.3041   3506    	Dead: 0
46  3541.35   1.11361     17.9581   3506    	Dead: 0
47  3534.55   1.11536     17.9864   3478    	Dead: 0
48  3525.16   1.1305      18.2304   3476    	Dead: 0
49  3514.44   1.08514     17.4989   3473    	Dead: 0
50  3505.83   1.07905     17.4007   3460    	Dead: 0
51  3497.35   1.114       17.9644   3453    	Dead: 0
52  3490.51   1.08475     17.4926   3452    	Dead: 0
53  3485.49   1.12005     18.0619   3446    	Dead: 0
54  3479.52   1.06779     17.2192   3446    	Dead: 0
55  3477.33   1.23557     19.9248   3439    	Dead: 0
56  3471.8    1.19404     19.2551   3437    	Dead: 0
57  3469.22   1.26615     20.4179   3425    	Dead: 0
58  3462.75   1.15686     18.6555   3422    	Dead: 0
59  3458.95   1.18539     19.1157   3418    	Dead: 0
60  3452.7    1.21249     19.5527   3403    	Dead: 0
61  3443.03   1.23566     19.9263   3396    	Dead: 0
62  3432.79   1.17182     18.8968   3389    	Dead: 0
63  3423.51   1.08593     17.5118   3389    	Dead: 0
64  3416.33   1.04102     16.7875   3381    	Dead: 0
65  3412.49   1.10703     17.8519   3378    	Dead: 0
66  3408.63   1.14079     18.3964   3368    	Dead: 0
67  3404.45   1.11656     18.0057   3363    	Dead: 0
68  3398.57   1.17293     18.9146   3356    	Dead: 0
69  3394.21   1.21608     19.6105   3355    	Dead: 0
70  3388.98   1.19878     19.3315   3355    	Dead: 0
71  3385.12   1.15725     18.6619   3345    	Dead: 0
72  3380.48   1.13345     18.2781   3345    	Dead: 0
73  3377.72   1.18801     19.1578   3345    	Dead: 0
74  3375.02   1.18922     19.1773   3345    	Dead: 0
75  3371.23   1.14407     18.4492   3341    	Dead: 0
76  3368.52   1.16754     18.8278   3340    	Dead: 0
77  3365.82   1.13298     18.2705   3337    	Dead: 0
78  3362.84   1.09071     17.5887   3336    	Dead: 0
79  3360.55   1.10601     17.8355   3331    	Dead: 0
80  3359.39   1.17301     18.916    3329    	Dead: 0
81  3357.18   1.12956     18.2153   3326    	Dead: 0
82  3355.13   1.12461     18.1355   3317    	Dead: 0
83  3352.17   1.15262     18.5872   3317    	Dead: 0
84  3349.32   1.14668     18.4914   3316    	Dead: 0
85  3346.89   1.16313     18.7566   3310    	Dead: 0
86  3344.05   1.28856     20.7793   3298    	Dead: 0
87  3339.7    1.30084     20.9773   3297    	Dead: 0
88  3336      1.40367     22.6357   3293    	Dead: 0
89  3330.7    1.35534     21.8562   3287    	Dead: 0
90  3324.14   1.2681      20.4493   3263    	Dead: 0
91  3317.48   1.34387     21.6713   3263    	Dead: 0
92  3310.56   1.47477     23.7821   3263    	Dead: 0
93  3302.83   1.32951     21.4397   3256    	Dead: 0
94  3296.49   1.35275     21.8145   3254    	Dead: 0
95  3291.22   1.39644     22.519    3246    	Dead: 0
96  3286.82   1.35527     21.8551   3246    	Dead: 0
97  3284.13   1.32323     21.3385   3244    	Dead: 0
98  3281.86   1.39588     22.5099   3244    	Dead: 0
99  3278.7    1.30922     21.1125   3241    	Dead: 0
100 3277.45   1.42992     23.0589   3239    	Dead: 0
