0   5273.58   4.8064      77.508    5016    	Dead: 0
1   5037.44   4.54764     73.3352   4741    	Dead: 0
2   4831.39   4.03861     65.1266   4624    	Dead: 0
3   4673.31   3.27865     52.8716   4521    	Dead: 0
4   4529.31   3.02435     48.7707   4403    	Dead: 0
5   4417.81   2.13554     34.4378   4303    	Dead: 0
6   4322.99   2.12362     34.2456   4204    	Dead: 0
7   4232.06   1.92505     31.0434   4134    	Dead: 0
8   4163.8    1.65074     26.6199   4061    	Dead: 0
9   4104.4    1.56678     25.2659   4021    	Dead: 0
10  4051.57   1.43286     23.1063   3967    	Dead: 0
11  4005.67   1.34647     21.7132   3940    	Dead: 0
12  3961.47   1.21393     19.5758   3899    	Dead: 0
13  3926.45   1.18047     19.0363   3864    	Dead: 0
14  3894.64   1.10989     17.8982   3848    	Dead: 0
15  3871.7    0.998621    16.1038   3817    	Dead: 0
16  3850.72   0.980704    15.8148   3800    	Dead: 0
17  3825.11   0.998703    16.1051   3776    	Dead: 0
18  3802.17   0.918411    14.8103   3761    	Dead: 0
19  3784.56   0.905818    14.6072   3734    	Dead: 0
20  3768.03   0.92847     14.9725   3722    	Dead: 0
21  3752.43   0.888358    14.3257   3717    	Dead: 0
22  3738.46   0.856207    13.8072   3703    	Dead: 0
23  3726.16   0.873156    14.0805   3692    	Dead: 0
24  3715.52   0.881241    14.2109   3677    	Dead: 0
25  3705.19   0.839275    13.5342   3675    	Dead: 0
26  3694.13   0.820668    13.2341   3653    	Dead: 0
27  3683.53   0.815219    13.1462   3651    	Dead: 0
28  3673.73   0.823891    13.2861   3644    	Dead: 0
29  3665.62   0.797799    12.8653   3635    	Dead: 0
30  3660.53   0.827374    13.3422   3635    	Dead: 0
31  3655.46   0.816113    13.1606   3623    	Dead: 0
32  3651.47   0.843763    13.6065   3623    	Dead: 0
33  3646.62   0.841995    13.578    3613    	Dead: 0
34  3641.84   0.913564    14.7321   3613    	Dead: 0
35  3636.25   0.910035    14.6752   3604    	Dead: 0
36  3631.8    0.974237    15.7106   3594    	Dead: 0
37  3626.16   0.968099    15.6116   3588    	Dead: 0
38  3619.73   1.0114      16.3098   3581    	Dead: 0
39  3613.09   1.08906     17.5622   3567    	Dead: 0
40  3605.41   1.04362     16.8294   3565    	Dead: 0
41  3596.5    1.17805     18.9973   3542    	Dead: 0
42  3586.1    1.11159     17.9254   3542    	Dead: 0
43  3578.37   1.13342     18.2776   3539    	Dead: 0
44  3571.76   1.17987     19.0266   3518    	Dead: 0
45  3562.34   1.09951     17.7306   3518    	Dead: 0
46  3554.31   1.1362      18.3224   3514    	Dead: 0
47  3548.48   1.16195     18.7376   3508    	Dead: 0
48  3541.78   1.1884      19.1642   3503    	Dead: 0
49  3535.51   1.20758     19.4735   3502    	Dead: 0
50  3529.58   1.17917     19.0152   3492    	Dead: 0
51  3525.35   1.19403     19.2549   3492    	Dead: 0
52  3521.04   1.14311     18.4339   3486    	Dead: 0
53  3519.3    1.25813     20.2886   3480    	Dead: 0
54  3514.73   1.20613     19.45     3477    	Dead: 0
55  3510.02   1.26426     20.3875   3459    	Dead: 0
56  3506.21   1.33587     21.5422   3458    	Dead: 0
57  3501.2    1.26937     20.4699   3458    	Dead: 0
58  3496.65   1.3545      21.8426   3453    	Dead: 0
59  3492.4    1.42671     23.0071   3447    	Dead: 0
60  3487.32   1.40674     22.6851   3445    	Dead: 0
61  3483.64   1.41588     22.8326   3438    	Dead: 0
62  3477.57   1.40417     22.6437   3428    	Dead: 0
63  3474.22   1.40209     22.6101   3428    	Dead: 0
64  3470.9    1.49559     24.1179   3428    	Dead: 0
65  3465.93   1.46532     23.6297   3425    	Dead: 0
66  3462.28   1.54255     24.8752   3422    	Dead: 0
67  3458.01   1.60767     25.9254   3421    	Dead: 0
68  3453.41   1.54386     24.8963   3416    	Dead: 0
69  3451.25   1.57709     25.4322   3411    	Dead: 0
70  3449.19   1.61673     26.0714   3411    	Dead: 0
71  3447.69   1.60305     25.8508   3411    	Dead: 0
72  3444.91   1.5786      25.4566   3411    	Dead: 0
73  3444.13   1.59756     25.7623   3405    	Dead: 0
74  3443.21   1.61498     26.0432   3405    	Dead: 0
75  3441.49   1.59582     25.7341   3404    	Dead: 0
76  3440.59   1.5749      25.3968   3404    	Dead: 0
77  3439.21   1.59041     25.6469   3404    	Dead: 0
78  3439.81   1.71122     27.5951   3404    	Dead: 0
79  3436.69   1.60789     25.9288   3403    	Dead: 0
80  3435.09   1.58654     25.5845   3397    	Dead: 0
81  3432.66   1.5913      25.6613   3397    	Dead: 0
82  3431.37   1.56189     25.1871   3397    	Dead: 0
83  3429.93   1.61512     26.0454   3393    	Dead: 0
84  3429.5    1.64324     26.4989   3391    	Dead: 0
85  3426.69   1.56662     25.2634   3390    	Dead: 0
86  3426.43   1.63106     26.3024   3390    	Dead: 0
87  3424.2    1.56987     25.3157   3390    	Dead: 0
88  3423.93   1.66283     26.8148   3386    	Dead: 0
89  3421.18   1.59922     25.7891   3386    	Dead: 0
90  3421.13   1.64828     26.5801   3385    	Dead: 0
91  3418.54   1.58911     25.626    3385    	Dead: 0
92  3416.31   1.59558     25.7304   3383    	Dead: 0
93  3416.59   1.668       26.8982   3382    	Dead: 0
94  3414.07   1.61068     25.9739   3382    	Dead: 0
95  3412.27   1.63108     26.3029   3374    	Dead: 0
96  3410.75   1.59886     25.7832   3367    	Dead: 0
97  3408.95   1.67197     26.9622   3367    	Dead: 0
98  3406.31   1.66405     26.8344   3367    	Dead: 0
99  3404.06   1.6255      26.2128   3362    	Dead: 0
100 3401.35   1.66638     26.872    3362    	Dead: 0
