0   12.7616   0.078046    1.25857   9.19007 	Dead: 0
1   11.8923   0.0667925   1.0771    9.19007 	Dead: 0
2   11.3991   0.0560964   0.904611  8.79804 	Dead: 0
3   11.1794   0.0583329   0.940676  8.79804 	Dead: 0
4   11.0141   0.0617605   0.99595   8.58758 	Dead: 0
5   10.807    0.059195    0.954579  8.54865 	Dead: 0
6   10.6654   0.0605021   0.975657  8.00108 	Dead: 0
7   10.5919   0.063703    1.02728   8.00108 	Dead: 0
8   10.5238   0.0658469   1.06185   8.00108 	Dead: 0
9   10.3928   0.0665218   1.07273   7.89333 	Dead: 0
10  10.3559   0.0699043   1.12728   7.89333 	Dead: 0
11  10.2304   0.0698215   1.12594   7.33844 	Dead: 0
12  10.0878   0.0682938   1.10131   7.33844 	Dead: 0
13  9.94564   0.0671926   1.08355   7.33844 	Dead: 0
14  9.81243   0.0699094   1.12736   7.23266 	Dead: 0
15  9.66537   0.0683335   1.10195   7.07937 	Dead: 0
16  9.52077   0.0685344   1.10519   7.07937 	Dead: 0
17  9.34232   0.0681413   1.09885   6.50399 	Dead: 0
18  9.1347    0.0662465   1.06829   6.50399 	Dead: 0
19  8.91982   0.0649869   1.04798   6.34326 	Dead: 0
20  8.71029   0.0659449   1.06343   6.34326 	Dead: 0
21  8.5252    0.062909    1.01447   6.32069 	Dead: 0
22  8.32775   0.0589101   0.949985  5.76075 	Dead: 0
23  8.16979   0.0621782   1.00269   5.76075 	Dead: 0
24  8.01384   0.0597159   0.962979  5.76075 	Dead: 0
25  7.90277   0.061658    0.994297  5.76075 	Dead: 0
26  7.79152   0.0612757   0.988132  5.76075 	Dead: 0
27  7.71646   0.0616942   0.994881  5.76075 	Dead: 0
28  7.6496    0.0616255   0.993773  5.76075 	Dead: 0
29  7.59183   0.0620539   1.00068   5.66229 	Dead: 0
30  7.56583   0.0632206   1.0195    5.66229 	Dead: 0
31  7.55795   0.0659318   1.06322   5.36396 	Dead: 0
32  7.47622   0.0647125   1.04355   5.36396 	Dead: 0
33  7.42018   0.065245    1.05214   5.36396 	Dead: 0
34  7.40986   0.0675675   1.08959   5.36396 	Dead: 0
35  7.37279   0.0649261   1.047     5.23302 	Dead: 0
36  7.34229   0.0679264   1.09538   5.23302 	Dead: 0
37  7.29667   0.0675123   1.0887    5.23302 	Dead: 0
38  7.3194    0.0688688   1.11058   4.97599 	Dead: 0
39  7.27263   0.0671827   1.08339   4.97599 	Dead: 0
40  7.26865   0.0673242   1.08567   4.97599 	Dead: 0
41  7.23976   0.0665512   1.07321   4.97599 	Dead: 0
42  7.20576   0.066041    1.06498   4.97599 	Dead: 0
43  7.20908   0.0684205   1.10335   4.97599 	Dead: 0
44  7.19401   0.0674723   1.08806   4.97599 	Dead: 0
45  7.18917   0.0690392   1.11333   4.97599 	Dead: 0
46  7.18899   0.0688994   1.11107   4.97599 	Dead: 0
47  7.15815   0.0679912   1.09643   4.97599 	Dead: 0
48  7.1257    0.0684606   1.10399   4.97599 	Dead: 0
49  7.12234   0.0693305   1.11802   4.97599 	Dead: 0
50  7.13019   0.0712399   1.14882   4.97599 	Dead: 0
51  7.14503   0.0713863   1.15118   4.97599 	Dead: 0
52  7.13645   0.0710523   1.14579   4.97599 	Dead: 0
53  7.08566   0.0708189   1.14203   4.97599 	Dead: 0
54  7.09168   0.0695834   1.1221    4.97599 	Dead: 0
55  7.0492    0.0684216   1.10337   4.97599 	Dead: 0
56  7.03688   0.0693397   1.11817   4.97599 	Dead: 0
57  7.0457    0.0696933   1.12387   4.97599 	Dead: 0
58  7.04457   0.0719353   1.16003   4.40689 	Dead: 0
59  7.01682   0.0717802   1.15753   4.40689 	Dead: 0
60  7.04122   0.0722722   1.16546   4.40689 	Dead: 0
61  7.04169   0.0742482   1.19733   4.40689 	Dead: 0
62  7.05122   0.0736254   1.18728   4.40689 	Dead: 0
63  6.98806   0.0696653   1.12342   4.40689 	Dead: 0
64  6.99849   0.0704048   1.13535   4.40689 	Dead: 0
65  6.98175   0.0710316   1.14546   4.40689 	Dead: 0
66  6.99734   0.0730587   1.17814   4.40689 	Dead: 0
67  7.00073   0.0729284   1.17604   4.40689 	Dead: 0
68  7.00475   0.07555     1.21832   4.40689 	Dead: 0
69  6.941     0.0732827   1.18176   4.40689 	Dead: 0
70  6.93915   0.0723099   1.16607   4.40689 	Dead: 0
71  6.90881   0.0709378   1.14394   4.40689 	Dead: 0
72  6.87016   0.0691308   1.1148    4.40689 	Dead: 0
73  6.9055    0.071752    1.15707   4.40689 	Dead: 0
74  6.9191    0.0718539   1.15872   4.40689 	Dead: 0
75  6.90432   0.0723187   1.16621   4.40689 	Dead: 0
76  6.92512   0.0744535   1.20064   4.40689 	Dead: 0
77  6.89567   0.0740972   1.19489   4.40689 	Dead: 0
78  6.88038   0.0732986   1.18201   4.40689 	Dead: 0
79  6.86228   0.0746622   1.204     4.40689 	Dead: 0
80  6.89851   0.0742365   1.19714   4.40689 	Dead: 0
81  6.87536   0.0724708   1.16866   4.40689 	Dead: 0
82  6.9023    0.0751198   1.21138   4.40689 	Dead: 0
83  6.83482   0.0714306   1.15189   4.40689 	Dead: 0
84  6.85302   0.0732808   1.18173   4.40689 	Dead: 0
85  6.85232   0.0741826   1.19627   4.40689 	Dead: 0
86  6.84319   0.0750081   1.20958   4.40689 	Dead: 0
87  6.80332   0.0713352   1.15035   4.40689 	Dead: 0
88  6.82117   0.0741249   1.19534   4.40689 	Dead: 0
89  6.83168   0.0739914   1.19318   4.40689 	Dead: 0
90  6.82827   0.0735522   1.1861    4.40689 	Dead: 0
91  6.83788   0.0764209   1.23236   4.40689 	Dead: 0
92  6.81329   0.0744117   1.19996   4.40689 	Dead: 0
93  6.80472   0.0719313   1.15996   4.40689 	Dead: 0
94  6.78112   0.0714776   1.15265   4.40689 	Dead: 0
95  6.81085   0.0740904   1.19478   4.40689 	Dead: 0
96  6.76423   0.0725917   1.17061   4.40689 	Dead: 0
97  6.74847   0.0731895   1.18025   4.40689 	Dead: 0
98  6.74875   0.0710641   1.14598   4.40689 	Dead: 0
99  6.76784   0.0737181   1.18878   4.40689 	Dead: 0
100 6.79892   0.0769718   1.24125   4.40689 	Dead: 0
