0   12.5035   0.0764009   1.23204   9.08766 	Dead: 0
1   11.8158   0.065351    1.05385   9.08766 	Dead: 0
2   11.4105   0.0636871   1.02702   8.67671 	Dead: 0
3   11.0905   0.0608372   0.98106   7.76625 	Dead: 0
4   10.9486   0.0628564   1.01362   7.76625 	Dead: 0
5   10.7318   0.0627375   1.01171   7.76625 	Dead: 0
6   10.6151   0.0645136   1.04035   7.76625 	Dead: 0
7   10.4246   0.0639275   1.03089   7.76625 	Dead: 0
8   10.3197   0.0643997   1.03851   7.60833 	Dead: 0
9   10.1711   0.0619928   0.999696  7.46745 	Dead: 0
10  10.073    0.0642952   1.03683   7.46745 	Dead: 0
11  10.0379   0.0693065   1.11764   7.46745 	Dead: 0
12  9.90898   0.0665359   1.07296   7.46745 	Dead: 0
13  9.90082   0.0718463   1.15859   7.46745 	Dead: 0
14  9.81773   0.071279    1.14945   7.33726 	Dead: 0
15  9.70968   0.0697763   1.12521   7.33726 	Dead: 0
16  9.69037   0.0733118   1.18223   7.33726 	Dead: 0
17  9.55286   0.0690083   1.11283   7.33726 	Dead: 0
18  9.49088   0.0709557   1.14423   7.295   	Dead: 0
19  9.51813   0.0742775   1.1978    7.05935 	Dead: 0
20  9.43086   0.0729905   1.17705   7.05935 	Dead: 0
21  9.33385   0.0699711   1.12835   7.05935 	Dead: 0
22  9.27903   0.0711355   1.14713   6.92086 	Dead: 0
23  9.23585   0.0761466   1.22794   6.62678 	Dead: 0
24  9.09131   0.0709938   1.14485   6.62678 	Dead: 0
25  9.04456   0.0719199   1.15978   6.59392 	Dead: 0
26  8.96452   0.0692896   1.11736   6.59392 	Dead: 0
27  8.92593   0.0717225   1.1566    6.59392 	Dead: 0
28  8.86151   0.073471    1.18479   6.59392 	Dead: 0
29  8.80916   0.0761274   1.22763   6.59392 	Dead: 0
30  8.72862   0.0733748   1.18324   6.59273 	Dead: 0
31  8.68545   0.0725317   1.16965   6.40517 	Dead: 0
32  8.6622    0.0755845   1.21888   6.40517 	Dead: 0
33  8.63157   0.0784942   1.2658    6.33449 	Dead: 0
34  8.5148    0.0733571   1.18296   6.20026 	Dead: 0
35  8.50466   0.0766083   1.23539   6.20026 	Dead: 0
36  8.43337   0.0771578   1.24425   5.34386 	Dead: 0
37  8.39136   0.0753319   1.2148    5.34386 	Dead: 0
38  8.3725    0.0794602   1.28137   5.34386 	Dead: 0
39  8.32563   0.0773879   1.24796   5.34386 	Dead: 0
40  8.23803   0.0736366   1.18746   5.34386 	Dead: 0
41  8.21566   0.0748033   1.20628   5.34386 	Dead: 0
42  8.18557   0.0749414   1.20851   5.34386 	Dead: 0
43  8.15468   0.0757247   1.22114   5.34386 	Dead: 0
44  8.16693   0.0795625   1.28303   5.34386 	Dead: 0
45  8.09861   0.0783109   1.26284   5.34386 	Dead: 0
46  8.07372   0.0758338   1.2229    5.34386 	Dead: 0
47  7.99853   0.0746432   1.2037    5.34386 	Dead: 0
48  7.96043   0.0764774   1.23327   5.30292 	Dead: 0
49  7.9329    0.0790643   1.27499   5.30292 	Dead: 0
50  7.86507   0.0754266   1.21633   5.30292 	Dead: 0
51  7.85083   0.0776709   1.25252   5.30292 	Dead: 0
52  7.77134   0.0770797   1.24299   5.30292 	Dead: 0
53  7.70332   0.0771552   1.24421   5.30292 	Dead: 0
54  7.60525   0.0726118   1.17094   5.15284 	Dead: 0
55  7.56514   0.0726797   1.17203   5.15284 	Dead: 0
56  7.56926   0.0764021   1.23206   5.15284 	Dead: 0
57  7.45142   0.0716314   1.15513   5.15284 	Dead: 0
58  7.40491   0.0735402   1.18591   4.38689 	Dead: 0
59  7.41222   0.0761789   1.22846   4.38689 	Dead: 0
60  7.33444   0.0741725   1.19611   4.38689 	Dead: 0
61  7.33499   0.0756742   1.22032   4.38689 	Dead: 0
62  7.24231   0.0704186   1.13557   4.38689 	Dead: 0
63  7.23857   0.0775977   1.25134   4.38689 	Dead: 0
64  7.18925   0.0760389   1.2262    4.38689 	Dead: 0
65  7.14331   0.0762473   1.22956   4.38689 	Dead: 0
66  7.07349   0.0726853   1.17212   4.38689 	Dead: 0
67  7.05494   0.0713131   1.14999   4.38689 	Dead: 0
68  7.04742   0.0719646   1.1605    4.38689 	Dead: 0
69  7.00704   0.0715188   1.15331   4.38689 	Dead: 0
70  6.97427   0.0736974   1.18844   4.38689 	Dead: 0
71  6.92508   0.0705429   1.13757   4.38689 	Dead: 0
72  6.88888   0.0691873   1.11571   4.38689 	Dead: 0
73  6.8692    0.070863    1.14274   4.38689 	Dead: 0
74  6.82758   0.0719643   1.1605    4.38689 	Dead: 0
75  6.81422   0.0718475   1.15861   4.38689 	Dead: 0
76  6.86016   0.0759255   1.22437   4.38689 	Dead: 0
77  6.78488   0.0736579   1.18781   4.38689 	Dead: 0
78  6.73642   0.0694551   1.12003   4.38689 	Dead: 0
79  6.73786   0.0717972   1.1578    4.38689 	Dead: 0
80  6.76122   0.0752454   1.21341   4.38689 	Dead: 0
81  6.70852   0.0719868   1.16086   4.38689 	Dead: 0
82  6.68018   0.0695861   1.12214   4.38689 	Dead: 0
83  6.69037   0.0745695   1.20251   4.38689 	Dead: 0
84  6.69678   0.073217    1.1807    4.38689 	Dead: 0
85  6.64892   0.0728471   1.17473   4.38689 	Dead: 0
86  6.66687   0.0761463   1.22794   4.38689 	Dead: 0
87  6.62705   0.0740476   1.19409   4.24831 	Dead: 0
88  6.56169   0.0707389   1.14074   4.24831 	Dead: 0
89  6.58703   0.0747986   1.2062    4.24831 	Dead: 0
90  6.56664   0.0721348   1.16325   4.24831 	Dead: 0
91  6.53067   0.0716421   1.1553    4.24831 	Dead: 0
92  6.50323   0.0703793   1.13494   4.24831 	Dead: 0
93  6.52782   0.0753706   1.21543   4.24831 	Dead: 0
94  6.5284    0.0767001   1.23687   4.24831 	Dead: 0
95  6.4823    0.0748347   1.20678   4.24831 	Dead: 0
96  6.49223   0.076692    1.23674   4.24831 	Dead: 0
97  6.45168   0.0742712   1.1977    4.24831 	Dead: 0
98  6.43125   0.0730545   1.17808   4.24831 	Dead: 0
99  6.44463   0.0754727   1.21707   4.24831 	Dead: 0
100 6.45867   0.076874    1.23967   4.24831 	Dead: 0
