0   12.2834   0.0707778   1.14136   9.27337 	Dead: 0
1   11.6847   0.0621197   1.00174   8.76933 	Dead: 0
2   11.3062   0.0571615   0.921787  8.76933 	Dead: 0
3   11.0415   0.0559371   0.902042  8.3305  	Dead: 0
4   10.8626   0.0590251   0.951839  8.3305  	Dead: 0
5   10.7018   0.0589094   0.949973  8.3305  	Dead: 0
6   10.4949   0.0599425   0.966633  8.3305  	Dead: 0
7   10.3295   0.0608266   0.98089   7.65477 	Dead: 0
8   10.1781   0.0584551   0.942647  7.65477 	Dead: 0
9   10.0802   0.0621012   1.00144   7.65477 	Dead: 0
10  9.9111    0.0595046   0.959572  7.40907 	Dead: 0
11  9.78123   0.0619433   0.998898  7.40907 	Dead: 0
12  9.69469   0.0612176   0.987195  7.40907 	Dead: 0
13  9.56018   0.062796    1.01265   7.34805 	Dead: 0
14  9.51277   0.0655276   1.0567    7.20693 	Dead: 0
15  9.42083   0.0641372   1.03428   7.20693 	Dead: 0
16  9.36194   0.0641256   1.03409   7.20693 	Dead: 0
17  9.28784   0.0630864   1.01733   7.20693 	Dead: 0
18  9.18577   0.0643624   1.03791   7.0192  	Dead: 0
19  9.11062   0.0631832   1.01889   6.91644 	Dead: 0
20  9.00901   0.0632036   1.01922   6.70803 	Dead: 0
21  8.92319   0.0644185   1.03881   6.64659 	Dead: 0
22  8.82534   0.0626021   1.00952   6.64659 	Dead: 0
23  8.82378   0.0687716   1.10901   6.64394 	Dead: 0
24  8.73394   0.0681501   1.09899   5.99537 	Dead: 0
25  8.63329   0.0664547   1.07165   5.99537 	Dead: 0
26  8.61494   0.0684895   1.10446   5.99537 	Dead: 0
27  8.58541   0.0689932   1.11258   5.99537 	Dead: 0
28  8.50259   0.0660553   1.06521   5.99537 	Dead: 0
29  8.47252   0.0668837   1.07857   5.99537 	Dead: 0
30  8.43749   0.0697948   1.12551   5.99537 	Dead: 0
31  8.3752    0.0685846   1.106     5.99537 	Dead: 0
32  8.40266   0.0706611   1.13948   5.99537 	Dead: 0
33  8.36271   0.070073    1.13      5.99537 	Dead: 0
34  8.37081   0.071305    1.14987   5.99537 	Dead: 0
35  8.3201    0.0715437   1.15371   5.99537 	Dead: 0
36  8.27353   0.0697002   1.12399   5.99537 	Dead: 0
37  8.28754   0.0713271   1.15022   5.99537 	Dead: 0
38  8.22761   0.0690681   1.11379   5.84072 	Dead: 0
39  8.16877   0.0702622   1.13305   5.84072 	Dead: 0
40  8.1326    0.0680728   1.09774   5.84072 	Dead: 0
41  8.11539   0.0689433   1.11178   5.84072 	Dead: 0
42  8.17881   0.0715679   1.1541    5.84072 	Dead: 0
43  8.09727   0.0663422   1.06983   5.84072 	Dead: 0
44  8.09986   0.0686335   1.10678   5.84072 	Dead: 0
45  8.11221   0.0720785   1.16234   5.84072 	Dead: 0
46  8.10562   0.0737311   1.18899   5.84072 	Dead: 0
47  8.08193   0.0748373   1.20683   5.68462 	Dead: 0
48  7.9891    0.0697855   1.12536   5.4636  	Dead: 0
49  7.96373   0.0699142   1.12744   5.4636  	Dead: 0
50  7.92179   0.0703824   1.13499   5.4636  	Dead: 0
51  7.92905   0.0716595   1.15558   5.4636  	Dead: 0
52  7.89234   0.0693032   1.11758   5.4636  	Dead: 0
53  7.91834   0.07215     1.16349   5.4636  	Dead: 0
54  7.90354   0.0726026   1.17079   5.4636  	Dead: 0
55  7.90154   0.0731069   1.17892   5.4636  	Dead: 0
56  7.86888   0.0725197   1.16945   5.4636  	Dead: 0
57  7.84469   0.0719547   1.16034   5.4636  	Dead: 0
58  7.80364   0.0736894   1.18832   5.4636  	Dead: 0
59  7.77045   0.0726477   1.17152   5.4636  	Dead: 0
60  7.71991   0.0717286   1.1567    5.40284 	Dead: 0
61  7.74057   0.0730476   1.17797   5.40284 	Dead: 0
62  7.69248   0.0711968   1.14812   5.40284 	Dead: 0
63  7.68055   0.0735679   1.18636   5.40284 	Dead: 0
64  7.71068   0.0746099   1.20316   5.40284 	Dead: 0
65  7.6827    0.0733122   1.18223   5.40284 	Dead: 0
66  7.63455   0.0711271   1.147     5.26262 	Dead: 0
67  7.61312   0.0728025   1.17401   5.26262 	Dead: 0
68  7.5759    0.0714779   1.15265   5.26262 	Dead: 0
69  7.52621   0.069434    1.11969   5.26262 	Dead: 0
70  7.52601   0.0709915   1.14481   5.26262 	Dead: 0
71  7.5117    0.0724947   1.16905   5.26262 	Dead: 0
72  7.47759   0.0710609   1.14593   5.26262 	Dead: 0
73  7.43764   0.0703959   1.1352    5.26262 	Dead: 0
74  7.44256   0.0722011   1.16432   5.26262 	Dead: 0
75  7.45108   0.0747367   1.2052    5.26262 	Dead: 0
76  7.39664   0.0720674   1.16216   5.26262 	Dead: 0
77  7.34722   0.0700953   1.13036   5.26262 	Dead: 0
78  7.33174   0.0701688   1.13154   5.26262 	Dead: 0
79  7.38392   0.0758591   1.2233    5.10865 	Dead: 0
80  7.32157   0.0716018   1.15465   5.10865 	Dead: 0
81  7.28845   0.0717549   1.15712   5.10865 	Dead: 0
82  7.27303   0.0728057   1.17407   5.10865 	Dead: 0
83  7.29348   0.0747183   1.20491   5.10865 	Dead: 0
84  7.23961   0.0739237   1.19209   5.10865 	Dead: 0
85  7.23029   0.0731859   1.1802    5.10865 	Dead: 0
86  7.2462    0.0731314   1.17932   5.10865 	Dead: 0
87  7.16337   0.0718655   1.1589    5.10865 	Dead: 0
88  7.07886   0.0691514   1.11513   5.10865 	Dead: 0
89  7.10084   0.0710094   1.1451    5.10865 	Dead: 0
90  7.04571   0.0702874   1.13345   5.09254 	Dead: 0
91  7.05546   0.070165    1.13148   5.09254 	Dead: 0
92  7.02493   0.069518    1.12105   5.09254 	Dead: 0
93  6.9404    0.0667488   1.07639   5.09254 	Dead: 0
94  6.98639   0.0709909   1.1448    5.09254 	Dead: 0
95  6.9818    0.0726915   1.17222   5.09254 	Dead: 0
96  6.98864   0.0717371   1.15683   5.09254 	Dead: 0
97  6.95397   0.0722844   1.16566   5.01104 	Dead: 0
98  6.95271   0.0726179   1.17104   5.01104 	Dead: 0
99  6.91746   0.0696517   1.1232    5.01104 	Dead: 0
100 6.90798   0.0710883   1.14637   4.93526 	Dead: 0
