0   12.3603   0.0803076   1.29504   9.24117 	Dead: 0
1   11.6081   0.0626936   1.011     8.95545 	Dead: 0
2   11.2688   0.0600701   0.96869   8.84321 	Dead: 0
3   10.9895   0.0617635   0.995997  7.63231 	Dead: 0
4   10.7903   0.0660635   1.06534   7.63231 	Dead: 0
5   10.5763   0.0647583   1.04429   7.63231 	Dead: 0
6   10.38     0.0647265   1.04378   7.63231 	Dead: 0
7   10.2629   0.0690194   1.11301   7.63231 	Dead: 0
8   10.1491   0.0704063   1.13537   7.63231 	Dead: 0
9   10.0336   0.0720125   1.16127   7.4723  	Dead: 0
10  9.88921   0.0719322   1.15998   7.26062 	Dead: 0
11  9.78016   0.0718044   1.15792   7.26062 	Dead: 0
12  9.69874   0.0708361   1.1423    7.17436 	Dead: 0
13  9.60808   0.0729382   1.1762    7.17436 	Dead: 0
14  9.54871   0.076014    1.2258    7.13127 	Dead: 0
15  9.49337   0.0772017   1.24496   7.05064 	Dead: 0
16  9.39278   0.0767697   1.23799   7.04415 	Dead: 0
17  9.24911   0.0735449   1.18599   7.01134 	Dead: 0
18  9.16442   0.0732313   1.18093   7.01134 	Dead: 0
19  9.06313   0.0756051   1.21921   6.30424 	Dead: 0
20  8.95615   0.0773239   1.24692   6.30424 	Dead: 0
21  8.80814   0.0738856   1.19148   6.07255 	Dead: 0
22  8.6495    0.0741892   1.19638   6.07255 	Dead: 0
23  8.47672   0.0687605   1.10883   6.07255 	Dead: 0
24  8.36621   0.0675703   1.08964   6.07255 	Dead: 0
25  8.32865   0.0703498   1.13446   6.07255 	Dead: 0
26  8.19224   0.0681035   1.09824   6.07255 	Dead: 0
27  8.06798   0.0663666   1.07023   5.82615 	Dead: 0
28  7.98227   0.0624685   1.00737   5.82615 	Dead: 0
29  7.95072   0.0665753   1.07359   5.78437 	Dead: 0
30  7.89172   0.0646603   1.04271   5.73351 	Dead: 0
31  7.83657   0.063185    1.01892   5.73351 	Dead: 0
32  7.74398   0.0620969   1.00137   5.73351 	Dead: 0
33  7.69783   0.0619539   0.999068  5.73351 	Dead: 0
34  7.63017   0.0626131   1.0097    5.17343 	Dead: 0
35  7.62997   0.0653822   1.05435   5.17343 	Dead: 0
36  7.61625   0.0674508   1.08771   5.17343 	Dead: 0
37  7.56672   0.0686424   1.10693   5.17343 	Dead: 0
38  7.5369    0.067825    1.09375   5.17343 	Dead: 0
39  7.47986   0.0663799   1.07044   5.17343 	Dead: 0
40  7.48213   0.0681275   1.09862   5.17343 	Dead: 0
41  7.43574   0.0676829   1.09145   5.17343 	Dead: 0
42  7.423     0.0700204   1.12915   5.17343 	Dead: 0
43  7.30488   0.0631918   1.01903   5.17255 	Dead: 0
44  7.29157   0.0649872   1.04798   5.17255 	Dead: 0
45  7.30283   0.0665411   1.07304   5.17255 	Dead: 0
46  7.31537   0.067379    1.08655   5.17255 	Dead: 0
47  7.27026   0.0665819   1.0737    5.17255 	Dead: 0
48  7.26558   0.0683392   1.10204   5.17255 	Dead: 0
49  7.18218   0.065154    1.05067   5.17255 	Dead: 0
50  7.19883   0.0676814   1.09143   5.17255 	Dead: 0
51  7.19696   0.0682654   1.10085   5.17255 	Dead: 0
52  7.16002   0.0680981   1.09815   5.17255 	Dead: 0
53  7.12427   0.0659561   1.06361   5.17255 	Dead: 0
54  7.16348   0.0693217   1.11788   5.17255 	Dead: 0
55  7.12832   0.0694123   1.11934   5.17255 	Dead: 0
56  7.1591    0.0726635   1.17177   5.17255 	Dead: 0
57  7.11173   0.0692728   1.11709   5.08824 	Dead: 0
58  7.08157   0.0686943   1.10776   5.08824 	Dead: 0
59  7.02632   0.0674279   1.08734   4.71683 	Dead: 0
60  6.98434   0.0668663   1.07829   4.71683 	Dead: 0
61  7.04467   0.0704324   1.13579   4.71683 	Dead: 0
62  7.03266   0.0689965   1.11264   4.59356 	Dead: 0
63  6.99989   0.0697136   1.1242    4.59356 	Dead: 0
64  6.99941   0.0701827   1.13177   4.59356 	Dead: 0
65  6.99624   0.0682342   1.10034   4.59356 	Dead: 0
66  6.99041   0.0684214   1.10336   4.59356 	Dead: 0
67  6.98596   0.0712103   1.14834   4.59356 	Dead: 0
68  6.9064    0.0660851   1.06569   4.59356 	Dead: 0
69  6.92583   0.0688207   1.1098    4.59356 	Dead: 0
70  6.95316   0.0703836   1.13501   4.59356 	Dead: 0
71  6.92827   0.0687072   1.10797   4.59356 	Dead: 0
72  6.9099    0.071112    1.14675   4.59356 	Dead: 0
73  6.86252   0.0676367   1.09071   4.59356 	Dead: 0
74  6.87087   0.0692575   1.11685   4.32162 	Dead: 0
75  6.85209   0.0698203   1.12592   4.32162 	Dead: 0
76  6.85046   0.0696522   1.12321   4.32162 	Dead: 0
77  6.86836   0.0696893   1.12381   4.32162 	Dead: 0
78  6.81976   0.0692982   1.1175    4.32162 	Dead: 0
79  6.7915    0.0685182   1.10492   4.32162 	Dead: 0
80  6.7738    0.0712831   1.14951   4.32162 	Dead: 0
81  6.7946    0.0768003   1.23848   4.32162 	Dead: 0
82  6.71577   0.0672851   1.08504   4.32162 	Dead: 0
83  6.7452    0.0702277   1.13249   4.32162 	Dead: 0
84  6.77465   0.0722863   1.16569   4.32162 	Dead: 0
85  6.71967   0.0686272   1.10668   4.32162 	Dead: 0
86  6.69816   0.0700802   1.13011   4.32162 	Dead: 0
87  6.72412   0.070941    1.14399   4.32162 	Dead: 0
88  6.67818   0.0707018   1.14014   4.32162 	Dead: 0
89  6.74875   0.0741884   1.19636   4.32162 	Dead: 0
90  6.70425   0.0701095   1.13059   4.32162 	Dead: 0
91  6.68253   0.0715575   1.15394   4.32162 	Dead: 0
92  6.66326   0.071432    1.15191   4.32162 	Dead: 0
93  6.6559    0.0707407   1.14077   4.32162 	Dead: 0
94  6.60423   0.0693697   1.11866   4.32162 	Dead: 0
95  6.6731    0.0735604   1.18624   4.32162 	Dead: 0
96  6.65699   0.0730271   1.17764   4.32162 	Dead: 0
97  6.65346   0.0722389   1.16492   4.32162 	Dead: 0
98  6.65185   0.0729016   1.17561   4.32162 	Dead: 0
99  6.63889   0.0750161   1.20971   4.32162 	Dead: 0
100 6.57386   0.0701879   1.13185   4.32162 	Dead: 0
