0   12.4592   0.0733103   1.1822    9.12957 	Dead: 0
1   11.7761   0.0615671   0.992832  8.42487 	Dead: 0
2   11.4411   0.0582943   0.940053  8.42487 	Dead: 0
3   11.1895   0.0599054   0.966034  8.42487 	Dead: 0
4   10.9824   0.0621879   1.00284   8.42487 	Dead: 0
5   10.7535   0.0633718   1.02193   7.85228 	Dead: 0
6   10.5402   0.0631793   1.01883   7.85228 	Dead: 0
7   10.3472   0.0644986   1.0401    7.73278 	Dead: 0
8   10.1751   0.065045    1.04892   7.73278 	Dead: 0
9   9.98495   0.0649406   1.04723   7.73278 	Dead: 0
10  9.89986   0.0680998   1.09818   7.25916 	Dead: 0
11  9.71487   0.0637275   1.02767   7.25916 	Dead: 0
12  9.57798   0.0613349   0.989086  7.25916 	Dead: 0
13  9.47938   0.0616796   0.994646  7.23738 	Dead: 0
14  9.36704   0.0602763   0.972015  6.7951  	Dead: 0
15  9.373     0.0678735   1.09453   6.7951  	Dead: 0
16  9.29679   0.0654897   1.05609   6.7951  	Dead: 0
17  9.23876   0.0672515   1.0845    6.7951  	Dead: 0
18  9.20674   0.0676376   1.09072   6.7951  	Dead: 0
19  9.13933   0.0668677   1.07831   6.7951  	Dead: 0
20  9.09267   0.0669973   1.0804    6.7951  	Dead: 0
21  9.00238   0.0648489   1.04575   6.69715 	Dead: 0
22  8.94654   0.0654604   1.05562   6.69715 	Dead: 0
23  8.93929   0.0713448   1.15051   6.56534 	Dead: 0
24  8.85852   0.0683795   1.10269   6.56534 	Dead: 0
25  8.8068    0.0684263   1.10344   6.03242 	Dead: 0
26  8.78074   0.0692894   1.11736   6.03242 	Dead: 0
27  8.72965   0.0696945   1.12389   6.03242 	Dead: 0
28  8.69433   0.0707268   1.14054   6.03242 	Dead: 0
29  8.63322   0.0682299   1.10028   6.03242 	Dead: 0
30  8.64846   0.0732344   1.18098   5.88336 	Dead: 0
31  8.59367   0.0722204   1.16463   5.88336 	Dead: 0
32  8.55427   0.0726972   1.17232   5.88336 	Dead: 0
33  8.54507   0.0763155   1.23066   5.88336 	Dead: 0
34  8.53001   0.0761569   1.22811   5.88336 	Dead: 0
35  8.4905    0.0744228   1.20014   5.88336 	Dead: 0
36  8.41559   0.0756361   1.21971   5.88336 	Dead: 0
37  8.35905   0.0743437   1.19887   5.57242 	Dead: 0
38  8.30895   0.0740224   1.19369   5.57242 	Dead: 0
39  8.23859   0.0754662   1.21697   5.57242 	Dead: 0
40  8.21999   0.0775677   1.25086   5.57242 	Dead: 0
41  8.17809   0.0777402   1.25364   5.57242 	Dead: 0
42  8.08326   0.0762379   1.22941   5.57242 	Dead: 0
43  7.96693   0.0711267   1.14699   5.57242 	Dead: 0
44  7.91023   0.0721919   1.16417   5.57242 	Dead: 0
45  7.86809   0.0746862   1.20439   5.57242 	Dead: 0
46  7.74758   0.0711529   1.14741   5.57242 	Dead: 0
47  7.69205   0.0723005   1.16592   5.57242 	Dead: 0
48  7.64855   0.072101    1.1627    5.57242 	Dead: 0
49  7.5615    0.0720648   1.16212   5.57242 	Dead: 0
50  7.51357   0.0724942   1.16904   5.08276 	Dead: 0
51  7.45662   0.0707719   1.14127   5.08276 	Dead: 0
52  7.44997   0.0717281   1.15669   5.08276 	Dead: 0
53  7.45321   0.0753855   1.21567   5.08276 	Dead: 0
54  7.35386   0.0740083   1.19346   5.08276 	Dead: 0
55  7.28776   0.0722401   1.16494   5.08276 	Dead: 0
56  7.24741   0.0724633   1.16854   5.08276 	Dead: 0
57  7.21344   0.0707422   1.14079   5.08276 	Dead: 0
58  7.21089   0.07308     1.17849   4.86185 	Dead: 0
59  7.18214   0.0739769   1.19295   4.86185 	Dead: 0
60  7.17997   0.0752078   1.2128    4.86185 	Dead: 0
61  7.16935   0.075599    1.21911   4.85224 	Dead: 0
62  7.11093   0.0725005   1.16914   4.85224 	Dead: 0
63  7.07819   0.0721001   1.16269   4.85224 	Dead: 0
64  7.08986   0.0742621   1.19755   4.85224 	Dead: 0
65  7.0755    0.0734795   1.18493   4.85224 	Dead: 0
66  7.02984   0.0748125   1.20643   4.85224 	Dead: 0
67  7.03765   0.0758879   1.22377   4.85224 	Dead: 0
68  6.98441   0.0723215   1.16626   4.85224 	Dead: 0
69  6.95841   0.0729398   1.17623   4.85224 	Dead: 0
70  6.96901   0.0734719   1.18481   4.85224 	Dead: 0
71  7.024     0.0764944   1.23355   4.85224 	Dead: 0
72  7.00511   0.0748072   1.20634   4.85224 	Dead: 0
73  6.97372   0.0744548   1.20066   4.85224 	Dead: 0
74  6.9196    0.0728656   1.17503   4.85224 	Dead: 0
75  6.92067   0.0747618   1.20561   4.85224 	Dead: 0
76  6.91816   0.0753759   1.21551   4.46469 	Dead: 0
77  6.94235   0.0773655   1.2476    4.46469 	Dead: 0
78  6.92563   0.0785734   1.26707   4.46469 	Dead: 0
79  6.90016   0.0764239   1.23241   4.46469 	Dead: 0
80  6.84521   0.0726024   1.17079   4.46469 	Dead: 0
81  6.90333   0.0751805   1.21236   4.46469 	Dead: 0
82  6.87699   0.0750624   1.21046   4.46469 	Dead: 0
83  6.87226   0.0757166   1.22101   4.46469 	Dead: 0
84  6.82907   0.0747475   1.20538   4.46469 	Dead: 0
85  6.86038   0.075826    1.22277   4.46469 	Dead: 0
86  6.88741   0.077103    1.24336   4.46469 	Dead: 0
87  6.84486   0.0750138   1.20967   4.46469 	Dead: 0
88  6.86541   0.0770765   1.24294   4.46469 	Dead: 0
89  6.87332   0.0780206   1.25816   4.46469 	Dead: 0
90  6.80055   0.075788    1.22216   4.46469 	Dead: 0
91  6.82298   0.0746051   1.20308   4.46469 	Dead: 0
92  6.81115   0.0744354   1.20035   4.46469 	Dead: 0
93  6.80206   0.0766096   1.23541   4.46469 	Dead: 0
94  6.80991   0.0813468   1.3118    4.46469 	Dead: 0
95  6.80334   0.0778666   1.25568   4.46469 	Dead: 0
96  6.81251   0.0779586   1.25716   4.46469 	Dead: 0
97  6.78489   0.0772173   1.24521   4.46469 	Dead: 0
98  6.78752   0.0768522   1.23932   4.46469 	Dead: 0
99  6.79107   0.0792013   1.2772    4.46469 	Dead: 0
100 6.79071   0.0793689   1.2799    4.46469 	Dead: 0
