0   13.0503   0.111252    1.79405   8.74088 	Dead: 0
1   11.8254   0.0771708   1.24446   8.74088 	Dead: 0
2   11.2914   0.0667955   1.07714   8.31173 	Dead: 0
3   10.8976   0.0649113   1.04676   7.74397 	Dead: 0
4   10.6669   0.0646648   1.04278   7.33023 	Dead: 0
5   10.4201   0.0662254   1.06795   7.14884 	Dead: 0
6   10.1764   0.066491    1.07223   7.14884 	Dead: 0
7   9.85701   0.0672555   1.08456   7.11197 	Dead: 0
8   9.61015   0.0675326   1.08903   6.628   	Dead: 0
9   9.39313   0.0714289   1.15186   6.628   	Dead: 0
10  9.13234   0.0694043   1.11921   6.50182 	Dead: 0
11  8.9485    0.0711062   1.14666   6.18949 	Dead: 0
12  8.71617   0.0717149   1.15648   5.82829 	Dead: 0
13  8.4877    0.0770448   1.24242   5.49378 	Dead: 0
14  8.19616   0.0755075   1.21763   5.49378 	Dead: 0
15  7.87907   0.0728466   1.17472   5.49378 	Dead: 0
16  7.5369    0.0726581   1.17169   4.7692  	Dead: 0
17  7.28441   0.0684509   1.10384   4.66941 	Dead: 0
18  7.03983   0.0661203   1.06626   4.66941 	Dead: 0
19  6.87061   0.0633375   1.02138   4.66941 	Dead: 0
20  6.68437   0.0659467   1.06346   3.96079 	Dead: 0
21  6.54281   0.062427    1.0067    3.96079 	Dead: 0
22  6.38643   0.0619742   0.999397  3.96079 	Dead: 0
23  6.30591   0.0654724   1.05581   3.96079 	Dead: 0
24  6.24089   0.0690473   1.11346   3.96079 	Dead: 0
25  6.07096   0.0662985   1.06913   3.51285 	Dead: 0
26  5.99218   0.06735     1.08609   3.51285 	Dead: 0
27  5.89871   0.0637414   1.02789   3.51285 	Dead: 0
28  5.88678   0.0684155   1.10327   3.51285 	Dead: 0
29  5.8318    0.0680931   1.09807   3.51285 	Dead: 0
30  5.76015   0.0657184   1.05977   3.51285 	Dead: 0
31  5.75421   0.066959    1.07978   3.51285 	Dead: 0
32  5.71337   0.0699949   1.12874   3.51285 	Dead: 0
33  5.61864   0.0641932   1.03518   3.51285 	Dead: 0
34  5.60437   0.0675851   1.08988   3.51285 	Dead: 0
35  5.60261   0.0692902   1.11737   3.51285 	Dead: 0
36  5.5836    0.0688682   1.11057   3.51285 	Dead: 0
37  5.55856   0.0717013   1.15625   3.48625 	Dead: 0
38  5.51682   0.0699933   1.12871   3.48625 	Dead: 0
39  5.47366   0.0701513   1.13126   3.48625 	Dead: 0
40  5.39989   0.0663204   1.06948   3.48625 	Dead: 0
41  5.43696   0.0717786   1.1575    3.48625 	Dead: 0
42  5.41958   0.0719831   1.1608    3.26978 	Dead: 0
43  5.34334   0.0685622   1.10563   3.26978 	Dead: 0
44  5.42236   0.0768191   1.23879   3.26978 	Dead: 0
45  5.32701   0.0730579   1.17813   3.26978 	Dead: 0
46  5.31316   0.070561    1.13787   3.26978 	Dead: 0
47  5.29104   0.0701059   1.13053   3.1407  	Dead: 0
48  5.21362   0.0685255   1.10504   3.1407  	Dead: 0
49  5.22829   0.0678844   1.0947    3.1407  	Dead: 0
50  5.2196    0.0710299   1.14543   3.1407  	Dead: 0
51  5.23054   0.0706315   1.139     3.1407  	Dead: 0
52  5.183     0.0697899   1.12543   3.1407  	Dead: 0
53  5.21742   0.0720063   1.16117   3.1407  	Dead: 0
54  5.21236   0.0754684   1.217     3.1407  	Dead: 0
55  5.15126   0.072922    1.17594   3.0134  	Dead: 0
56  5.17122   0.0716901   1.15607   3.0134  	Dead: 0
57  5.17342   0.0749927   1.20933   3.0134  	Dead: 0
58  5.14564   0.0734218   1.184     3.0134  	Dead: 0
59  5.10559   0.0711402   1.14721   3.0134  	Dead: 0
60  5.1085    0.074654    1.20387   2.89597 	Dead: 0
61  5.10012   0.0727834   1.17371   2.89597 	Dead: 0
62  5.08617   0.0755818   1.21883   2.89597 	Dead: 0
63  4.99449   0.0697781   1.12524   2.89597 	Dead: 0
64  4.98027   0.0701773   1.13168   2.89597 	Dead: 0
65  5.01968   0.0745341   1.20194   2.89597 	Dead: 0
66  5.0368    0.0756053   1.21921   2.89597 	Dead: 0
67  5.05075   0.0764187   1.23233   2.89597 	Dead: 0
68  4.9383    0.0702187   1.13235   2.89597 	Dead: 0
69  4.90393   0.0687305   1.10835   2.89597 	Dead: 0
70  4.93767   0.0697989   1.12558   2.89597 	Dead: 0
71  4.89446   0.0727421   1.17304   2.89597 	Dead: 0
72  4.93976   0.075504    1.21758   2.89597 	Dead: 0
73  4.87057   0.0720267   1.1615    2.89597 	Dead: 0
74  4.88906   0.0735601   1.18623   2.89597 	Dead: 0
75  4.86734   0.0704987   1.13686   2.89597 	Dead: 0
76  4.84066   0.0713881   1.15121   2.89597 	Dead: 0
77  4.82242   0.0720003   1.16108   2.89597 	Dead: 0
78  4.89105   0.0763606   1.23139   2.89597 	Dead: 0
79  4.84483   0.0752952   1.21421   2.89597 	Dead: 0
80  4.86593   0.0738228   1.19047   2.89597 	Dead: 0
81  4.8081    0.0753982   1.21587   2.89597 	Dead: 0
82  4.82538   0.074529    1.20185   2.89597 	Dead: 0
83  4.76804   0.0726559   1.17165   2.88558 	Dead: 0
84  4.73289   0.0693162   1.11779   2.88558 	Dead: 0
85  4.7041    0.071508    1.15314   2.88558 	Dead: 0
86  4.71449   0.0718949   1.15938   2.88558 	Dead: 0
87  4.69205   0.0703301   1.13414   2.88558 	Dead: 0
88  4.64107   0.0709442   1.14405   2.88558 	Dead: 0
89  4.69079   0.0749494   1.20863   2.88558 	Dead: 0
90  4.71624   0.0768237   1.23886   2.88558 	Dead: 0
91  4.70023   0.0745249   1.20179   2.88558 	Dead: 0
92  4.63571   0.0690195   1.11301   2.88558 	Dead: 0
93  4.65836   0.0694177   1.11943   2.88558 	Dead: 0
94  4.63464   0.0688566   1.11038   2.88558 	Dead: 0
95  4.68982   0.0719656   1.16052   2.88558 	Dead: 0
96  4.71278   0.0754817   1.21722   2.88558 	Dead: 0
97  4.68519   0.0721915   1.16416   2.88558 	Dead: 0
98  4.63724   0.0709225   1.1437    2.88558 	Dead: 0
99  4.67379   0.0765501   1.23445   2.88558 	Dead: 0
100 4.58319   0.0723257   1.16632   2.88558 	Dead: 0
