0   12.434    0.0780041   1.25789   9.24908 	Dead: 0
1   11.751    0.0663704   1.07029   9.24908 	Dead: 0
2   11.4067   0.0621975   1.003     9.12076 	Dead: 0
3   11.1458   0.060115    0.969414  8.82461 	Dead: 0
4   10.8872   0.0579198   0.934014  8.74244 	Dead: 0
5   10.7391   0.0632946   1.02069   7.84644 	Dead: 0
6   10.5644   0.0636657   1.02667   7.84644 	Dead: 0
7   10.3688   0.0609081   0.982205  7.84644 	Dead: 0
8   10.261    0.0618568   0.997503  7.84644 	Dead: 0
9   10.1348   0.064874    1.04616   7.55344 	Dead: 0
10  10.0056   0.0697028   1.12403   7.41892 	Dead: 0
11  9.86204   0.069578    1.12201   7.41892 	Dead: 0
12  9.72561   0.0666181   1.07428   7.41892 	Dead: 0
13  9.60047   0.0667038   1.07567   7.20726 	Dead: 0
14  9.47465   0.0729603   1.17656   6.68886 	Dead: 0
15  9.2728    0.0693188   1.11784   6.68886 	Dead: 0
16  9.03847   0.0645981   1.04171   6.55039 	Dead: 0
17  8.88078   0.0677877   1.09315   6.51835 	Dead: 0
18  8.68742   0.0677037   1.09179   6.50597 	Dead: 0
19  8.46435   0.0637909   1.02869   5.91708 	Dead: 0
20  8.31282   0.065014    1.04842   5.91708 	Dead: 0
21  8.19636   0.0675395   1.08914   5.91708 	Dead: 0
22  8.06001   0.0647768   1.04459   5.91708 	Dead: 0
23  7.95714   0.0621473   1.00219   5.91708 	Dead: 0
24  7.92301   0.0670489   1.08123   5.81548 	Dead: 0
25  7.8265    0.0680622   1.09757   5.17372 	Dead: 0
26  7.70489   0.0640223   1.03242   5.17372 	Dead: 0
27  7.64073   0.0660014   1.06434   5.08779 	Dead: 0
28  7.60436   0.0680094   1.09672   5.08779 	Dead: 0
29  7.58659   0.0691666   1.11538   5.08779 	Dead: 0
30  7.47668   0.0655201   1.05658   5.08779 	Dead: 0
31  7.40991   0.0676168   1.09039   5.08779 	Dead: 0
32  7.36101   0.0706015   1.13852   4.8953  	Dead: 0
33  7.31521   0.0680721   1.09773   4.8953  	Dead: 0
34  7.27729   0.0694573   1.12007   4.8953  	Dead: 0
35  7.18813   0.0691963   1.11586   4.8953  	Dead: 0
36  7.13818   0.0689722   1.11225   4.8953  	Dead: 0
37  7.09056   0.0705695   1.138     4.8953  	Dead: 0
38  7.02698   0.0667846   1.07697   4.8953  	Dead: 0
39  7.00385   0.066484    1.07212   4.8953  	Dead: 0
40  6.97341   0.0684525   1.10387   4.8953  	Dead: 0
41  6.89764   0.0681269   1.09861   4.35689 	Dead: 0
42  6.93542   0.070368    1.13475   4.35689 	Dead: 0
43  6.9017    0.0726155   1.171     4.321   	Dead: 0
44  6.83943   0.071308    1.14991   4.321   	Dead: 0
45  6.78791   0.0719694   1.16058   4.321   	Dead: 0
46  6.75231   0.0703745   1.13486   4.321   	Dead: 0
47  6.73028   0.072886    1.17536   4.321   	Dead: 0
48  6.72444   0.0746601   1.20397   4.321   	Dead: 0
49  6.69347   0.0712904   1.14963   4.10249 	Dead: 0
50  6.68484   0.0734669   1.18473   4.10249 	Dead: 0
51  6.72155   0.0766951   1.23679   4.10249 	Dead: 0
52  6.67823   0.0737812   1.1898    4.10249 	Dead: 0
53  6.64718   0.0732565   1.18133   4.10249 	Dead: 0
54  6.65538   0.0762207   1.22913   4.10249 	Dead: 0
55  6.64187   0.0742403   1.1972    4.10249 	Dead: 0
56  6.62598   0.073194    1.18033   4.10249 	Dead: 0
57  6.58759   0.0726169   1.17102   4.10249 	Dead: 0
58  6.64849   0.0788158   1.27098   4.10249 	Dead: 0
59  6.52965   0.0734791   1.18492   4.10249 	Dead: 0
60  6.56866   0.0756537   1.21999   4.10249 	Dead: 0
61  6.5198    0.0716052   1.1547    4.10249 	Dead: 0
62  6.53586   0.075039    1.21008   4.10249 	Dead: 0
63  6.48715   0.0731733   1.17999   4.10249 	Dead: 0
64  6.4728    0.0728237   1.17436   4.10249 	Dead: 0
65  6.46655   0.0729141   1.17581   4.10249 	Dead: 0
66  6.50511   0.0750192   1.20976   4.10249 	Dead: 0
67  6.46839   0.071737    1.15683   4.10249 	Dead: 0
68  6.46265   0.0747198   1.20493   4.10249 	Dead: 0
69  6.46882   0.0753002   1.21429   4.10249 	Dead: 0
70  6.47097   0.075499    1.2175    4.09056 	Dead: 0
71  6.43522   0.0759525   1.22481   4.09056 	Dead: 0
72  6.46932   0.07794     1.25686   4.09056 	Dead: 0
73  6.41632   0.0746384   1.20362   4.09056 	Dead: 0
74  6.37519   0.074075    1.19453   4.09056 	Dead: 0
75  6.43535   0.0774758   1.24938   4.09056 	Dead: 0
76  6.40479   0.0744811   1.20108   4.09056 	Dead: 0
77  6.38471   0.0741998   1.19655   4.09056 	Dead: 0
78  6.41677   0.0779642   1.25725   4.09056 	Dead: 0
79  6.41912   0.0770154   1.24195   4.09056 	Dead: 0
80  6.40461   0.0747718   1.20577   4.09056 	Dead: 0
81  6.41015   0.0758192   1.22266   4.09056 	Dead: 0
82  6.40585   0.0780021   1.25786   4.09056 	Dead: 0
83  6.3827    0.0773943   1.24806   4.09056 	Dead: 0
84  6.34399   0.0740429   1.19402   4.09056 	Dead: 0
85  6.36982   0.0768389   1.2391    4.09056 	Dead: 0
86  6.35921   0.075683    1.22046   4.09056 	Dead: 0
87  6.40184   0.07796     1.25718   4.09056 	Dead: 0
88  6.3213    0.0735224   1.18562   4.09056 	Dead: 0
89  6.38135   0.0783474   1.26343   4.09056 	Dead: 0
90  6.35012   0.0767827   1.2382    4.09056 	Dead: 0
91  6.37426   0.0777406   1.25364   4.09056 	Dead: 0
92  6.39355   0.0792948   1.27871   4.09056 	Dead: 0
93  6.40113   0.0806731   1.30093   4.09056 	Dead: 0
94  6.37168   0.0781555   1.26033   4.09056 	Dead: 0
95  6.35547   0.0771285   1.24377   4.09056 	Dead: 0
96  6.31317   0.076457    1.23294   4.09056 	Dead: 0
97  6.35112   0.0818358   1.31968   4.09056 	Dead: 0
98  6.30326   0.0791957   1.27711   4.09056 	Dead: 0
99  6.30858   0.0790633   1.27498   4.09056 	Dead: 0
100 6.32467   0.0801487   1.29248   4.09056 	Dead: 0
