0   12.6167   0.0787468   1.26987   8.94172 	Dead: 0
1   11.8055   0.0682213   1.10014   8.14857 	Dead: 0
2   11.3795   0.0608442   0.981173  8.14857 	Dead: 0
3   11.0965   0.0580599   0.936274  8.14857 	Dead: 0
4   10.8752   0.0632325   1.01969   8.14851 	Dead: 0
5   10.586    0.0631616   1.01854   7.9863  	Dead: 0
6   10.3366   0.0609216   0.982421  7.9863  	Dead: 0
7   10.1685   0.0662529   1.06839   7.56281 	Dead: 0
8   10.0235   0.0648382   1.04558   7.49356 	Dead: 0
9   9.95739   0.0696551   1.12326   7.49356 	Dead: 0
10  9.77592   0.065867    1.06217   7.49356 	Dead: 0
11  9.63698   0.0704995   1.13688   6.61608 	Dead: 0
12  9.50562   0.0690171   1.11297   6.61608 	Dead: 0
13  9.41028   0.0702727   1.13322   6.61608 	Dead: 0
14  9.29387   0.0667457   1.07634   6.61608 	Dead: 0
15  9.16717   0.0639282   1.03091   6.61608 	Dead: 0
16  9.10015   0.0683335   1.10195   6.61608 	Dead: 0
17  9.00796   0.06753     1.08899   6.61608 	Dead: 0
18  8.91198   0.0658474   1.06186   6.41194 	Dead: 0
19  8.8319    0.0658061   1.06119   6.41194 	Dead: 0
20  8.7321    0.0654455   1.05537   6.41194 	Dead: 0
21  8.63996   0.065371    1.05417   6.41194 	Dead: 0
22  8.57156   0.0691687   1.11541   6.25125 	Dead: 0
23  8.47049   0.0642741   1.03648   6.25125 	Dead: 0
24  8.42591   0.0664329   1.0713    6.25125 	Dead: 0
25  8.34702   0.0667321   1.07612   6.23321 	Dead: 0
26  8.33797   0.0702325   1.13257   6.23321 	Dead: 0
27  8.29742   0.0693745   1.11873   6.13616 	Dead: 0
28  8.22398   0.0657887   1.06091   6.13616 	Dead: 0
29  8.21104   0.0668048   1.07729   6.10626 	Dead: 0
30  8.12127   0.0674577   1.08782   5.8116  	Dead: 0
31  8.06149   0.0672355   1.08424   5.8116  	Dead: 0
32  8.0425    0.070115    1.13067   5.8116  	Dead: 0
33  7.95426   0.0673125   1.08548   5.8116  	Dead: 0
34  7.9586    0.0694455   1.11988   5.78001 	Dead: 0
35  7.9194    0.0681676   1.09927   5.78001 	Dead: 0
36  7.89621   0.0708905   1.14318   5.78001 	Dead: 0
37  7.82159   0.0700964   1.13037   5.78001 	Dead: 0
38  7.80065   0.0713366   1.15037   5.73382 	Dead: 0
39  7.76729   0.0694002   1.11915   5.62325 	Dead: 0
40  7.71319   0.0674966   1.08845   5.62325 	Dead: 0
41  7.67219   0.0668198   1.07754   5.62325 	Dead: 0
42  7.64881   0.0675297   1.08898   5.62325 	Dead: 0
43  7.63538   0.0686516   1.10708   5.62325 	Dead: 0
44  7.63118   0.0687918   1.10934   5.62325 	Dead: 0
45  7.606     0.0666668   1.07507   5.62325 	Dead: 0
46  7.58053   0.0685434   1.10533   5.38402 	Dead: 0
47  7.63074   0.0744497   1.20058   5.38402 	Dead: 0
48  7.59471   0.0760275   1.22602   5.09903 	Dead: 0
49  7.52458   0.0722324   1.16482   5.09903 	Dead: 0
50  7.51057   0.0737213   1.18883   5.09903 	Dead: 0
51  7.50461   0.0738966   1.19166   5.09903 	Dead: 0
52  7.45584   0.0747868   1.20601   5.09903 	Dead: 0
53  7.40677   0.0722864   1.16569   5.09903 	Dead: 0
54  7.37245   0.0729695   1.17671   5.09903 	Dead: 0
55  7.38239   0.074649    1.20379   5.09903 	Dead: 0
56  7.29688   0.0693616   1.11852   4.82512 	Dead: 0
57  7.29558   0.0711844   1.14792   4.82512 	Dead: 0
58  7.2731    0.0733375   1.18264   4.82512 	Dead: 0
59  7.24511   0.0720317   1.16158   4.82512 	Dead: 0
60  7.28083   0.0740765   1.19456   4.82512 	Dead: 0
61  7.21159   0.0708745   1.14292   4.82512 	Dead: 0
62  7.16383   0.0724295   1.168     4.82512 	Dead: 0
63  7.12059   0.0717437   1.15694   4.82512 	Dead: 0
64  7.10017   0.0730394   1.17783   4.82512 	Dead: 0
65  7.05546   0.0713352   1.15035   4.82512 	Dead: 0
66  7.08496   0.073302    1.18207   4.82512 	Dead: 0
67  7.058     0.072161    1.16367   4.82512 	Dead: 0
68  7.03347   0.0724718   1.16868   4.82512 	Dead: 0
69  7.00412   0.0724525   1.16837   4.82512 	Dead: 0
70  6.97615   0.0714421   1.15207   4.82512 	Dead: 0
71  6.97425   0.0734434   1.18435   4.82512 	Dead: 0
72  6.93005   0.07234     1.16655   4.82512 	Dead: 0
73  6.9045    0.0739988   1.1933    4.82512 	Dead: 0
74  6.89421   0.0724342   1.16807   4.82512 	Dead: 0
75  6.86507   0.0731494   1.17961   4.82512 	Dead: 0
76  6.80715   0.0707385   1.14073   4.82512 	Dead: 0
77  6.79726   0.0710782   1.14621   4.72874 	Dead: 0
78  6.80684   0.0730046   1.17727   4.72874 	Dead: 0
79  6.78737   0.0716663   1.15569   4.72874 	Dead: 0
80  6.7644    0.0711039   1.14662   4.71079 	Dead: 0
81  6.78194   0.0750825   1.21078   4.71079 	Dead: 0
82  6.74799   0.0753443   1.215     4.57784 	Dead: 0
83  6.76369   0.0778512   1.25543   4.57784 	Dead: 0
84  6.69204   0.0727396   1.173     4.57784 	Dead: 0
85  6.66818   0.0720879   1.16249   4.57784 	Dead: 0
86  6.66965   0.0756566   1.22004   4.57784 	Dead: 0
87  6.63293   0.0750571   1.21037   4.57784 	Dead: 0
88  6.64736   0.0760705   1.22671   4.46014 	Dead: 0
89  6.59782   0.0757447   1.22146   4.46014 	Dead: 0
90  6.62138   0.0761117   1.22738   4.46014 	Dead: 0
91  6.60045   0.0745504   1.2022    4.46014 	Dead: 0
92  6.59623   0.074325    1.19857   4.46014 	Dead: 0
93  6.59625   0.0746363   1.20358   4.46014 	Dead: 0
94  6.56654   0.0755235   1.21789   4.46014 	Dead: 0
95  6.56574   0.0758409   1.22301   4.46014 	Dead: 0
96  6.55308   0.074978    1.2091    4.46014 	Dead: 0
97  6.49522   0.0734055   1.18374   4.46014 	Dead: 0
98  6.4976    0.0744683   1.20088   4.46014 	Dead: 0
99  6.46788   0.0716148   1.15486   4.46014 	Dead: 0
100 6.51921   0.0757494   1.22154   4.40556 	Dead: 0
