0   12.4533   0.0729996   1.17719   9.34349 	Dead: 0
1   11.6885   0.0577502   0.931279  9.20997 	Dead: 0
2   11.3025   0.0529095   0.853218  9.02211 	Dead: 0
3   11.0575   0.0549163   0.88558   8.91732 	Dead: 0
4   10.9206   0.0598071   0.964449  7.67024 	Dead: 0
5   10.681    0.0595036   0.959555  7.67024 	Dead: 0
6   10.4855   0.0597032   0.962774  7.67024 	Dead: 0
7   10.3381   0.0633922   1.02226   7.67024 	Dead: 0
8   10.1874   0.0625656   1.00893   7.37622 	Dead: 0
9   9.98294   0.0589511   0.950645  7.37622 	Dead: 0
10  9.84853   0.0604899   0.975461  7.37622 	Dead: 0
11  9.69244   0.0613464   0.989273  7.37622 	Dead: 0
12  9.56715   0.0619822   0.999525  7.37622 	Dead: 0
13  9.46128   0.0658972   1.06266   6.65031 	Dead: 0
14  9.34691   0.0650303   1.04868   6.65031 	Dead: 0
15  9.27702   0.0665845   1.07374   6.65031 	Dead: 0
16  9.15974   0.0655757   1.05747   6.3415  	Dead: 0
17  9.1307    0.0681863   1.09957   6.3415  	Dead: 0
18  9.0249    0.0638752   1.03005   6.3415  	Dead: 0
19  9.02224   0.0690829   1.11403   6.3415  	Dead: 0
20  8.95139   0.0695288   1.12122   6.3415  	Dead: 0
21  8.86962   0.0703721   1.13482   6.22504 	Dead: 0
22  8.81702   0.0718374   1.15845   6.22504 	Dead: 0
23  8.68216   0.0684251   1.10342   6.22504 	Dead: 0
24  8.63309   0.068539    1.10526   6.22504 	Dead: 0
25  8.57121   0.0689393   1.11171   6.22504 	Dead: 0
26  8.49824   0.0694081   1.11928   6.22504 	Dead: 0
27  8.43593   0.0724418   1.1682    6.22504 	Dead: 0
28  8.37619   0.0703961   1.13521   5.76978 	Dead: 0
29  8.33803   0.0728881   1.17539   5.76978 	Dead: 0
30  8.22934   0.0681612   1.09917   5.75904 	Dead: 0
31  8.23269   0.0719535   1.16032   5.75904 	Dead: 0
32  8.20511   0.0754231   1.21627   5.6769  	Dead: 0
33  8.14174   0.0753468   1.21504   5.6769  	Dead: 0
34  8.06669   0.0730565   1.17811   5.60779 	Dead: 0
35  7.98532   0.0735014   1.18528   5.60779 	Dead: 0
36  7.91103   0.0713878   1.1512    5.60779 	Dead: 0
37  7.90641   0.0726062   1.17085   5.60779 	Dead: 0
38  7.90782   0.077578    1.25102   5.60779 	Dead: 0
39  7.84707   0.0740739   1.19452   5.60375 	Dead: 0
40  7.79464   0.0739158   1.19197   5.60375 	Dead: 0
41  7.78767   0.0782213   1.2614    5.02412 	Dead: 0
42  7.71402   0.0747087   1.20475   5.02412 	Dead: 0
43  7.69037   0.0752407   1.21333   5.02412 	Dead: 0
44  7.68082   0.07658     1.23493   5.02412 	Dead: 0
45  7.62255   0.073946    1.19245   5.02412 	Dead: 0
46  7.57674   0.0744714   1.20093   5.02412 	Dead: 0
47  7.52457   0.0738223   1.19046   5.02412 	Dead: 0
48  7.46378   0.0741443   1.19565   5.02412 	Dead: 0
49  7.45176   0.0735938   1.18677   5.02412 	Dead: 0
50  7.39082   0.0739059   1.19181   5.02412 	Dead: 0
51  7.40932   0.0761377   1.2278    4.93415 	Dead: 0
52  7.33033   0.0738102   1.19026   4.93415 	Dead: 0
53  7.33171   0.0794413   1.28107   4.93415 	Dead: 0
54  7.29594   0.0795241   1.28241   4.93415 	Dead: 0
55  7.25892   0.0758176   1.22263   4.93415 	Dead: 0
56  7.22132   0.0763666   1.23149   4.93415 	Dead: 0
57  7.16659   0.0781168   1.25971   4.9241  	Dead: 0
58  7.19926   0.0807581   1.30231   4.9241  	Dead: 0
59  7.15835   0.0785005   1.2659    4.9241  	Dead: 0
60  7.10232   0.0779671   1.2573    4.57139 	Dead: 0
61  7.05928   0.0780632   1.25885   4.57139 	Dead: 0
62  7.00883   0.0754882   1.21732   4.57139 	Dead: 0
63  6.99609   0.0775856   1.25115   4.57139 	Dead: 0
64  7.01992   0.078618    1.26779   4.57139 	Dead: 0
65  6.97463   0.076339    1.23104   4.57139 	Dead: 0
66  6.9281    0.0754539   1.21677   4.57139 	Dead: 0
67  7.00373   0.0816591   1.31683   4.57139 	Dead: 0
68  6.9012    0.0774934   1.24966   4.4473  	Dead: 0
69  6.87362   0.076269    1.22991   4.4473  	Dead: 0
70  6.78588   0.0746491   1.20379   4.4473  	Dead: 0
71  6.8054    0.0803366   1.29551   4.4473  	Dead: 0
72  6.80114   0.0800097   1.29024   4.4473  	Dead: 0
73  6.73523   0.0763293   1.23089   4.4473  	Dead: 0
74  6.75478   0.0768325   1.239     4.4473  	Dead: 0
75  6.73013   0.0764931   1.23353   4.4473  	Dead: 0
76  6.71804   0.0769984   1.24168   4.4473  	Dead: 0
77  6.72683   0.0785193   1.2662    4.4473  	Dead: 0
78  6.73577   0.0806316   1.30026   4.4277  	Dead: 0
79  6.70389   0.0781223   1.2598    4.4277  	Dead: 0
80  6.72547   0.0790091   1.2741    4.4277  	Dead: 0
81  6.65398   0.0746238   1.20338   3.98435 	Dead: 0
82  6.67207   0.0794484   1.28118   3.98435 	Dead: 0
83  6.65168   0.0765186   1.23394   3.98435 	Dead: 0
84  6.68423   0.0790949   1.27548   3.98435 	Dead: 0
85  6.66497   0.0792132   1.27739   3.98435 	Dead: 0
86  6.66871   0.0822385   1.32618   3.98435 	Dead: 0
87  6.63023   0.0801344   1.29225   3.98435 	Dead: 0
88  6.60951   0.0796999   1.28524   3.98435 	Dead: 0
89  6.5518    0.0774035   1.24821   3.98435 	Dead: 0
90  6.5983    0.0811986   1.30941   3.98435 	Dead: 0
91  6.61602   0.0834541   1.34578   3.98435 	Dead: 0
92  6.58701   0.0812099   1.30959   3.98435 	Dead: 0
93  6.58875   0.0828099   1.33539   3.98435 	Dead: 0
94  6.51766   0.0783778   1.26392   3.98435 	Dead: 0
95  6.51236   0.0782701   1.26218   3.98435 	Dead: 0
96  6.50798   0.0783347   1.26323   3.98435 	Dead: 0
97  6.50985   0.0796407   1.28429   3.98435 	Dead: 0
98  6.46535   0.0786074   1.26762   3.98435 	Dead: 0
99  6.43899   0.0792513   1.27801   3.98435 	Dead: 0
100 6.51029   0.0832263   1.34211   3.98435 	Dead: 0
