0   12.7487   0.0747464   1.20536   8.91074 	Dead: 0
1   11.9392   0.06382     1.02916   8.73392 	Dead: 0
2   11.526    0.0609922   0.983561  8.73392 	Dead: 0
3   11.19     0.0588427   0.948897  8.39143 	Dead: 0
4   10.9797   0.0621807   1.00273   8.39143 	Dead: 0
5   10.7724   0.0660892   1.06575   8.39143 	Dead: 0
6   10.5634   0.0660354   1.06489   8.39143 	Dead: 0
7   10.3664   0.0646198   1.04206   8.07584 	Dead: 0
8   10.2435   0.0675493   1.0893    8.07584 	Dead: 0
9   10.1064   0.0673121   1.08548   7.98374 	Dead: 0
10  9.987     0.0661977   1.0675    7.63615 	Dead: 0
11  9.84827   0.0670097   1.0806    7.63615 	Dead: 0
12  9.74023   0.0676595   1.09108   6.69294 	Dead: 0
13  9.67677   0.0691555   1.1152    6.69294 	Dead: 0
14  9.55793   0.0654904   1.0561    6.69294 	Dead: 0
15  9.469     0.0689651   1.11213   6.69294 	Dead: 0
16  9.30623   0.0657734   1.06066   6.69294 	Dead: 0
17  9.22865   0.065658    1.0588    6.69294 	Dead: 0
18  9.14729   0.0692196   1.11624   6.69294 	Dead: 0
19  9.05654   0.0672231   1.08404   6.63879 	Dead: 0
20  8.93487   0.0641639   1.03471   6.1883  	Dead: 0
21  8.919     0.0690566   1.11361   6.1883  	Dead: 0
22  8.8814    0.0707303   1.1406    6.1883  	Dead: 0
23  8.79279   0.0685748   1.10584   6.1883  	Dead: 0
24  8.69068   0.067095    1.08197   6.1883  	Dead: 0
25  8.61147   0.0648336   1.04551   6.1883  	Dead: 0
26  8.5655    0.0670606   1.08142   6.1883  	Dead: 0
27  8.50627   0.0648464   1.04571   6.1883  	Dead: 0
28  8.4672    0.0650333   1.04873   6.1883  	Dead: 0
29  8.38805   0.0637889   1.02866   6.1883  	Dead: 0
30  8.35191   0.0665557   1.07328   6.1883  	Dead: 0
31  8.26355   0.0663512   1.06998   6.15156 	Dead: 0
32  8.19957   0.0680307   1.09706   5.97901 	Dead: 0
33  8.10902   0.0649983   1.04816   5.97901 	Dead: 0
34  8.07909   0.0698031   1.12564   5.97901 	Dead: 0
35  7.98342   0.0670092   1.08059   5.49771 	Dead: 0
36  7.91547   0.068842    1.11015   5.49771 	Dead: 0
37  7.84357   0.0669172   1.07911   5.49771 	Dead: 0
38  7.78277   0.0653642   1.05406   5.49771 	Dead: 0
39  7.78311   0.0684672   1.1041    5.49771 	Dead: 0
40  7.71237   0.0664577   1.0717    5.49771 	Dead: 0
41  7.60786   0.0646058   1.04183   4.98092 	Dead: 0
42  7.5164    0.0624555   1.00716   4.98092 	Dead: 0
43  7.48312   0.0651082   1.04994   4.88657 	Dead: 0
44  7.37221   0.0621605   1.0024    4.88657 	Dead: 0
45  7.35021   0.0658977   1.06267   4.88657 	Dead: 0
46  7.30325   0.0652964   1.05297   4.88657 	Dead: 0
47  7.2146    0.0672361   1.08425   4.71186 	Dead: 0
48  7.19598   0.0707678   1.1412    4.71186 	Dead: 0
49  7.12119   0.0671756   1.08327   4.57022 	Dead: 0
50  7.05529   0.068003    1.09662   4.57022 	Dead: 0
51  6.97535   0.0626587   1.01043   4.57022 	Dead: 0
52  6.99746   0.066162    1.06693   4.57022 	Dead: 0
53  6.91846   0.0662526   1.06839   4.57022 	Dead: 0
54  6.90531   0.0658887   1.06252   4.57022 	Dead: 0
55  6.82901   0.0637425   1.02791   4.57022 	Dead: 0
56  6.81192   0.0635695   1.02512   4.57022 	Dead: 0
57  6.79449   0.0664316   1.07128   4.57022 	Dead: 0
58  6.84298   0.0698795   1.12688   4.57022 	Dead: 0
59  6.80201   0.0669501   1.07964   4.57022 	Dead: 0
60  6.75903   0.0660714   1.06547   4.57022 	Dead: 0
61  6.71621   0.0644567   1.03943   4.57022 	Dead: 0
62  6.6765    0.0655834   1.0576    4.57022 	Dead: 0
63  6.68124   0.0676      1.09012   4.57022 	Dead: 0
64  6.64122   0.0688747   1.11067   4.46    	Dead: 0
65  6.65642   0.0698304   1.12609   4.46    	Dead: 0
66  6.604     0.0688584   1.11041   4.46    	Dead: 0
67  6.57728   0.0687298   1.10834   4.46    	Dead: 0
68  6.57924   0.0686759   1.10747   4.46    	Dead: 0
69  6.60616   0.0712304   1.14866   4.46    	Dead: 0
70  6.51555   0.0681011   1.0982    4.46    	Dead: 0
71  6.5283    0.0699249   1.12761   4.46    	Dead: 0
72  6.48798   0.0708788   1.14299   4.46    	Dead: 0
73  6.48333   0.0702427   1.13273   4.46    	Dead: 0
74  6.48305   0.0707017   1.14014   4.46    	Dead: 0
75  6.44698   0.069646    1.12311   4.46    	Dead: 0
76  6.44806   0.0708891   1.14316   4.46    	Dead: 0
77  6.4247    0.0717306   1.15673   4.46    	Dead: 0
78  6.46946   0.0740509   1.19415   4.46    	Dead: 0
79  6.42168   0.072009    1.16122   4.46    	Dead: 0
80  6.38404   0.0708576   1.14265   4.46    	Dead: 0
81  6.36895   0.0712101   1.14833   4.46    	Dead: 0
82  6.37154   0.0717435   1.15694   4.46    	Dead: 0
83  6.33698   0.0678966   1.0949    4.46    	Dead: 0
84  6.35027   0.0706924   1.13999   4.46    	Dead: 0
85  6.36232   0.0718378   1.15846   4.46    	Dead: 0
86  6.33966   0.0687639   1.10889   4.46    	Dead: 0
87  6.32149   0.0692559   1.11682   4.46    	Dead: 0
88  6.33129   0.0718467   1.1586    4.46    	Dead: 0
89  6.31354   0.0709242   1.14372   4.46    	Dead: 0
90  6.32026   0.0733989   1.18363   4.46    	Dead: 0
91  6.32128   0.0728878   1.17539   4.46    	Dead: 0
92  6.34836   0.0766959   1.2368    4.46    	Dead: 0
93  6.28696   0.0732703   1.18156   4.46    	Dead: 0
94  6.30837   0.075251    1.2135    4.46    	Dead: 0
95  6.26759   0.0734689   1.18476   4.46    	Dead: 0
96  6.27883   0.0747901   1.20607   4.35795 	Dead: 0
97  6.28635   0.0758901   1.2238    4.35795 	Dead: 0
98  6.25291   0.0732159   1.18068   4.35795 	Dead: 0
99  6.25226   0.0741523   1.19578   4.35795 	Dead: 0
100 6.23911   0.0744533   1.20063   4.07087 	Dead: 0
