0   12.641    0.0752373   1.21328   9.08446 	Dead: 0
1   11.8366   0.0654879   1.05606   8.65893 	Dead: 0
2   11.4397   0.0597889   0.964156  8.65893 	Dead: 0
3   11.1649   0.0575288   0.927709  8.51845 	Dead: 0
4   10.9545   0.0584348   0.94232   7.42323 	Dead: 0
5   10.7706   0.0558223   0.900191  7.42323 	Dead: 0
6   10.6322   0.0622069   1.00315   7.42323 	Dead: 0
7   10.536    0.0674004   1.0869    7.42323 	Dead: 0
8   10.3882   0.0652383   1.05203   7.42323 	Dead: 0
9   10.2094   0.0628185   1.01301   7.42323 	Dead: 0
10  10.1048   0.0651304   1.05029   7.25531 	Dead: 0
11  10.0255   0.0659492   1.0635    7.25531 	Dead: 0
12  9.93741   0.0669489   1.07962   7.25531 	Dead: 0
13  9.85275   0.0677713   1.09288   7.09981 	Dead: 0
14  9.71916   0.0683927   1.1029    7.09981 	Dead: 0
15  9.63582   0.0677383   1.09235   7.09981 	Dead: 0
16  9.49912   0.0684824   1.10435   6.341   	Dead: 0
17  9.39361   0.0670685   1.08155   6.341   	Dead: 0
18  9.29976   0.065617    1.05814   6.341   	Dead: 0
19  9.23843   0.0694488   1.11993   6.341   	Dead: 0
20  9.14366   0.0706511   1.13932   6.341   	Dead: 0
21  8.97754   0.0673184   1.08558   6.341   	Dead: 0
22  8.88163   0.0702415   1.13272   6.341   	Dead: 0
23  8.74238   0.0685449   1.10536   5.55822 	Dead: 0
24  8.62773   0.0717859   1.15762   5.55822 	Dead: 0
25  8.49088   0.0709644   1.14437   5.55822 	Dead: 0
26  8.30231   0.0677626   1.09274   5.55822 	Dead: 0
27  8.18732   0.0683129   1.10161   5.55822 	Dead: 0
28  8.07829   0.0641377   1.03429   5.55822 	Dead: 0
29  7.97808   0.0650963   1.04974   5.55822 	Dead: 0
30  7.89325   0.0685772   1.10588   5.55822 	Dead: 0
31  7.74372   0.0642859   1.03667   5.52925 	Dead: 0
32  7.60237   0.0635326   1.02453   5.52925 	Dead: 0
33  7.57547   0.0661243   1.06632   5.47927 	Dead: 0
34  7.47982   0.0677683   1.09283   5.47575 	Dead: 0
35  7.37258   0.0676167   1.09039   5.37014 	Dead: 0
36  7.35032   0.0689468   1.11184   5.37014 	Dead: 0
37  7.28666   0.0700721   1.12998   5.10872 	Dead: 0
38  7.25018   0.0702325   1.13257   5.10872 	Dead: 0
39  7.2075    0.0696783   1.12363   5.10872 	Dead: 0
40  7.15512   0.0704915   1.13675   4.67554 	Dead: 0
41  7.09237   0.07007     1.12995   4.67554 	Dead: 0
42  7.0489    0.0695829   1.12209   4.67554 	Dead: 0
43  7.03386   0.0709936   1.14484   4.67554 	Dead: 0
44  6.97835   0.0710011   1.14496   4.67554 	Dead: 0
45  6.94719   0.0713057   1.14988   4.67554 	Dead: 0
46  6.93008   0.0708581   1.14266   4.67554 	Dead: 0
47  6.94112   0.071812    1.15804   4.67554 	Dead: 0
48  6.96763   0.0771967   1.24487   4.67554 	Dead: 0
49  6.88727   0.0743035   1.19822   4.67554 	Dead: 0
50  6.8403    0.0698607   1.12657   4.67554 	Dead: 0
51  6.85516   0.0728062   1.17407   4.67554 	Dead: 0
52  6.83966   0.0729333   1.17612   4.67554 	Dead: 0
53  6.78934   0.0714004   1.1514    4.67554 	Dead: 0
54  6.72839   0.0695619   1.12176   4.67554 	Dead: 0
55  6.7458    0.0705669   1.13796   4.67554 	Dead: 0
56  6.75089   0.0732309   1.18092   4.67554 	Dead: 0
57  6.74499   0.0746992   1.2046    4.67554 	Dead: 0
58  6.71319   0.0741409   1.1956    4.67554 	Dead: 0
59  6.72141   0.0740752   1.19454   4.67554 	Dead: 0
60  6.68061   0.0724513   1.16835   4.67554 	Dead: 0
61  6.75711   0.0768076   1.2386    4.67554 	Dead: 0
62  6.71371   0.0741415   1.19561   4.67554 	Dead: 0
63  6.67542   0.0720741   1.16227   4.67554 	Dead: 0
64  6.6721    0.0750746   1.21065   4.45708 	Dead: 0
65  6.67204   0.0771069   1.24343   4.45708 	Dead: 0
66  6.68315   0.0782591   1.26201   4.45708 	Dead: 0
67  6.63217   0.0723298   1.16639   4.29001 	Dead: 0
68  6.64535   0.0766057   1.23534   4.29001 	Dead: 0
69  6.60817   0.0750468   1.2102    4.29001 	Dead: 0
70  6.59641   0.0743088   1.1983    4.29001 	Dead: 0
71  6.59065   0.0748118   1.20641   4.29001 	Dead: 0
72  6.59032   0.0757119   1.22093   4.29001 	Dead: 0
73  6.55944   0.0766885   1.23668   4.2678  	Dead: 0
74  6.51275   0.0730413   1.17786   4.2678  	Dead: 0
75  6.51435   0.074793    1.20611   4.2678  	Dead: 0
76  6.49324   0.0737382   1.1891    4.2678  	Dead: 0
77  6.54222   0.0778913   1.25608   4.2678  	Dead: 0
78  6.55664   0.0790204   1.27428   4.2678  	Dead: 0
79  6.4802    0.0746765   1.20423   4.2678  	Dead: 0
80  6.53529   0.0786252   1.26791   4.2678  	Dead: 0
81  6.51507   0.0777677   1.25408   4.2678  	Dead: 0
82  6.51044   0.0762263   1.22923   4.2678  	Dead: 0
83  6.52527   0.0784356   1.26485   4.2678  	Dead: 0
84  6.48695   0.0756949   1.22066   4.2678  	Dead: 0
85  6.4976    0.0776328   1.25191   4.2678  	Dead: 0
86  6.41943   0.0737089   1.18863   4.2678  	Dead: 0
87  6.42657   0.0739998   1.19332   4.2678  	Dead: 0
88  6.42875   0.0753396   1.21493   4.2678  	Dead: 0
89  6.45102   0.0778033   1.25466   4.2678  	Dead: 0
90  6.43608   0.0780754   1.25904   4.2678  	Dead: 0
91  6.4154    0.0775336   1.25031   4.2678  	Dead: 0
92  6.39114   0.0759653   1.22502   4.2678  	Dead: 0
93  6.41685   0.077406    1.24825   4.2678  	Dead: 0
94  6.4479    0.0766589   1.2362    4.2678  	Dead: 0
95  6.42481   0.076856    1.23938   4.2678  	Dead: 0
96  6.44419   0.0793761   1.28002   4.2678  	Dead: 0
97  6.45372   0.0782346   1.26161   4.2678  	Dead: 0
98  6.39607   0.076993    1.24159   4.2678  	Dead: 0
99  6.42311   0.0777597   1.25395   4.2678  	Dead: 0
100 6.37596   0.0762011   1.22882   4.23143 	Dead: 0
