0   12.5218   0.0744533   1.20063   9.58426 	Dead: 0
1   11.7183   0.0610646   0.984729  8.92853 	Dead: 0
2   11.2507   0.0561377   0.905277  8.46021 	Dead: 0
3   11.0106   0.0577002   0.930474  7.87071 	Dead: 0
4   10.8089   0.060307    0.972511  7.87071 	Dead: 0
5   10.6807   0.0631779   1.01881   7.86284 	Dead: 0
6   10.484    0.0639341   1.031     7.86284 	Dead: 0
7   10.407    0.0655361   1.05683   7.34595 	Dead: 0
8   10.2638   0.0656903   1.05932   7.34595 	Dead: 0
9   10.1017   0.0631144   1.01778   7.34595 	Dead: 0
10  10.0903   0.068649    1.10703   7.34595 	Dead: 0
11  9.92661   0.0661956   1.06747   6.90901 	Dead: 0
12  9.75755   0.0640189   1.03237   6.79071 	Dead: 0
13  9.61253   0.062399    1.00625   6.79071 	Dead: 0
14  9.42735   0.0647653   1.04441   5.93798 	Dead: 0
15  9.33701   0.0680021   1.0966    5.93798 	Dead: 0
16  9.12931   0.0637835   1.02857   5.93798 	Dead: 0
17  8.91031   0.0625995   1.00948   5.93798 	Dead: 0
18  8.77586   0.0624603   1.00724   5.93798 	Dead: 0
19  8.65598   0.0639816   1.03177   5.93798 	Dead: 0
20  8.4907    0.0624623   1.00727   5.93798 	Dead: 0
21  8.33391   0.0617195   0.995289  5.93798 	Dead: 0
22  8.29212   0.0690761   1.11392   5.63623 	Dead: 0
23  8.12728   0.0655506   1.05707   5.57833 	Dead: 0
24  8.01069   0.0652602   1.05239   5.57833 	Dead: 0
25  7.91634   0.0659314   1.06321   5.51277 	Dead: 0
26  7.83796   0.0634431   1.02308   5.51277 	Dead: 0
27  7.85018   0.06678     1.07689   5.44981 	Dead: 0
28  7.75079   0.0657567   1.06039   5.09587 	Dead: 0
29  7.71523   0.0667751   1.07682   5.09587 	Dead: 0
30  7.66583   0.0696425   1.12305   5.09587 	Dead: 0
31  7.61132   0.0679571   1.09588   5.09587 	Dead: 0
32  7.57152   0.0693765   1.11877   4.93939 	Dead: 0
33  7.55654   0.0712976   1.14975   4.93939 	Dead: 0
34  7.52632   0.0716501   1.15543   4.93939 	Dead: 0
35  7.47944   0.070162    1.13143   4.93939 	Dead: 0
36  7.46849   0.0713966   1.15134   4.93939 	Dead: 0
37  7.48726   0.0751426   1.21175   4.93939 	Dead: 0
38  7.40629   0.0701636   1.13146   4.93939 	Dead: 0
39  7.43691   0.0753627   1.2153    4.93939 	Dead: 0
40  7.36415   0.0741214   1.19528   4.93939 	Dead: 0
41  7.31139   0.0731723   1.17998   4.93939 	Dead: 0
42  7.33047   0.0740068   1.19343   4.93939 	Dead: 0
43  7.25995   0.0717671   1.15732   4.93939 	Dead: 0
44  7.24193   0.0728873   1.17538   4.93939 	Dead: 0
45  7.28134   0.0773561   1.24745   4.38931 	Dead: 0
46  7.22481   0.0754235   1.21628   4.38931 	Dead: 0
47  7.2111    0.0748233   1.2066    4.38931 	Dead: 0
48  7.18966   0.076079    1.22685   4.38931 	Dead: 0
49  7.16583   0.0763513   1.23124   4.38931 	Dead: 0
50  7.15199   0.0787167   1.26939   4.38931 	Dead: 0
51  7.15867   0.0779131   1.25643   4.38931 	Dead: 0
52  7.06183   0.0771263   1.24374   4.38931 	Dead: 0
53  7.05097   0.0764375   1.23263   4.38931 	Dead: 0
54  7.01462   0.0756197   1.21944   4.38931 	Dead: 0
55  7.02224   0.0778503   1.25541   4.35836 	Dead: 0
56  6.9054    0.0749197   1.20815   4.35836 	Dead: 0
57  6.90737   0.0742371   1.19715   4.35836 	Dead: 0
58  6.97469   0.0787866   1.27051   4.35836 	Dead: 0
59  6.90711   0.0766912   1.23672   4.35836 	Dead: 0
60  6.87398   0.0755513   1.21834   4.35836 	Dead: 0
61  6.82208   0.0728641   1.17501   4.35836 	Dead: 0
62  6.86194   0.0764617   1.23302   4.35836 	Dead: 0
63  6.80814   0.0745855   1.20277   4.26303 	Dead: 0
64  6.81832   0.0767933   1.23837   4.26303 	Dead: 0
65  6.82398   0.0768857   1.23986   4.26303 	Dead: 0
66  6.84164   0.0762482   1.22958   4.26303 	Dead: 0
67  6.8089    0.077417    1.24843   4.26303 	Dead: 0
68  6.75256   0.0737081   1.18862   4.26303 	Dead: 0
69  6.7784    0.0762228   1.22917   4.26303 	Dead: 0
70  6.77207   0.0788125   1.27093   4.26303 	Dead: 0
71  6.78489   0.0797331   1.28578   4.03181 	Dead: 0
72  6.72966   0.0749768   1.20908   4.03181 	Dead: 0
73  6.73248   0.0774128   1.24836   4.03181 	Dead: 0
74  6.71872   0.0784429   1.26497   4.03181 	Dead: 0
75  6.72117   0.0782412   1.26172   4.03181 	Dead: 0
76  6.7317    0.0803402   1.29557   4.03181 	Dead: 0
77  6.71326   0.0788284   1.27119   4.03181 	Dead: 0
78  6.65014   0.0745504   1.2022    4.00713 	Dead: 0
79  6.6556    0.0791073   1.27568   4.00713 	Dead: 0
80  6.67334   0.0791844   1.27693   4.00713 	Dead: 0
81  6.70262   0.0810976   1.30778   4.00713 	Dead: 0
82  6.69633   0.0805695   1.29926   4.00713 	Dead: 0
83  6.6813    0.0817955   1.31903   4.00713 	Dead: 0
84  6.67664   0.0809254   1.305     4.00713 	Dead: 0
85  6.61906   0.0791464   1.27632   4.00713 	Dead: 0
86  6.61896   0.0796157   1.28388   4.00713 	Dead: 0
87  6.62028   0.0782011   1.26107   4.00713 	Dead: 0
88  6.6136    0.0792303   1.27767   4.00713 	Dead: 0
89  6.55108   0.0761436   1.22789   4.00713 	Dead: 0
90  6.5852    0.0802084   1.29344   4.00713 	Dead: 0
91  6.54484   0.0778528   1.25545   4.00713 	Dead: 0
92  6.58141   0.0799752   1.28968   4.00713 	Dead: 0
93  6.57978   0.079323    1.27916   3.91715 	Dead: 0
94  6.55265   0.080877    1.30422   3.91715 	Dead: 0
95  6.54142   0.0805351   1.29871   3.91715 	Dead: 0
96  6.54362   0.0815649   1.31532   3.91715 	Dead: 0
97  6.50383   0.0778885   1.25603   3.91715 	Dead: 0
98  6.50983   0.0787849   1.27048   3.91715 	Dead: 0
99  6.51938   0.080666    1.30082   3.91715 	Dead: 0
100 6.54509   0.0820767   1.32357   3.91715 	Dead: 0
