0   13.0821   0.111456    1.79735   9.61369 	Dead: 0
1   11.8051   0.0807467   1.30212   8.94861 	Dead: 0
2   11.145    0.0697244   1.12438   8.1871  	Dead: 0
3   10.6932   0.0625669   1.00895   7.71676 	Dead: 0
4   10.3543   0.0653305   1.05352   7.093   	Dead: 0
5   10.0132   0.0613855   0.989903  7.093   	Dead: 0
6   9.78001   0.0670015   1.08047   7.0913  	Dead: 0
7   9.52543   0.066907    1.07894   7.0913  	Dead: 0
8   9.36822   0.0690358   1.11327   7.0913  	Dead: 0
9   9.24171   0.0697302   1.12447   6.43126 	Dead: 0
10  9.0622    0.0668106   1.07739   6.22274 	Dead: 0
11  8.93595   0.0723291   1.16638   6.07187 	Dead: 0
12  8.80493   0.0736709   1.18802   5.55494 	Dead: 0
13  8.5955    0.0657012   1.0595    5.55494 	Dead: 0
14  8.47453   0.073042    1.17787   5.55494 	Dead: 0
15  8.2299    0.071714    1.15646   5.35907 	Dead: 0
16  7.86438   0.0679711   1.0961    5.35907 	Dead: 0
17  7.54771   0.0629853   1.0157    5.00732 	Dead: 0
18  7.21223   0.0601059   0.969268  5.00732 	Dead: 0
19  6.96275   0.0568366   0.916548  4.64974 	Dead: 0
20  6.74241   0.0538495   0.868377  4.41819 	Dead: 0
21  6.6242    0.0524234   0.84538   4.41819 	Dead: 0
22  6.51903   0.053697    0.865917  4.41819 	Dead: 0
23  6.3913    0.0530304   0.855169  4.34038 	Dead: 0
24  6.29975   0.0534646   0.862171  4.34038 	Dead: 0
25  6.24617   0.0550844   0.888291  4.34038 	Dead: 0
26  6.2076    0.0556972   0.898173  4.29788 	Dead: 0
27  6.15897   0.057493    0.927132  4.08165 	Dead: 0
28  6.10307   0.0568492   0.91675   4.08165 	Dead: 0
29  6.07161   0.0593764   0.957504  4.08165 	Dead: 0
30  5.96049   0.0557712   0.899366  4.01619 	Dead: 0
31  5.94063   0.0585105   0.943541  4.01619 	Dead: 0
32  5.91911   0.0583137   0.940367  4.01619 	Dead: 0
33  5.87723   0.0615021   0.991783  3.96241 	Dead: 0
34  5.81981   0.0581337   0.937464  3.96241 	Dead: 0
35  5.75218   0.0566179   0.913021  3.7812  	Dead: 0
36  5.76479   0.0596417   0.961782  3.7812  	Dead: 0
37  5.75232   0.0602102   0.970949  3.64814 	Dead: 0
38  5.71608   0.0598253   0.964743  3.64814 	Dead: 0
39  5.68442   0.0601237   0.969555  3.64814 	Dead: 0
40  5.67977   0.0610563   0.984594  3.64814 	Dead: 0
41  5.60601   0.0601699   0.9703    3.64814 	Dead: 0
42  5.56342   0.0585251   0.943776  3.64814 	Dead: 0
43  5.57394   0.0619271   0.998637  3.64814 	Dead: 0
44  5.56276   0.0619934   0.999706  3.64814 	Dead: 0
45  5.54051   0.0615948   0.993277  3.53406 	Dead: 0
46  5.4679    0.0599424   0.966631  3.53406 	Dead: 0
47  5.49889   0.064379    1.03818   3.37091 	Dead: 0
48  5.39901   0.0595342   0.960049  3.37091 	Dead: 0
49  5.41346   0.0628669   1.01379   3.37091 	Dead: 0
50  5.37163   0.0611443   0.986013  3.37091 	Dead: 0
51  5.32293   0.0598588   0.965283  3.35946 	Dead: 0
52  5.33937   0.0644631   1.03953   3.35946 	Dead: 0
53  5.3317    0.062       0.999811  3.35946 	Dead: 0
54  5.27274   0.061308    0.988653  3.35946 	Dead: 0
55  5.24109   0.0605823   0.976951  3.35946 	Dead: 0
56  5.24726   0.0643515   1.03773   3.35946 	Dead: 0
57  5.21577   0.0628109   1.01289   3.35946 	Dead: 0
58  5.14723   0.0618207   0.99692   3.35946 	Dead: 0
59  5.1754    0.0627479   1.01187   3.35946 	Dead: 0
60  5.14526   0.0606757   0.978456  3.35946 	Dead: 0
61  5.09991   0.0635414   1.02467   3.35946 	Dead: 0
62  5.08518   0.0628689   1.01382   3.35946 	Dead: 0
63  5.03485   0.0607781   0.980108  3.35946 	Dead: 0
64  4.9888    0.0574783   0.926895  2.85281 	Dead: 0
65  4.99527   0.0614951   0.99167   2.85281 	Dead: 0
66  5.01976   0.0668477   1.07799   2.85281 	Dead: 0
67  4.99327   0.0643183   1.0372    2.85281 	Dead: 0
68  4.95376   0.0610049   0.983765  2.85281 	Dead: 0
69  4.97317   0.0641792   1.03495   2.85281 	Dead: 0
70  4.97384   0.0655644   1.05729   2.85281 	Dead: 0
71  4.9237    0.0620887   1.00124   2.85281 	Dead: 0
72  4.89287   0.061417    0.99041   2.85281 	Dead: 0
73  4.89738   0.0640069   1.03218   2.85281 	Dead: 0
74  4.92706   0.0682619   1.10079   2.85281 	Dead: 0
75  4.90615   0.0680511   1.09739   2.85281 	Dead: 0
76  4.83936   0.0627594   1.01206   2.85281 	Dead: 0
77  4.84839   0.0654731   1.05582   2.85281 	Dead: 0
78  4.83665   0.0629544   1.0152    2.85281 	Dead: 0
79  4.86043   0.0649068   1.04669   2.85281 	Dead: 0
80  4.82067   0.0627856   1.01248   2.85281 	Dead: 0
81  4.8262    0.0646078   1.04186   2.85281 	Dead: 0
82  4.85735   0.0702867   1.13344   2.85281 	Dead: 0
83  4.76251   0.0633719   1.02193   2.85281 	Dead: 0
84  4.81878   0.0686748   1.10745   2.85281 	Dead: 0
85  4.84955   0.0712285   1.14863   2.85281 	Dead: 0
86  4.8124    0.0671618   1.08305   2.85281 	Dead: 0
87  4.79085   0.0654574   1.05557   2.85281 	Dead: 0
88  4.78251   0.066745    1.07633   2.85281 	Dead: 0
89  4.76369   0.0632636   1.02019   2.85281 	Dead: 0
90  4.74848   0.0632559   1.02006   2.85281 	Dead: 0
91  4.68885   0.0610686   0.984792  2.85281 	Dead: 0
92  4.70733   0.0654589   1.05559   2.85281 	Dead: 0
93  4.71262   0.0665458   1.07312   2.85281 	Dead: 0
94  4.69581   0.0655005   1.05626   2.85281 	Dead: 0
95  4.70674   0.0646302   1.04223   2.85281 	Dead: 0
96  4.71579   0.0665164   1.07264   2.81689 	Dead: 0
97  4.71576   0.0636331   1.02615   2.81689 	Dead: 0
98  4.72779   0.0637961   1.02878   2.81689 	Dead: 0
99  4.71755   0.0659922   1.06419   2.81689 	Dead: 0
100 4.73059   0.0644746   1.03972   2.81689 	Dead: 0
