0   13.0818   0.112301    1.81096   9.06177 	Dead: 0
1   11.8553   0.0802419   1.29398   8.32512 	Dead: 0
2   11.2187   0.0659085   1.06284   7.54267 	Dead: 0
3   10.8761   0.0587169   0.946869  7.54267 	Dead: 0
4   10.6059   0.0601477   0.969941  7.54267 	Dead: 0
5   10.4006   0.0644156   1.03877   7.54267 	Dead: 0
6   10.1681   0.0612355   0.987484  7.35575 	Dead: 0
7   10.0639   0.066203    1.06759   7.09766 	Dead: 0
8   9.85129   0.0649482   1.04736   6.4907  	Dead: 0
9   9.7254    0.0683397   1.10205   6.4907  	Dead: 0
10  9.56643   0.067935    1.09552   6.4907  	Dead: 0
11  9.39859   0.0719414   1.16013   6.37471 	Dead: 0
12  9.24013   0.0747832   1.20595   6.37471 	Dead: 0
13  9.01244   0.0714119   1.15159   4.52475 	Dead: 0
14  8.77037   0.0716462   1.15537   4.52475 	Dead: 0
15  8.63049   0.0744251   1.20018   4.52475 	Dead: 0
16  8.40045   0.0709264   1.14376   4.52475 	Dead: 0
17  8.1679    0.066676    1.07522   4.52475 	Dead: 0
18  8.02162   0.0677301   1.09222   4.52475 	Dead: 0
19  7.75911   0.0643334   1.03744   4.52475 	Dead: 0
20  7.56502   0.0627078   1.01123   4.52475 	Dead: 0
21  7.35827   0.060687    0.978639  4.52475 	Dead: 0
22  7.17627   0.0596644   0.962147  4.52475 	Dead: 0
23  7.03566   0.0603989   0.973992  4.52475 	Dead: 0
24  6.9653    0.0627072   1.01122   4.52475 	Dead: 0
25  6.7889    0.05757     0.928374  4.52475 	Dead: 0
26  6.75062   0.0608877   0.981875  4.52475 	Dead: 0
27  6.68784   0.0595225   0.95986   4.28233 	Dead: 0
28  6.64219   0.0614604   0.99111   4.12124 	Dead: 0
29  6.52794   0.0591819   0.954367  4.12124 	Dead: 0
30  6.4636    0.0599126   0.96615   4.12124 	Dead: 0
31  6.43967   0.0631858   1.01893   4.12124 	Dead: 0
32  6.35889   0.0623521   1.00549   3.91671 	Dead: 0
33  6.37896   0.0666124   1.07419   3.91671 	Dead: 0
34  6.31585   0.0622698   1.00416   3.91671 	Dead: 0
35  6.2645    0.0643175   1.03718   3.91671 	Dead: 0
36  6.18262   0.0613954   0.990062  3.91671 	Dead: 0
37  6.1964    0.0646962   1.04329   3.91671 	Dead: 0
38  6.11536   0.0610527   0.984536  3.91671 	Dead: 0
39  6.10525   0.0635759   1.02522   3.91671 	Dead: 0
40  6.13882   0.0681078   1.09831   3.91671 	Dead: 0
41  6.08469   0.0677158   1.09198   3.91671 	Dead: 0
42  6.03439   0.0671158   1.08231   3.91671 	Dead: 0
43  5.97291   0.0663384   1.06977   3.91671 	Dead: 0
44  6.03959   0.0721661   1.16375   3.91671 	Dead: 0
45  5.92954   0.0653201   1.05335   3.91671 	Dead: 0
46  5.97053   0.0708871   1.14312   3.91671 	Dead: 0
47  5.94615   0.0692833   1.11726   3.89824 	Dead: 0
48  5.89762   0.0670914   1.08192   3.69985 	Dead: 0
49  5.93565   0.0675164   1.08877   3.69985 	Dead: 0
50  5.89403   0.0678134   1.09356   3.69985 	Dead: 0
51  5.88906   0.0711523   1.1474    3.69985 	Dead: 0
52  5.90424   0.073776    1.18971   3.69985 	Dead: 0
53  5.86661   0.0686358   1.10682   3.69985 	Dead: 0
54  5.89021   0.0714111   1.15158   3.69985 	Dead: 0
55  5.77672   0.0677709   1.09287   3.69985 	Dead: 0
56  5.82081   0.0723929   1.16741   3.69985 	Dead: 0
57  5.8305    0.0730322   1.17772   3.32162 	Dead: 0
58  5.76362   0.069139    1.11494   3.32162 	Dead: 0
59  5.75391   0.067984    1.09631   3.32162 	Dead: 0
60  5.74379   0.0693118   1.11772   3.32162 	Dead: 0
61  5.70852   0.0698134   1.12581   3.32162 	Dead: 0
62  5.76104   0.0740669   1.1944    3.32162 	Dead: 0
63  5.68895   0.068627    1.10668   3.32162 	Dead: 0
64  5.64886   0.0696283   1.12283   3.32162 	Dead: 0
65  5.67369   0.0702328   1.13257   3.32162 	Dead: 0
66  5.64209   0.071892    1.15933   3.32162 	Dead: 0
67  5.65847   0.0726522   1.17159   3.32162 	Dead: 0
68  5.61588   0.0696707   1.12351   3.32162 	Dead: 0
69  5.62072   0.0705174   1.13716   3.32162 	Dead: 0
70  5.62944   0.0706674   1.13958   3.32162 	Dead: 0
71  5.60823   0.0714737   1.15258   3.32162 	Dead: 0
72  5.61143   0.0720536   1.16194   3.32162 	Dead: 0
73  5.60052   0.0722324   1.16482   3.32162 	Dead: 0
74  5.55957   0.0699592   1.12816   3.32162 	Dead: 0
75  5.52029   0.0677406   1.09239   3.32162 	Dead: 0
76  5.48752   0.0663921   1.07064   3.32162 	Dead: 0
77  5.4669    0.0658299   1.06157   3.32162 	Dead: 0
78  5.51763   0.0705092   1.13703   3.32162 	Dead: 0
79  5.49412   0.0690076   1.11282   3.32162 	Dead: 0
80  5.47417   0.0686793   1.10752   3.32162 	Dead: 0
81  5.49095   0.0734937   1.18516   3.32162 	Dead: 0
82  5.478     0.0693057   1.11762   3.32162 	Dead: 0
83  5.45015   0.0683757   1.10263   3.32162 	Dead: 0
84  5.47334   0.0695166   1.12102   3.32162 	Dead: 0
85  5.50312   0.0716347   1.15518   3.32162 	Dead: 0
86  5.45596   0.0708129   1.14193   3.32162 	Dead: 0
87  5.43816   0.0709393   1.14397   3.32162 	Dead: 0
88  5.4724    0.0726264   1.17117   3.32162 	Dead: 0
89  5.4587    0.0739652   1.19276   3.32162 	Dead: 0
90  5.44756   0.0731989   1.18041   3.32162 	Dead: 0
91  5.41128   0.072745    1.17309   3.32162 	Dead: 0
92  5.37853   0.066794    1.07712   3.32162 	Dead: 0
93  5.38596   0.069967    1.12829   3.32162 	Dead: 0
94  5.39964   0.0707413   1.14077   3.32162 	Dead: 0
95  5.42424   0.0754804   1.2172    3.32162 	Dead: 0
96  5.43603   0.076239    1.22943   3.32162 	Dead: 0
97  5.35576   0.0728391   1.1746    3.32162 	Dead: 0
98  5.33409   0.070226    1.13246   3.32162 	Dead: 0
99  5.30945   0.0694971   1.12071   3.32162 	Dead: 0
100 5.32776   0.0726688   1.17186   3.32162 	Dead: 0
