0   4451.29   4.25441     68.6067   4257    	Dead: 0
1   4210.9    2.57617     41.5433   4101    	Dead: 0
2   4096.26   2.27456     36.6796   3984    	Dead: 0
3   4029.57   2.18745     35.2748   3892    	Dead: 0
4   3960.61   2.09722     33.8197   3871    	Dead: 0
5   3901.52   1.94105     31.3013   3782    	Dead: 0
6   3859.67   1.99924     32.2398   3780    	Dead: 0
7   3837.02   2.06038     33.2257   3765    	Dead: 0
8   3817.45   2.14064     34.52     3728    	Dead: 0
9   3805.01   2.22946     35.9523   3715    	Dead: 0
10  3793.22   2.23433     36.0308   3712    	Dead: 0
11  3780.53   2.20421     35.5451   3685    	Dead: 0
12  3763.21   2.16632     34.934    3685    	Dead: 0
13  3745.13   2.27332     36.6595   3658    	Dead: 0
14  3730.55   2.21228     35.6752   3647    	Dead: 0
15  3717.2    2.14654     34.6152   3644    	Dead: 0
16  3707.61   2.21354     35.6956   3639    	Dead: 0
17  3700.37   2.28988     36.9266   3622    	Dead: 0
18  3694.74   2.33876     37.7148   3622    	Dead: 0
19  3689.75   2.43269     39.2295   3618    	Dead: 0
20  3684.73   2.48447     40.0645   3614    	Dead: 0
21  3680.92   2.49091     40.1684   3597    	Dead: 0
22  3674.6    2.52775     40.7625   3597    	Dead: 0
23  3672      2.56138     41.3048   3596    	Dead: 0
24  3666.27   2.49044     40.1608   3596    	Dead: 0
25  3661.79   2.61924     42.2379   3588    	Dead: 0
26  3656.32   2.67476     43.1331   3585    	Dead: 0
27  3651.1    2.61633     42.191    3557    	Dead: 0
28  3649.27   2.79217     45.0265   3557    	Dead: 0
29  3647.58   2.89624     46.7047   3557    	Dead: 0
30  3641.19   2.8845      46.5155   3520    	Dead: 0
31  3638.9    3.03638     48.9647   3520    	Dead: 0
32  3637.05   3.18226     51.3171   3520    	Dead: 0
33  3632.29   3.20515     51.6863   3520    	Dead: 0
34  3629.1    3.3751      54.4269   3520    	Dead: 0
35  3625.45   3.29756     53.1765   3520    	Dead: 0
36  3624.33   3.42895     55.2952   3520    	Dead: 0
37  3622.03   3.5823      57.7681   3520    	Dead: 0
38  3620.91   3.76606     60.7315   3507    	Dead: 0
39  3618.49   3.78235     60.9942   3507    	Dead: 0
40  3617.26   3.88568     62.6605   3507    	Dead: 0
41  3615.63   3.99407     64.4084   3507    	Dead: 0
42  3611.49   3.98905     64.3274   3507    	Dead: 0
43  3610.35   4.14561     66.8521   3507    	Dead: 0
44  3608.47   4.14517     66.8451   3507    	Dead: 0
45  3608.68   4.17999     67.4065   3507    	Dead: 0
46  3605.31   4.16189     67.1146   3507    	Dead: 0
47  3605.32   4.2353      68.2985   3507    	Dead: 0
48  3605.25   4.39806     70.9231   3507    	Dead: 0
49  3601.75   4.26733     68.815    3507    	Dead: 0
50  3600.51   4.35742     70.2677   3507    	Dead: 0
51  3599.24   4.34885     70.1296   3507    	Dead: 0
52  3596.7    4.27535     68.9444   3498    	Dead: 0
53  3592.74   4.39536     70.8795   3496    	Dead: 0
54  3595.78   4.48174     72.2726   3496    	Dead: 0
55  3591.19   4.42647     71.3813   3496    	Dead: 0
56  3589.34   4.45183     71.7903   3495    	Dead: 0
57  3585.32   4.35264     70.1907   3491    	Dead: 0
58  3588.23   4.52864     73.0289   3490    	Dead: 0
59  3583.07   4.55207     73.4068   3476    	Dead: 0
60  3577.74   4.60026     74.1839   3474    	Dead: 0
61  3568.01   4.49286     72.4519   3474    	Dead: 0
62  3562.68   4.58681     73.9669   3474    	Dead: 0
63  3563.76   4.81047     77.5736   3469    	Dead: 0
64  3554.33   4.75637     76.7012   3469    	Dead: 0
65  3554.02   4.72129     76.1356   3468    	Dead: 0
66  3549.24   4.77142     76.9439   3462    	Dead: 0
67  3548.87   4.84456     78.1234   3462    	Dead: 0
68  3545.95   4.8979      78.9836   3456    	Dead: 0
69  3545.86   4.89403     78.9212   3456    	Dead: 0
70  3542.32   4.77002     76.9213   3456    	Dead: 0
71  3540.19   4.78685     77.1928   3456    	Dead: 0
72  3542.83   4.9273      79.4576   3453    	Dead: 0
73  3539.68   4.99425     80.5372   3453    	Dead: 0
74  3536.92   4.95612     79.9224   3448    	Dead: 0
75  3535.97   4.94343     79.7177   3448    	Dead: 0
76  3538.79   5.17625     83.4723   3445    	Dead: 0
77  3533.7    5.0078      80.7557   3445    	Dead: 0
78  3531.93   5.09404     82.1466   3445    	Dead: 0
79  3534.05   5.15144     83.0722   3444    	Dead: 0
80  3530.31   5.1242      82.6329   3442    	Dead: 0
81  3524.64   5.07625     81.8597   3441    	Dead: 0
82  3526.49   5.14324     82.94     3437    	Dead: 0
83  3529.6    5.38038     86.764    3435    	Dead: 0
84  3522.59   5.2701      84.9856   3435    	Dead: 0
85  3521.38   5.26192     84.8538   3433    	Dead: 0
86  3518.35   5.29909     85.4531   3429    	Dead: 0
87  3520.25   5.40572     87.1727   3429    	Dead: 0
88  3520.72   5.39771     87.0434   3426    	Dead: 0
89  3516.82   5.32381     85.8518   3425    	Dead: 0
90  3515.73   5.4116      87.2675   3424    	Dead: 0
91  3514.23   5.4328      87.6094   3423    	Dead: 0
92  3514.33   5.45758     88.009    3417    	Dead: 0
93  3517.05   5.57601     89.9188   3417    	Dead: 0
94  3511.8    5.54899     89.483    3417    	Dead: 0
95  3516.49   5.60347     90.3616   3417    	Dead: 0
96  3512.07   5.63166     90.8162   3417    	Dead: 0
97  3507.33   5.6455      91.0393   3414    	Dead: 0
98  3507.57   5.65708     91.2261   3411    	Dead: 0
99  3506.7    5.73582     92.4958   3408    	Dead: 0
100 3506.58   5.83276     94.0591   3407    	Dead: 0
