0   4458.16   4.16287     67.1304   4239    	Dead: 0
1   4314.28   3.15949     50.9499   4187    	Dead: 0
2   4226.35   2.7201      43.8643   4049    	Dead: 0
3   4147.85   2.46481     39.7475   4025    	Dead: 0
4   4089.36   2.42416     39.092    3964    	Dead: 0
5   4042.86   2.29619     37.0284   3921    	Dead: 0
6   4008.36   2.25159     36.3092   3914    	Dead: 0
7   3977.96   2.14724     34.6264   3874    	Dead: 0
8   3955.89   2.08802     33.6714   3863    	Dead: 0
9   3936.9    2.19192     35.3468   3828    	Dead: 0
10  3917.05   2.09904     33.8492   3824    	Dead: 0
11  3902.17   2.10988     34.0239   3816    	Dead: 0
12  3886.6    2.05414     33.125    3802    	Dead: 0
13  3868.81   2.07541     33.4681   3761    	Dead: 0
14  3851.9    2.05333     33.112    3761    	Dead: 0
15  3837.57   2.00718     32.3678   3761    	Dead: 0
16  3827.41   2.14243     34.5488   3722    	Dead: 0
17  3810.69   2.02893     32.7186   3722    	Dead: 0
18  3794.89   2.12527     34.2721   3704    	Dead: 0
19  3777.01   1.95615     31.5449   3704    	Dead: 0
20  3769.01   2.03214     32.7704   3703    	Dead: 0
21  3763.47   2.06615     33.3188   3692    	Dead: 0
22  3759.61   2.2233      35.8529   3690    	Dead: 0
23  3755.13   2.21457     35.7122   3665    	Dead: 0
24  3749.62   2.20471     35.5532   3665    	Dead: 0
25  3744.5    2.21595     35.7344   3665    	Dead: 0
26  3740.98   2.31907     37.3973   3665    	Dead: 0
27  3737.8    2.34186     37.7649   3654    	Dead: 0
28  3733.28   2.32534     37.4984   3653    	Dead: 0
29  3728.7    2.33701     37.6866   3653    	Dead: 0
30  3724.19   2.37149     38.2427   3643    	Dead: 0
31  3720.1    2.37774     38.3434   3628    	Dead: 0
32  3717.43   2.40963     38.8578   3619    	Dead: 0
33  3712.01   2.40578     38.7956   3619    	Dead: 0
34  3708.09   2.35789     38.0233   3619    	Dead: 0
35  3702.61   2.35752     38.0173   3619    	Dead: 0
36  3700.41   2.44531     39.4331   3607    	Dead: 0
37  3696.88   2.55163     41.1476   3607    	Dead: 0
38  3693.22   2.51536     40.5627   3592    	Dead: 0
39  3688.57   2.46968     39.826    3592    	Dead: 0
40  3684.81   2.54428     41.029    3592    	Dead: 0
41  3684.69   2.72607     43.9607   3592    	Dead: 0
42  3678.34   2.7482      44.3175   3592    	Dead: 0
43  3674.45   2.67952     43.2099   3581    	Dead: 0
44  3671.06   2.72254     43.9037   3581    	Dead: 0
45  3670.06   2.75876     44.4878   3581    	Dead: 0
46  3667.99   2.79813     45.1227   3581    	Dead: 0
47  3665.26   2.7985      45.1286   3581    	Dead: 0
48  3659.77   2.82726     45.5924   3581    	Dead: 0
49  3657.98   2.84151     45.8223   3579    	Dead: 0
50  3656.73   2.87056     46.2906   3579    	Dead: 0
51  3654.66   2.91175     46.9549   3574    	Dead: 0
52  3653.8    3.02432     48.7702   3565    	Dead: 0
53  3651.22   3.02756     48.8225   3565    	Dead: 0
54  3648.81   3.0693      49.4955   3561    	Dead: 0
55  3648.25   3.10425     50.0591   3561    	Dead: 0
56  3645.66   3.0674      49.4649   3561    	Dead: 0
57  3645.02   3.10159     50.0162   3561    	Dead: 0
58  3641.79   3.02576     48.7935   3561    	Dead: 0
59  3640.32   2.91949     47.0796   3561    	Dead: 0
60  3638.75   2.99035     48.2224   3561    	Dead: 0
61  3640.05   3.13996     50.635    3561    	Dead: 0
62  3640.39   3.17868     51.2593   3561    	Dead: 0
63  3636.61   3.04467     49.0984   3557    	Dead: 0
64  3634.66   2.99765     48.3401   3556    	Dead: 0
65  3637.19   3.19712     51.5568   3556    	Dead: 0
66  3638.72   3.24283     52.2939   3556    	Dead: 0
67  3636.76   3.18293     51.328    3556    	Dead: 0
68  3635.29   3.26355     52.628    3556    	Dead: 0
69  3635.27   3.25421     52.4774   3556    	Dead: 0
70  3633.3    3.27981     52.8903   3556    	Dead: 0
71  3633.78   3.28787     53.0202   3556    	Dead: 0
72  3631.5    3.20701     51.7163   3553    	Dead: 0
73  3632.06   3.28999     53.0544   3553    	Dead: 0
74  3630.28   3.25135     52.4313   3553    	Dead: 0
75  3630.26   3.21526     51.8493   3553    	Dead: 0
76  3631.36   3.35171     54.0497   3553    	Dead: 0
77  3628.34   3.25799     52.5383   3551    	Dead: 0
78  3626.02   3.26056     52.5798   3551    	Dead: 0
79  3624.29   3.2774      52.8513   3551    	Dead: 0
80  3623.34   3.19772     51.5664   3551    	Dead: 0
81  3624.98   3.31536     53.4635   3548    	Dead: 0
82  3626.83   3.34747     53.9813   3546    	Dead: 0
83  3623.12   3.21884     51.9069   3546    	Dead: 0
84  3622.7    3.31096     53.3926   3546    	Dead: 0
85  3622.24   3.26499     52.6512   3541    	Dead: 0
86  3622.89   3.35813     54.1531   3541    	Dead: 0
87  3622.46   3.39549     54.7557   3541    	Dead: 0
88  3620.68   3.34125     53.881    3541    	Dead: 0
89  3619.4    3.33686     53.8102   3541    	Dead: 0
90  3621.43   3.47334     56.011    3541    	Dead: 0
91  3619.1    3.39748     54.7877   3541    	Dead: 0
92  3617.62   3.3747      54.4204   3539    	Dead: 0
93  3617.97   3.44382     55.535    3538    	Dead: 0
94  3616.26   3.30919     53.364    3538    	Dead: 0
95  3619.03   3.40085     54.8421   3534    	Dead: 0
96  3617.94   3.41183     55.0192   3527    	Dead: 0
97  3615.38   3.28995     53.0537   3527    	Dead: 0
98  3615.07   3.41965     55.1453   3527    	Dead: 0
99  3614.35   3.42675     55.2598   3523    	Dead: 0
100 3611.4    3.28536     52.9798   3523    	Dead: 0
