0   4460.05   3.97436     64.0905   4237    	Dead: 0
1   4308.64   3.45345     55.6904   4134    	Dead: 0
2   4203.99   2.80165     45.1795   4061    	Dead: 0
3   4140.31   2.47534     39.9173   4016    	Dead: 0
4   4092.79   2.37199     38.2507   3977    	Dead: 0
5   4052.68   2.31937     37.4022   3944    	Dead: 0
6   4010.84   2.13365     34.4073   3922    	Dead: 0
7   3979.59   2.02782     32.7006   3888    	Dead: 0
8   3959.36   1.99804     32.2205   3878    	Dead: 0
9   3943.34   1.95789     31.573    3871    	Dead: 0
10  3932.97   2.06186     33.2496   3858    	Dead: 0
11  3921.04   2.07331     33.4343   3819    	Dead: 0
12  3911.3    2.15495     34.7507   3819    	Dead: 0
13  3898.77   2.07689     33.492    3819    	Dead: 0
14  3885.9    2.00286     32.2981   3814    	Dead: 0
15  3877.23   1.99942     32.2427   3799    	Dead: 0
16  3868.35   2.14651     34.6146   3793    	Dead: 0
17  3859.26   2.21164     35.6649   3782    	Dead: 0
18  3850.02   2.18359     35.2125   3756    	Dead: 0
19  3842.78   2.29022     36.932    3755    	Dead: 0
20  3830.36   2.16776     34.9573   3748    	Dead: 0
21  3822.29   2.25985     36.4423   3748    	Dead: 0
22  3812.86   2.13216     34.3832   3737    	Dead: 0
23  3803.57   2.17934     35.144    3724    	Dead: 0
24  3797.49   2.25535     36.3698   3721    	Dead: 0
25  3788.17   2.13693     34.4601   3718    	Dead: 0
26  3782.95   2.26978     36.6025   3703    	Dead: 0
27  3774.64   2.08955     33.696    3683    	Dead: 0
28  3768.6    2.10178     33.8933   3683    	Dead: 0
29  3764.14   2.19701     35.4289   3683    	Dead: 0
30  3759.13   2.18597     35.2509   3673    	Dead: 0
31  3753.95   2.19639     35.419    3673    	Dead: 0
32  3747.74   2.18554     35.244    3673    	Dead: 0
33  3742.33   2.2152      35.7223   3668    	Dead: 0
34  3737.32   2.29215     36.9632   3668    	Dead: 0
35  3731.22   2.27371     36.6659   3653    	Dead: 0
36  3726.14   2.24549     36.2108   3653    	Dead: 0
37  3721.49   2.27601     36.703    3653    	Dead: 0
38  3715.43   2.21767     35.7622   3638    	Dead: 0
39  3714.17   2.41835     38.9983   3638    	Dead: 0
40  3708.14   2.36689     38.1685   3638    	Dead: 0
41  3704.65   2.34826     37.8681   3638    	Dead: 0
42  3700.75   2.35942     38.0481   3637    	Dead: 0
43  3697.73   2.37671     38.3269   3629    	Dead: 0
44  3695.6    2.42019     39.028    3629    	Dead: 0
45  3695.3    2.51929     40.6261   3626    	Dead: 0
46  3690.84   2.50939     40.4665   3620    	Dead: 0
47  3688.42   2.47177     39.8597   3620    	Dead: 0
48  3686.14   2.45013     39.5108   3620    	Dead: 0
49  3686.48   2.5276      40.7601   3620    	Dead: 0
50  3683.47   2.60939     42.079    3616    	Dead: 0
51  3682.52   2.60268     41.9709   3616    	Dead: 0
52  3678.7    2.54169     40.9873   3616    	Dead: 0
53  3676.91   2.57582     41.5377   3607    	Dead: 0
54  3675.45   2.62556     42.3398   3590    	Dead: 0
55  3672.17   2.59986     41.9254   3590    	Dead: 0
56  3669.81   2.48614     40.0916   3590    	Dead: 0
57  3666.88   2.51984     40.6349   3590    	Dead: 0
58  3663.84   2.62629     42.3515   3590    	Dead: 0
59  3660.48   2.60133     41.949    3578    	Dead: 0
60  3659.33   2.59433     41.8361   3578    	Dead: 0
61  3656.39   2.6003      41.9325   3578    	Dead: 0
62  3653.3    2.59162     41.7925   3578    	Dead: 0
63  3652.61   2.69494     43.4586   3578    	Dead: 0
64  3648.99   2.63634     42.5136   3578    	Dead: 0
65  3647.59   2.65642     42.8374   3578    	Dead: 0
66  3645.24   2.63318     42.4627   3576    	Dead: 0
67  3644.05   2.66634     42.9973   3570    	Dead: 0
68  3644.84   2.85968     46.1152   3570    	Dead: 0
69  3642.43   2.71174     43.7295   3570    	Dead: 0
70  3644.65   2.88583     46.5369   3570    	Dead: 0
71  3640.48   2.70913     43.6874   3570    	Dead: 0
72  3639.87   2.76317     44.5588   3570    	Dead: 0
73  3639.19   2.79338     45.0461   3570    	Dead: 0
74  3639.65   2.9198      47.0847   3565    	Dead: 0
75  3640.08   2.93835     47.3838   3565    	Dead: 0
76  3637.87   2.90033     46.7708   3565    	Dead: 0
77  3639.76   3.01398     48.6035   3565    	Dead: 0
78  3638.7    2.98105     48.0724   3565    	Dead: 0
79  3638.49   3.08593     49.7637   3554    	Dead: 0
80  3638.21   3.01178     48.568    3554    	Dead: 0
81  3636.93   2.9982      48.3489   3554    	Dead: 0
82  3636.7    2.98949     48.2085   3554    	Dead: 0
83  3637.56   3.10051     49.9988   3554    	Dead: 0
84  3634.5    3.08096     49.6835   3554    	Dead: 0
85  3634.23   3.08846     49.8045   3554    	Dead: 0
86  3634.46   3.10869     50.1307   3554    	Dead: 0
87  3631.69   3.05585     49.2786   3551    	Dead: 0
88  3631.47   3.1151      50.2341   3547    	Dead: 0
89  3632.51   3.20137     51.6252   3547    	Dead: 0
90  3633.36   3.3093      53.3658   3547    	Dead: 0
91  3630.51   3.17162     51.1456   3547    	Dead: 0
92  3628.89   3.1271      50.4277   3545    	Dead: 0
93  3628.24   3.17999     51.2806   3545    	Dead: 0
94  3628.88   3.32729     53.6558   3544    	Dead: 0
95  3626.56   3.13511     50.5568   3544    	Dead: 0
96  3627.05   3.31543     53.4646   3544    	Dead: 0
97  3625.25   3.25866     52.5491   3538    	Dead: 0
98  3623.28   3.28668     53.001    3534    	Dead: 0
99  3621.96   3.36139     54.2058   3534    	Dead: 0
100 3623.55   3.38572     54.5982   3534    	Dead: 0
