0   4450.36   3.8944      62.801    4257    	Dead: 0
1   4205.53   2.54916     41.1078   4068    	Dead: 0
2   4099.96   2.21647     35.7428   3997    	Dead: 0
3   4036.04   2.25968     36.4396   3944    	Dead: 0
4   3991      2.36956     38.2115   3891    	Dead: 0
5   3952.54   2.21065     35.649    3855    	Dead: 0
6   3923.11   2.14018     34.5126   3832    	Dead: 0
7   3893.76   2.11191     34.0567   3824    	Dead: 0
8   3869.06   2.05741     33.1777   3798    	Dead: 0
9   3852.66   2.13884     34.4909   3773    	Dead: 0
10  3840.3    2.11043     34.0328   3754    	Dead: 0
11  3828.2    2.17972     35.1501   3754    	Dead: 0
12  3817.09   2.32557     37.5021   3737    	Dead: 0
13  3809.32   2.60921     42.0761   3729    	Dead: 0
14  3801.24   2.64747     42.6931   3718    	Dead: 0
15  3794.83   2.78671     44.9385   3718    	Dead: 0
16  3790.75   2.91923     47.0756   3718    	Dead: 0
17  3784.31   2.87925     46.4308   3698    	Dead: 0
18  3779.41   2.91909     47.0733   3681    	Dead: 0
19  3777.19   3.09049     49.8373   3681    	Dead: 0
20  3771.82   3.10207     50.0239   3681    	Dead: 0
21  3768.11   3.25112     52.4275   3681    	Dead: 0
22  3760.94   3.24374     52.3086   3678    	Dead: 0
23  3753.69   3.29286     53.1007   3671    	Dead: 0
24  3751.61   3.36445     54.2552   3666    	Dead: 0
25  3746.01   3.35129     54.0429   3664    	Dead: 0
26  3741.27   3.26597     52.6671   3656    	Dead: 0
27  3735.78   3.35664     54.1292   3656    	Dead: 0
28  3734.54   3.45267     55.6778   3651    	Dead: 0
29  3730.44   3.48254     56.1594   3650    	Dead: 0
30  3724.49   3.44947     55.6261   3641    	Dead: 0
31  3721.92   3.59082     57.9056   3635    	Dead: 0
32  3715.99   3.51934     56.7528   3626    	Dead: 0
33  3712.54   3.47792     56.085    3612    	Dead: 0
34  3708.26   3.53527     57.0097   3612    	Dead: 0
35  3706.76   3.63267     58.5804   3612    	Dead: 0
36  3702.37   3.61671     58.3231   3612    	Dead: 0
37  3696.09   3.61807     58.3451   3594    	Dead: 0
38  3689.24   3.62495     58.4559   3593    	Dead: 0
39  3684.23   3.73104     60.1667   3593    	Dead: 0
40  3677.75   3.63502     58.6183   3593    	Dead: 0
41  3671.74   3.68406     59.4092   3577    	Dead: 0
42  3666.47   3.63251     58.5779   3573    	Dead: 0
43  3663.9    3.70632     59.7681   3573    	Dead: 0
44  3659.89   3.87471     62.4836   3572    	Dead: 0
45  3655.63   3.92133     63.2354   3553    	Dead: 0
46  3653.38   3.92316     63.2649   3553    	Dead: 0
47  3650.09   3.91113     63.0708   3553    	Dead: 0
48  3645.03   3.88952     62.7224   3553    	Dead: 0
49  3643.76   3.94726     63.6534   3548    	Dead: 0
50  3638.11   3.94873     63.6772   3548    	Dead: 0
51  3637.33   4.01495     64.745    3546    	Dead: 0
52  3638.19   4.20075     67.7413   3546    	Dead: 0
53  3637.18   4.28346     69.0751   3546    	Dead: 0
54  3630.14   4.24375     68.4347   3544    	Dead: 0
55  3626.44   4.33338     69.88     3537    	Dead: 0
56  3624.02   4.47333     72.1369   3532    	Dead: 0
57  3620.02   4.60577     74.2726   3532    	Dead: 0
58  3619.61   4.66455     75.2206   3530    	Dead: 0
59  3618.5    4.70519     75.8758   3525    	Dead: 0
60  3611      4.59349     74.0746   3525    	Dead: 0
61  3612.17   4.73909     76.4226   3525    	Dead: 0
62  3609.91   4.85032     78.2162   3525    	Dead: 0
63  3608.76   4.84473     78.1261   3517    	Dead: 0
64  3610      5.05054     81.445    3517    	Dead: 0
65  3612.2    5.16389     83.2729   3517    	Dead: 0
66  3610.68   5.12503     82.6462   3517    	Dead: 0
67  3606.3    5.0917      82.1088   3516    	Dead: 0
68  3605.58   5.21363     84.075    3516    	Dead: 0
69  3606.14   5.27158     85.0095   3508    	Dead: 0
70  3601.05   5.11514     82.4868   3508    	Dead: 0
71  3599.88   5.13408     82.7921   3498    	Dead: 0
72  3599.62   5.13428     82.7954   3498    	Dead: 0
73  3597.43   5.02109     80.9702   3498    	Dead: 0
74  3596.41   5.10581     82.3362   3498    	Dead: 0
75  3597.1    5.23531     84.4245   3493    	Dead: 0
76  3597.41   5.21564     84.1075   3486    	Dead: 0
77  3594.61   5.26524     84.9073   3486    	Dead: 0
78  3598.63   5.47126     88.2295   3486    	Dead: 0
79  3591.8    5.25722     84.778    3486    	Dead: 0
80  3593.63   5.37672     86.705    3486    	Dead: 0
81  3589.67   5.19529     83.7792   3486    	Dead: 0
82  3591.65   5.33059     85.9611   3486    	Dead: 0
83  3589      5.46431     88.1175   3486    	Dead: 0
84  3586.98   5.40536     87.1668   3486    	Dead: 0
85  3589.81   5.7439      92.6262   3486    	Dead: 0
86  3586.41   5.66633     91.3752   3486    	Dead: 0
87  3581.76   5.49196     88.5633   3486    	Dead: 0
88  3583.16   5.76324     92.938    3486    	Dead: 0
89  3585.8    5.8533      94.3902   3486    	Dead: 0
90  3583.92   5.77015     93.0494   3485    	Dead: 0
91  3583.33   5.8282      93.9855   3485    	Dead: 0
92  3582.05   5.88643     94.9246   3485    	Dead: 0
93  3579.61   5.76553     92.975    3482    	Dead: 0
94  3583.24   6.06242     97.7625   3473    	Dead: 0
95  3575.99   5.77428     93.116    3473    	Dead: 0
96  3572.35   5.8025      93.5711   3473    	Dead: 0
97  3572.62   5.84843     94.3118   3468    	Dead: 0
98  3570.57   5.99016     96.5973   3465    	Dead: 0
99  3569.35   6.02432     97.1482   3465    	Dead: 0
100 3568.59   5.98387     96.4959   3465    	Dead: 0
