0   4452.17   4.14119     66.7808   4269    	Dead: 0
1   4204.25   2.80687     45.2636   4055    	Dead: 0
2   4087.09   2.34614     37.8338   3980    	Dead: 0
3   4012.64   2.26132     36.4661   3901    	Dead: 0
4   3953.67   2.32071     37.4238   3855    	Dead: 0
5   3897.39   2.12601     34.284    3787    	Dead: 0
6   3853.67   2.069       33.3646   3761    	Dead: 0
7   3829.26   2.19592     35.4114   3740    	Dead: 0
8   3806.69   2.17832     35.1276   3733    	Dead: 0
9   3785.31   2.19143     35.3391   3716    	Dead: 0
10  3771.12   2.26254     36.4856   3692    	Dead: 0
11  3758.35   2.33254     37.6145   3668    	Dead: 0
12  3750.63   2.55808     41.2516   3667    	Dead: 0
13  3738.74   2.45036     39.5145   3664    	Dead: 0
14  3734.58   2.54039     40.9663   3642    	Dead: 0
15  3727.38   2.67061     43.0662   3642    	Dead: 0
16  3720.47   2.73785     44.1505   3613    	Dead: 0
17  3714.85   2.79374     45.0519   3613    	Dead: 0
18  3707.17   2.82328     45.5282   3613    	Dead: 0
19  3699.43   2.78568     44.9218   3613    	Dead: 0
20  3693.64   2.81984     45.4728   3613    	Dead: 0
21  3689.55   3.07095     49.5222   3608    	Dead: 0
22  3684.99   3.12442     50.3845   3602    	Dead: 0
23  3679.37   3.14898     50.7805   3602    	Dead: 0
24  3675.68   3.39983     54.8256   3591    	Dead: 0
25  3670.37   3.47303     56.006    3585    	Dead: 0
26  3669.46   3.59778     58.0177   3582    	Dead: 0
27  3663.21   3.70655     59.7718   3582    	Dead: 0
28  3660.2    3.66388     59.0838   3578    	Dead: 0
29  3658.56   3.90275     62.9357   3569    	Dead: 0
30  3656.5    3.92889     63.3573   3560    	Dead: 0
31  3652.68   4.05136     65.3322   3560    	Dead: 0
32  3651      4.23294     68.2605   3560    	Dead: 0
33  3645.52   4.06074     65.4836   3559    	Dead: 0
34  3645.58   4.25228     68.5722   3550    	Dead: 0
35  3637.91   4.11577     66.371    3550    	Dead: 0
36  3634.38   4.15637     67.0257   3547    	Dead: 0
37  3634.34   4.33744     69.9456   3539    	Dead: 0
38  3632.67   4.52834     73.024    3532    	Dead: 0
39  3628.48   4.47969     72.2394   3532    	Dead: 0
40  3624.53   4.5043      72.6363   3531    	Dead: 0
41  3622.02   4.6365      74.7683   3523    	Dead: 0
42  3622.22   4.93496     79.5811   3523    	Dead: 0
43  3618.63   4.76524     76.8442   3523    	Dead: 0
44  3616.61   4.84892     78.1938   3521    	Dead: 0
45  3616.35   4.91315     79.2294   3517    	Dead: 0
46  3614.63   4.96336     80.0392   3516    	Dead: 0
47  3611.24   4.93395     79.5649   3516    	Dead: 0
48  3613.63   5.10315     82.2934   3512    	Dead: 0
49  3609.01   5.00613     80.7288   3507    	Dead: 0
50  3608.34   5.09614     82.1803   3507    	Dead: 0
51  3605.27   5.14196     82.9193   3497    	Dead: 0
52  3603.92   5.24834     84.6347   3497    	Dead: 0
53  3603      5.30515     85.5509   3497    	Dead: 0
54  3602.47   5.36924     86.5843   3497    	Dead: 0
55  3602.43   5.40166     87.1072   3497    	Dead: 0
56  3601.11   5.34414     86.1795   3497    	Dead: 0
57  3598.63   5.36181     86.4646   3493    	Dead: 0
58  3599.27   5.36859     86.574    3493    	Dead: 0
59  3599.56   5.49585     88.6261   3493    	Dead: 0
60  3597.28   5.45855     88.0245   3491    	Dead: 0
61  3597.55   5.56591     89.7559   3491    	Dead: 0
62  3593.06   5.379       86.7417   3491    	Dead: 0
63  3593.4    5.45341     87.9417   3491    	Dead: 0
64  3592.92   5.60311     90.3558   3491    	Dead: 0
65  3590.57   5.53603     89.274    3482    	Dead: 0
66  3588.76   5.61898     90.6117   3482    	Dead: 0
67  3589.77   5.56984     89.8192   3482    	Dead: 0
68  3583.8    5.50791     88.8205   3482    	Dead: 0
69  3587.85   5.58392     90.0463   3482    	Dead: 0
70  3585.06   5.62968     90.7842   3482    	Dead: 0
71  3582.78   5.5943      90.2136   3482    	Dead: 0
72  3581.34   5.59459     90.2184   3480    	Dead: 0
73  3577.63   5.54068     89.3489   3480    	Dead: 0
74  3577.96   5.46689     88.159    3477    	Dead: 0
75  3577.68   5.54913     89.4852   3477    	Dead: 0
76  3577.31   5.62558     90.7181   3477    	Dead: 0
77  3576.8    5.59836     90.2792   3473    	Dead: 0
78  3578.29   5.7372      92.5181   3473    	Dead: 0
79  3576.57   5.66904     91.419    3470    	Dead: 0
80  3579.39   5.9481      95.919    3468    	Dead: 0
81  3574.79   5.84682     94.2858   3468    	Dead: 0
82  3574.44   5.91422     95.3727   3466    	Dead: 0
83  3573.02   5.87119     94.6787   3466    	Dead: 0
84  3571.88   5.78142     93.2312   3465    	Dead: 0
85  3570.86   5.84323     94.2279   3459    	Dead: 0
86  3571.07   5.84765     94.2991   3459    	Dead: 0
87  3570.17   5.89799     95.1109   3459    	Dead: 0
88  3569.78   5.97165     96.2988   3459    	Dead: 0
89  3568.54   5.94608     95.8865   3459    	Dead: 0
90  3563.95   5.86882     94.6405   3459    	Dead: 0
91  3569.65   6.12209     98.7248   3459    	Dead: 0
92  3568.87   6.1502      99.1782   3458    	Dead: 0
93  3565.32   6.12082     98.7044   3453    	Dead: 0
94  3567.58   6.13762     98.9752   3453    	Dead: 0
95  3564.54   6.12813     98.8222   3450    	Dead: 0
96  3566.21   6.15963     99.3303   3450    	Dead: 0
97  3564.15   6.18725     99.7756   3450    	Dead: 0
98  3563.83   6.20851     100.118   3450    	Dead: 0
99  3559.33   6.08795     98.1742   3450    	Dead: 0
100 3561.8    6.24579     100.72    3450    	Dead: 0
