0   4446.83   4.06035     65.4773   4259    	Dead: 0
1   4208.16   2.85294     46.0065   4052    	Dead: 0
2   4082.12   2.27547     36.6943   3978    	Dead: 0
3   4016.35   2.14265     34.5524   3941    	Dead: 0
4   3969.47   2.1463      34.6112   3878    	Dead: 0
5   3930.66   2.10763     33.9877   3828    	Dead: 0
6   3901      2.17435     35.0636   3801    	Dead: 0
7   3871.91   2.1039      33.9274   3778    	Dead: 0
8   3841.53   2.23003     35.9614   3750    	Dead: 0
9   3806.61   2.24706     36.2361   3705    	Dead: 0
10  3785.3    2.15423     34.7392   3702    	Dead: 0
11  3766.86   2.15855     34.8088   3696    	Dead: 0
12  3750.26   2.09279     33.7483   3665    	Dead: 0
13  3738.76   2.19116     35.3346   3664    	Dead: 0
14  3727.87   2.21211     35.6725   3646    	Dead: 0
15  3718.59   2.26567     36.5362   3646    	Dead: 0
16  3710.4    2.32661     37.5189   3638    	Dead: 0
17  3700.05   2.32398     37.4765   3628    	Dead: 0
18  3693.76   2.46971     39.8266   3606    	Dead: 0
19  3686.22   2.64414     42.6394   3606    	Dead: 0
20  3678.07   2.69392     43.4422   3600    	Dead: 0
21  3671.34   2.89709     46.7185   3584    	Dead: 0
22  3665.81   2.92218     47.1231   3578    	Dead: 0
23  3658.6    3.02008     48.7017   3577    	Dead: 0
24  3654.93   3.12397     50.3771   3573    	Dead: 0
25  3649.33   3.20194     51.6345   3569    	Dead: 0
26  3645.95   3.45787     55.7616   3558    	Dead: 0
27  3640.19   3.50019     56.4441   3547    	Dead: 0
28  3637.48   3.8265      61.7061   3547    	Dead: 0
29  3633.21   3.83275     61.8069   3547    	Dead: 0
30  3626.31   3.67209     59.2161   3545    	Dead: 0
31  3622.76   3.69471     59.5809   3542    	Dead: 0
32  3623.79   3.98775     64.3064   3542    	Dead: 0
33  3619.11   3.94096     63.5519   3530    	Dead: 0
34  3617.02   4.04355     65.2063   3530    	Dead: 0
35  3614.03   4.08249     65.8342   3527    	Dead: 0
36  3609.92   4.11031     66.2829   3525    	Dead: 0
37  3610.04   4.35559     70.2382   3516    	Dead: 0
38  3604.04   4.30087     69.3559   3511    	Dead: 0
39  3598.59   4.39334     70.847    3511    	Dead: 0
40  3600.52   4.4973      72.5235   3494    	Dead: 0
41  3597.62   4.66965     75.3027   3494    	Dead: 0
42  3595.44   4.77316     76.972    3494    	Dead: 0
43  3594.11   4.84245     78.0894   3487    	Dead: 0
44  3590.91   4.89426     78.9249   3487    	Dead: 0
45  3586.83   4.82715     77.8426   3487    	Dead: 0
46  3585.8    4.81463     77.6407   3487    	Dead: 0
47  3583.59   4.98901     80.4527   3487    	Dead: 0
48  3577.88   4.84523     78.1342   3487    	Dead: 0
49  3577.19   4.9235      79.3964   3487    	Dead: 0
50  3579.25   5.063       81.646    3483    	Dead: 0
51  3573.8    4.99298     80.5168   3483    	Dead: 0
52  3575.64   5.09511     82.1637   3479    	Dead: 0
53  3570.5    5.03706     81.2276   3473    	Dead: 0
54  3570.9    5.05998     81.5972   3473    	Dead: 0
55  3567.65   5.19003     83.6944   3473    	Dead: 0
56  3560.56   5.08055     81.929    3468    	Dead: 0
57  3562.11   5.2438      84.5616   3468    	Dead: 0
58  3559.73   5.36295     86.4829   3468    	Dead: 0
59  3555.09   5.38064     86.7682   3460    	Dead: 0
60  3555.22   5.54312     89.3884   3457    	Dead: 0
61  3550.14   5.53976     89.3341   3452    	Dead: 0
62  3548.95   5.53088     89.191    3452    	Dead: 0
63  3550.85   5.74051     92.5715   3452    	Dead: 0
64  3545.74   5.65305     91.161    3452    	Dead: 0
65  3541.83   5.63921     90.9379   3450    	Dead: 0
66  3540.37   5.52776     89.1407   3450    	Dead: 0
67  3540.22   5.61754     90.5884   3445    	Dead: 0
68  3543.67   5.70246     91.9579   3445    	Dead: 0
69  3540.71   5.73887     92.545    3445    	Dead: 0
70  3533.9    5.52237     89.0537   3441    	Dead: 0
71  3535.99   5.67686     91.545    3441    	Dead: 0
72  3535.61   5.72757     92.3628   3436    	Dead: 0
73  3528.44   5.52778     89.1409   3431    	Dead: 0
74  3530.62   5.76462     92.9603   3431    	Dead: 0
75  3528.76   5.7413      92.5841   3431    	Dead: 0
76  3528.29   5.80846     93.6672   3427    	Dead: 0
77  3524.69   5.6846      91.6699   3427    	Dead: 0
78  3522.8    5.80556     93.6205   3427    	Dead: 0
79  3523.09   5.74199     92.5953   3427    	Dead: 0
80  3522.93   5.82034     93.8588   3421    	Dead: 0
81  3519.29   5.84863     94.315    3421    	Dead: 0
82  3524.06   6.02017     97.0813   3411    	Dead: 0
83  3518.92   5.92073     95.4777   3411    	Dead: 0
84  3516.88   5.75354     92.7817   3407    	Dead: 0
85  3515.28   5.85476     94.4138   3407    	Dead: 0
86  3514.75   5.79212     93.4038   3407    	Dead: 0
87  3510.95   5.79239     93.408    3405    	Dead: 0
88  3511.3    5.78165     93.2348   3405    	Dead: 0
89  3507.15   5.81334     93.7459   3405    	Dead: 0
90  3509.41   6.02353     97.1355   3401    	Dead: 0
91  3496.49   5.73874     92.543    3401    	Dead: 0
92  3503.23   5.93794     95.7553   3401    	Dead: 0
93  3499.48   5.93025     95.6312   3401    	Dead: 0
94  3501.81   5.82952     94.0069   3401    	Dead: 0
95  3494.41   5.96236     96.1491   3399    	Dead: 0
96  3498.65   6.04456     97.4745   3398    	Dead: 0
97  3488.46   5.7883      93.3421   3398    	Dead: 0
98  3495.73   6.18668     99.7665   3395    	Dead: 0
99  3491.65   5.90742     95.2631   3395    	Dead: 0
100 3490.76   5.84761     94.2986   3394    	Dead: 0
