0   4454.14   4.14854     66.8994   4272    	Dead: 0
1   4199.47   2.63725     42.5283   4050    	Dead: 0
2   4092.34   2.34264     37.7775   3987    	Dead: 0
3   4019.31   2.29803     37.0581   3906    	Dead: 0
4   3961.8    2.09519     33.7871   3875    	Dead: 0
5   3919.96   2.04005     32.8979   3807    	Dead: 0
6   3880.55   2.02908     32.7209   3777    	Dead: 0
7   3850.33   1.98829     32.0632   3761    	Dead: 0
8   3831.37   2.07164     33.4073   3761    	Dead: 0
9   3814.8    2.09148     33.7272   3743    	Dead: 0
10  3799.98   2.08517     33.6255   3723    	Dead: 0
11  3788.09   2.11523     34.1103   3710    	Dead: 0
12  3778.59   2.23991     36.1208   3707    	Dead: 0
13  3769.96   2.25435     36.3537   3702    	Dead: 0
14  3760.11   2.37432     38.2884   3676    	Dead: 0
15  3750.07   2.32042     37.419    3658    	Dead: 0
16  3737.68   2.22054     35.8084   3658    	Dead: 0
17  3726.8    2.11233     34.0635   3658    	Dead: 0
18  3718.67   2.20174     35.5052   3640    	Dead: 0
19  3712.59   2.30151     37.1142   3640    	Dead: 0
20  3705.93   2.34327     37.7876   3636    	Dead: 0
21  3698.62   2.33849     37.7105   3631    	Dead: 0
22  3691.34   2.33896     37.718    3611    	Dead: 0
23  3686.66   2.32797     37.5409   3611    	Dead: 0
24  3684.49   2.52025     40.6415   3611    	Dead: 0
25  3677.85   2.4608      39.6829   3603    	Dead: 0
26  3672.12   2.41454     38.9369   3603    	Dead: 0
27  3666.84   2.50213     40.3493   3579    	Dead: 0
28  3662.35   2.56246     41.3222   3575    	Dead: 0
29  3656.53   2.56688     41.3935   3575    	Dead: 0
30  3653.61   2.68978     43.3754   3575    	Dead: 0
31  3648.63   2.67573     43.1489   3567    	Dead: 0
32  3644.83   2.63227     42.4479   3567    	Dead: 0
33  3639.92   2.66997     43.0559   3567    	Dead: 0
34  3639.61   2.87959     46.4363   3567    	Dead: 0
35  3636.3    2.83305     45.6857   3567    	Dead: 0
36  3635.47   2.82754     45.5969   3555    	Dead: 0
37  3633.98   2.86844     46.2564   3555    	Dead: 0
38  3631.16   2.82704     45.5889   3555    	Dead: 0
39  3631.04   2.98534     48.1416   3555    	Dead: 0
40  3627.96   3.00402     48.4429   3551    	Dead: 0
41  3624.47   2.96762     47.8559   3538    	Dead: 0
42  3623.47   3.01062     48.5492   3538    	Dead: 0
43  3622.37   2.98005     48.0563   3538    	Dead: 0
44  3620.13   2.9881      48.1861   3538    	Dead: 0
45  3617.54   3.05352     49.2411   3538    	Dead: 0
46  3619.09   3.118       50.2809   3538    	Dead: 0
47  3617.66   3.12758     50.4353   3538    	Dead: 0
48  3615.08   3.14674     50.7443   3538    	Dead: 0
49  3615.04   3.25371     52.4693   3538    	Dead: 0
50  3610.36   3.14698     50.7483   3528    	Dead: 0
51  3609.86   3.27028     52.7366   3528    	Dead: 0
52  3606.79   3.16235     50.9961   3528    	Dead: 0
53  3605.18   3.33002     53.6999   3518    	Dead: 0
54  3603.05   3.34892     54.0047   3518    	Dead: 0
55  3604.97   3.5447      57.1618   3518    	Dead: 0
56  3601.8    3.50383     56.5027   3518    	Dead: 0
57  3601.34   3.77154     60.8198   3515    	Dead: 0
58  3602.05   3.76869     60.7738   3515    	Dead: 0
59  3597.05   3.74641     60.4147   3515    	Dead: 0
60  3597.24   3.81633     61.5421   3515    	Dead: 0
61  3595.68   3.8051      61.3611   3505    	Dead: 0
62  3595.25   3.91681     63.1624   3501    	Dead: 0
63  3596.2    3.96087     63.873    3501    	Dead: 0
64  3592.76   3.96594     63.9547   3501    	Dead: 0
65  3594.07   3.96151     63.8833   3501    	Dead: 0
66  3591.07   4.03963     65.143    3501    	Dead: 0
67  3591.27   3.98715     64.2968   3501    	Dead: 0
68  3590.59   4.06925     65.6208   3501    	Dead: 0
69  3588.78   4.01353     64.7222   3501    	Dead: 0
70  3591.29   4.16139     67.1066   3501    	Dead: 0
71  3588.57   4.11655     66.3835   3501    	Dead: 0
72  3587.8    4.15157     66.9482   3486    	Dead: 0
73  3585.8    4.0984      66.0908   3486    	Dead: 0
74  3585.16   4.13721     66.7167   3486    	Dead: 0
75  3586.09   4.20669     67.8371   3486    	Dead: 0
76  3584.24   4.30417     69.409    3486    	Dead: 0
77  3583.29   4.28762     69.1421   3485    	Dead: 0
78  3582.72   4.31503     69.5842   3485    	Dead: 0
79  3581.08   4.31462     69.5775   3485    	Dead: 0
80  3585.41   4.45639     71.8637   3477    	Dead: 0
81  3581.22   4.39237     70.8314   3477    	Dead: 0
82  3580.94   4.50348     72.6231   3477    	Dead: 0
83  3577.41   4.44776     71.7246   3477    	Dead: 0
84  3580.97   4.58517     73.9405   3477    	Dead: 0
85  3577.95   4.4931      72.4557   3477    	Dead: 0
86  3576.72   4.53735     73.1692   3477    	Dead: 0
87  3576.5    4.61082     74.3541   3475    	Dead: 0
88  3571.65   4.47045     72.0904   3475    	Dead: 0
89  3574.04   4.60931     74.3297   3475    	Dead: 0
90  3572.13   4.61477     74.4177   3470    	Dead: 0
91  3570.19   4.69657     75.7369   3470    	Dead: 0
92  3569.47   4.75667     76.7061   3470    	Dead: 0
93  3567.34   4.56817     73.6663   3470    	Dead: 0
94  3571.02   4.8548      78.2885   3470    	Dead: 0
95  3567.53   4.6919      75.6616   3468    	Dead: 0
96  3565.47   4.6346      74.7375   3463    	Dead: 0
97  3567.72   4.85472     78.2872   3463    	Dead: 0
98  3563.99   4.72376     76.1753   3463    	Dead: 0
99  3564.35   4.82212     77.7615   3463    	Dead: 0
100 3565.81   4.84827     78.1831   3463    	Dead: 0
