0   39.0306   0.0981887   1.58339   33.7471 	Dead: 0
1   38.0892   0.0910222   1.46782   33.7471 	Dead: 0
2   37.2955   0.0837595   1.35071   33.6323 	Dead: 0
3   36.5754   0.0791939   1.27708   33.3838 	Dead: 0
4   35.9002   0.074959    1.20879   33.0635 	Dead: 0
5   35.2414   0.0673169   1.08555   33.0635 	Dead: 0
6   34.7437   0.0634773   1.02363   31.7253 	Dead: 0
7   34.24     0.0614136   0.990355  31.4693 	Dead: 0
8   33.8543   0.0556852   0.89798   31.3254 	Dead: 0
9   33.575    0.0564802   0.910799  30.9087 	Dead: 0
10  33.2985   0.0540668   0.871881  30.9087 	Dead: 0
11  33.05     0.0540841   0.872161  30.6799 	Dead: 0
12  32.8486   0.053174    0.857484  30.6799 	Dead: 0
13  32.6888   0.0554731   0.894558  30.5629 	Dead: 0
14  32.4963   0.0564023   0.909543  30.4194 	Dead: 0
15  32.3234   0.0577197   0.930789  30.2079 	Dead: 0
16  32.0809   0.055103    0.88859   30.028  	Dead: 0
17  31.8745   0.0549605   0.886293  29.0477 	Dead: 0
18  31.6776   0.0528179   0.851741  29.0477 	Dead: 0
19  31.4996   0.0545591   0.879819  29.0477 	Dead: 0
20  31.2894   0.0527567   0.850754  29.0477 	Dead: 0
21  31.1083   0.0520612   0.839538  29.0477 	Dead: 0
22  30.9246   0.0513133   0.827478  28.8545 	Dead: 0
23  30.7802   0.0513923   0.828753  28.8545 	Dead: 0
24  30.6268   0.051059    0.823377  28.2251 	Dead: 0
25  30.5292   0.0536262   0.864777  28.2251 	Dead: 0
26  30.3859   0.0518872   0.836733  28.2251 	Dead: 0
27  30.2225   0.0511044   0.82411   28.2251 	Dead: 0
28  30.1463   0.0551266   0.888971  28.0209 	Dead: 0
29  30.0513   0.0542719   0.875189  28.0209 	Dead: 0
30  29.8874   0.0504907   0.814213  27.6375 	Dead: 0
31  29.7718   0.0519059   0.837035  27.6364 	Dead: 0
32  29.5624   0.0511288   0.824503  27.4466 	Dead: 0
33  29.4011   0.0514343   0.82943   27.3927 	Dead: 0
34  29.1968   0.0509476   0.821581  26.7669 	Dead: 0
35  29.0162   0.050138    0.808525  26.4581 	Dead: 0
36  28.8324   0.0501598   0.808877  26.4581 	Dead: 0
37  28.6342   0.0481102   0.775824  26.18   	Dead: 0
38  28.5049   0.049592    0.799721  26.18   	Dead: 0
39  28.3602   0.048522    0.782466  26.18   	Dead: 0
40  28.2362   0.04873     0.785819  26.18   	Dead: 0
41  28.1168   0.0491341   0.792336  26.18   	Dead: 0
42  28.0069   0.0498724   0.804243  26.18   	Dead: 0
43  27.8937   0.0503343   0.81169   25.8866 	Dead: 0
44  27.7434   0.0495452   0.798966  25.7915 	Dead: 0
45  27.6407   0.0514301   0.829361  25.423  	Dead: 0
46  27.582    0.0535793   0.864021  25.3518 	Dead: 0
47  27.4328   0.0506396   0.816614  25.3518 	Dead: 0
48  27.2873   0.0512583   0.826591  25.1535 	Dead: 0
49  27.1476   0.0507365   0.818177  25.1535 	Dead: 0
50  27.071    0.0523769   0.844631  25.0088 	Dead: 0
51  26.9309   0.0525806   0.847915  24.6161 	Dead: 0
52  26.8343   0.0534782   0.862389  24.6161 	Dead: 0
53  26.7616   0.0540225   0.871167  24.6161 	Dead: 0
54  26.6436   0.0529101   0.853229  23.9715 	Dead: 0
55  26.5234   0.0529304   0.853556  23.9715 	Dead: 0
56  26.4465   0.0541383   0.873035  23.9715 	Dead: 0
57  26.3805   0.0568202   0.916283  23.9715 	Dead: 0
58  26.2992   0.0546523   0.881324  23.9715 	Dead: 0
59  26.2199   0.0537419   0.866642  23.9715 	Dead: 0
60  26.1484   0.0554192   0.893691  23.9715 	Dead: 0
61  26.0167   0.0545608   0.879848  23.9715 	Dead: 0
62  25.9853   0.056546    0.91186   23.9715 	Dead: 0
63  25.8612   0.0548502   0.884515  23.4945 	Dead: 0
64  25.8079   0.0577291   0.930939  23.4945 	Dead: 0
65  25.6846   0.0558477   0.900599  23.4945 	Dead: 0
66  25.5867   0.0553502   0.892577  23.4945 	Dead: 0
67  25.5049   0.0565224   0.91148   23.1491 	Dead: 0
68  25.3804   0.0560647   0.9041    22.9994 	Dead: 0
69  25.2641   0.0531607   0.857269  22.9994 	Dead: 0
70  25.2113   0.0561679   0.905763  22.9994 	Dead: 0
71  25.1008   0.0553773   0.893014  22.9994 	Dead: 0
72  25.0088   0.0564839   0.91086   22.7237 	Dead: 0
73  24.9136   0.0558732   0.901012  22.7237 	Dead: 0
74  24.767    0.0551693   0.88966   22.7237 	Dead: 0
75  24.5849   0.0532331   0.858436  22.17   	Dead: 0
76  24.4217   0.0516763   0.833332  22.17   	Dead: 0
77  24.3191   0.0535047   0.862817  22.17   	Dead: 0
78  24.1101   0.0506454   0.816708  21.8378 	Dead: 0
79  23.9493   0.0508011   0.819218  21.5822 	Dead: 0
80  23.8286   0.0504638   0.81378   21.5822 	Dead: 0
81  23.7066   0.050125    0.808317  21.5822 	Dead: 0
82  23.6012   0.0507484   0.818368  21.5822 	Dead: 0
83  23.4683   0.0516304   0.832591  21.3976 	Dead: 0
84  23.3681   0.0523509   0.84421   21.357  	Dead: 0
85  23.207    0.049164    0.792819  21.2292 	Dead: 0
86  23.0958   0.0500654   0.807355  21.0183 	Dead: 0
87  22.962    0.0525812   0.847924  20.6165 	Dead: 0
88  22.8622   0.0546522   0.881322  20.6165 	Dead: 0
89  22.7139   0.0527719   0.850999  20.4677 	Dead: 0
90  22.5704   0.0567884   0.91577   20.0395 	Dead: 0
91  22.321    0.0523653   0.844443  20.0232 	Dead: 0
92  22.1477   0.0556972   0.898173  19.6266 	Dead: 0
93  21.9183   0.0518867   0.836726  19.6266 	Dead: 0
94  21.7592   0.0537605   0.866941  19.4664 	Dead: 0
95  21.667    0.0562014   0.906304  19.4664 	Dead: 0
96  21.5412   0.054386    0.877029  19.4664 	Dead: 0
97  21.5014   0.0580949   0.936839  19.4664 	Dead: 0
98  21.3996   0.0591006   0.953057  19.235  	Dead: 0
99  21.2675   0.0595977   0.961073  19.056  	Dead: 0
100 21.162    0.0582866   0.93993   19.056  	Dead: 0
