0   38.9135   0.0963981   1.55452   33.9591 	Dead: 0
1   37.8924   0.0906592   1.46197   33.9591 	Dead: 0
2   37.0163   0.0822293   1.32603   33.8851 	Dead: 0
3   36.1801   0.0753103   1.21445   32.7736 	Dead: 0
4   35.5207   0.0731635   1.17983   32.1432 	Dead: 0
5   34.8686   0.0628088   1.01286   32.1432 	Dead: 0
6   34.3613   0.0594144   0.958117  30.9837 	Dead: 0
7   33.9295   0.060585    0.976994  30.9837 	Dead: 0
8   33.5232   0.0528769   0.852693  30.9837 	Dead: 0
9   33.2135   0.0507391   0.818219  30.8252 	Dead: 0
10  32.9943   0.053632    0.86487   30.4156 	Dead: 0
11  32.7562   0.0525163   0.846878  30.4156 	Dead: 0
12  32.5758   0.0518282   0.835782  30.3002 	Dead: 0
13  32.4357   0.0532779   0.85916   30.3002 	Dead: 0
14  32.2594   0.0516113   0.832284  30.1512 	Dead: 0
15  32.1147   0.0526402   0.848876  30.1512 	Dead: 0
16  31.8952   0.0509914   0.822287  29.7361 	Dead: 0
17  31.7227   0.0524298   0.845483  29.7361 	Dead: 0
18  31.5645   0.050145    0.808638  29.7361 	Dead: 0
19  31.4657   0.0519792   0.838216  29.218  	Dead: 0
20  31.3314   0.0511825   0.82537   29.1144 	Dead: 0
21  31.1838   0.0500667   0.807375  29.1144 	Dead: 0
22  31.1002   0.0530267   0.855108  28.8592 	Dead: 0
23  30.9556   0.0511499   0.824843  28.8592 	Dead: 0
24  30.8791   0.0556379   0.897218  28.8466 	Dead: 0
25  30.7352   0.0563477   0.908664  28.8466 	Dead: 0
26  30.5473   0.0533681   0.860614  28.641  	Dead: 0
27  30.4097   0.052415    0.845244  28.2907 	Dead: 0
28  30.2752   0.0501237   0.808295  28.2907 	Dead: 0
29  30.1247   0.0497786   0.802729  28.2907 	Dead: 0
30  29.977    0.0493703   0.796145  27.7328 	Dead: 0
31  29.8771   0.0524671   0.846084  27.7328 	Dead: 0
32  29.6693   0.0488753   0.788163  27.4995 	Dead: 0
33  29.4572   0.048726    0.785756  27.438  	Dead: 0
34  29.337    0.0503911   0.812607  26.8865 	Dead: 0
35  29.2219   0.0527135   0.850058  26.8865 	Dead: 0
36  29.0167   0.0506091   0.816123  26.8865 	Dead: 0
37  28.8275   0.0489691   0.789675  26.8147 	Dead: 0
38  28.6588   0.0480409   0.774707  26.4731 	Dead: 0
39  28.4852   0.0505542   0.815237  26.1869 	Dead: 0
40  28.2515   0.0483326   0.779411  26.1869 	Dead: 0
41  28.0455   0.0464527   0.749096  25.8421 	Dead: 0
42  27.7908   0.0478331   0.771357  25.4482 	Dead: 0
43  27.5581   0.0464874   0.749656  25.371  	Dead: 0
44  27.3282   0.0481463   0.776408  24.9101 	Dead: 0
45  27.0655   0.047811    0.771     24.8128 	Dead: 0
46  26.8307   0.0503378   0.811748  24.8128 	Dead: 0
47  26.603    0.0501982   0.809497  24.3871 	Dead: 0
48  26.365    0.0519943   0.838459  23.6351 	Dead: 0
49  26.1604   0.0537059   0.866061  23.6351 	Dead: 0
50  25.9517   0.0542862   0.875419  23.6351 	Dead: 0
51  25.7638   0.0538986   0.869168  23.4738 	Dead: 0
52  25.5463   0.0550998   0.888539  23.2024 	Dead: 0
53  25.3054   0.0551695   0.889663  22.9182 	Dead: 0
54  25.0508   0.053729    0.866434  22.9182 	Dead: 0
55  24.8077   0.0531006   0.8563    22.6431 	Dead: 0
56  24.6437   0.0554823   0.894708  22.6431 	Dead: 0
57  24.4324   0.0555785   0.896259  21.7266 	Dead: 0
58  24.2473   0.0551333   0.88908   21.7266 	Dead: 0
59  24.0645   0.0553151   0.892011  21.7266 	Dead: 0
60  23.8838   0.0543003   0.875647  21.6115 	Dead: 0
61  23.6884   0.0522017   0.841805  21.53   	Dead: 0
62  23.5149   0.0511072   0.824155  21.4639 	Dead: 0
63  23.3835   0.0550539   0.8878    20.8196 	Dead: 0
64  23.1822   0.0511183   0.824333  20.8196 	Dead: 0
65  23.0466   0.0535212   0.863083  20.8196 	Dead: 0
66  22.8814   0.0555487   0.895779  20.45   	Dead: 0
67  22.6988   0.0561748   0.905875  20.0521 	Dead: 0
68  22.5431   0.0573167   0.924289  19.6706 	Dead: 0
69  22.3743   0.056168    0.905765  19.6706 	Dead: 0
70  22.2445   0.057997    0.93526   19.6706 	Dead: 0
71  22.06     0.0586992   0.946583  19.2702 	Dead: 0
72  21.8983   0.0597954   0.96426   19.007  	Dead: 0
73  21.7019   0.0581451   0.937647  19.007  	Dead: 0
74  21.5122   0.0579088   0.933837  19.007  	Dead: 0
75  21.336    0.0588449   0.948933  18.3655 	Dead: 0
76  21.1799   0.0636539   1.02648   18.3655 	Dead: 0
77  20.9226   0.0610327   0.984214  18.3655 	Dead: 0
78  20.7646   0.0655117   1.05644   17.6129 	Dead: 0
79  20.5589   0.067562    1.0895    17.5722 	Dead: 0
80  20.4213   0.0676422   1.0908    17.5722 	Dead: 0
81  20.2962   0.0682761   1.10102   17.5722 	Dead: 0
82  20.1631   0.0693225   1.11789   17.0982 	Dead: 0
83  20.0754   0.0717816   1.15755   17.0982 	Dead: 0
84  19.9553   0.073221    1.18076   16.9776 	Dead: 0
85  19.7764   0.0714125   1.1516    16.9776 	Dead: 0
86  19.6792   0.0738998   1.19171   16.9776 	Dead: 0
87  19.5529   0.0721928   1.16418   16.78   	Dead: 0
88  19.4912   0.0734144   1.18388   16.78   	Dead: 0
89  19.4506   0.0763979   1.23199   16.78   	Dead: 0
90  19.3059   0.0725208   1.16947   16.78   	Dead: 0
91  19.2645   0.0763002   1.23042   16.78   	Dead: 0
92  19.2503   0.0766718   1.23641   16.6676 	Dead: 0
93  19.1196   0.0748844   1.20759   16.6175 	Dead: 0
94  19.0705   0.0779779   1.25747   16.6175 	Dead: 0
95  18.9716   0.0772366   1.24552   16.3531 	Dead: 0
96  18.8706   0.0798042   1.28692   15.9588 	Dead: 0
97  18.7191   0.0742378   1.19716   15.4123 	Dead: 0
98  18.7396   0.0822819   1.32688   15.4123 	Dead: 0
99  18.6819   0.0832164   1.34195   15.4123 	Dead: 0
100 18.5983   0.0828134   1.33545   14.797  	Dead: 0
