0   4154.67   2.94927     47.5599   3991    	Dead: 0
1   4031.87   2.24554     36.2116   3932    	Dead: 0
2   3976.64   2.32644     37.5161   3872    	Dead: 0
3   3933.14   2.32763     37.5354   3819    	Dead: 0
4   3889.27   2.18353     35.2115   3806    	Dead: 0
5   3859.61   2.21181     35.6677   3756    	Dead: 0
6   3843.78   2.33618     37.6733   3756    	Dead: 0
7   3830.3    2.52738     40.7566   3731    	Dead: 0
8   3812.68   2.43005     39.187    3721    	Dead: 0
9   3800.27   2.63785     42.538    3702    	Dead: 0
10  3788.2    2.71327     43.7543   3702    	Dead: 0
11  3779.09   2.80059     45.1623   3694    	Dead: 0
12  3771.56   3.02143     48.7235   3683    	Dead: 0
13  3767.13   3.19873     51.5827   3680    	Dead: 0
14  3762.16   3.27057     52.7413   3676    	Dead: 0
15  3753.41   3.32908     53.6847   3660    	Dead: 0
16  3751.01   3.46426     55.8646   3645    	Dead: 0
17  3745.89   3.6393      58.6873   3645    	Dead: 0
18  3737.05   3.68175     59.3718   3635    	Dead: 0
19  3733.18   3.84764     62.0471   3635    	Dead: 0
20  3724.48   3.95005     63.6986   3629    	Dead: 0
21  3714.45   3.941       63.5525   3629    	Dead: 0
22  3710.18   3.99325     64.3951   3616    	Dead: 0
23  3709.88   4.30169     69.3691   3607    	Dead: 0
24  3705.07   4.5376      73.1733   3607    	Dead: 0
25  3701.62   4.49114     72.4242   3607    	Dead: 0
26  3697.69   4.50717     72.6827   3590    	Dead: 0
27  3695.61   4.74558     76.5272   3590    	Dead: 0
28  3693.49   4.78024     77.0861   3590    	Dead: 0
29  3693.78   5.08106     81.9372   3590    	Dead: 0
30  3693.53   5.26329     84.8758   3586    	Dead: 0
31  3685.65   5.33042     85.9583   3586    	Dead: 0
32  3685.2    5.46721     88.1643   3574    	Dead: 0
33  3682.92   5.4738      88.2706   3574    	Dead: 0
34  3682.62   5.49752     88.653    3574    	Dead: 0
35  3676.8    5.47755     88.331    3574    	Dead: 0
36  3673.96   5.50983     88.8515   3574    	Dead: 0
37  3673.46   5.63737     90.9082   3573    	Dead: 0
38  3670.56   5.72896     92.3852   3571    	Dead: 0
39  3667.82   5.80423     93.599    3571    	Dead: 0
40  3667.64   5.82381     93.9148   3569    	Dead: 0
41  3663.35   5.98368     96.4928   3562    	Dead: 0
42  3658.02   5.8333      94.0678   3562    	Dead: 0
43  3657.21   6.06031     97.7285   3562    	Dead: 0
44  3653.14   6.06061     97.7334   3560    	Dead: 0
45  3657.52   6.31949     101.908   3554    	Dead: 0
46  3652.65   6.24045     100.633   3554    	Dead: 0
47  3651.73   6.4085      103.344   3554    	Dead: 0
48  3650.39   6.41471     103.444   3553    	Dead: 0
49  3646.69   6.41736     103.486   3550    	Dead: 0
50  3650.92   6.48862     104.635   3550    	Dead: 0
51  3649.41   6.39038     103.051   3543    	Dead: 0
52  3649.21   6.61599     106.69    3543    	Dead: 0
53  3644.33   6.4194      103.519   3542    	Dead: 0
54  3643.48   6.5355      105.391   3540    	Dead: 0
55  3644.75   6.63414     106.982   3540    	Dead: 0
56  3641.88   6.60696     106.544   3538    	Dead: 0
57  3643.91   6.6773      107.678   3533    	Dead: 0
58  3639.17   6.66208     107.433   3528    	Dead: 0
59  3643.45   6.84397     110.366   3528    	Dead: 0
60  3639.26   6.8026      109.699   3526    	Dead: 0
61  3632.8    6.72385     108.429   3524    	Dead: 0
62  3634.39   6.95968     112.232   3524    	Dead: 0
63  3643.51   7.1436      115.198   3523    	Dead: 0
64  3637.82   7.20565     116.198   3521    	Dead: 0
65  3633.34   7.24467     116.828   3521    	Dead: 0
66  3629.26   7.27893     117.38    3517    	Dead: 0
67  3635.82   7.5321      121.463   3511    	Dead: 0
68  3630.37   7.52856     121.406   3511    	Dead: 0
69  3634.16   7.50932     121.095   3511    	Dead: 0
70  3630.34   7.34189     118.395   3510    	Dead: 0
71  3626.44   7.33034     118.209   3510    	Dead: 0
72  3631.45   7.49994     120.944   3502    	Dead: 0
73  3624.37   7.40541     119.42    3498    	Dead: 0
74  3627.8    7.58325     122.288   3498    	Dead: 0
75  3624.64   7.61827     122.852   3498    	Dead: 0
76  3618.24   7.59682     122.506   3491    	Dead: 0
77  3620.53   7.62192     122.911   3491    	Dead: 0
78  3614.39   7.7631      125.188   3491    	Dead: 0
79  3610.53   7.63013     123.043   3491    	Dead: 0
80  3617.62   7.78914     125.608   3491    	Dead: 0
81  3610.87   7.78666     125.568   3491    	Dead: 0
82  3616.66   7.67497     123.767   3488    	Dead: 0
83  3610.75   7.71415     124.398   3488    	Dead: 0
84  3603.18   7.48394     120.686   3487    	Dead: 0
85  3606.37   7.64274     123.247   3484    	Dead: 0
86  3604.22   7.72655     124.598   3484    	Dead: 0
87  3598.91   7.48687     120.733   3484    	Dead: 0
88  3606.8    7.91972     127.713   3480    	Dead: 0
89  3609.22   7.7744      125.37    3480    	Dead: 0
90  3607.59   7.89062     127.244   3480    	Dead: 0
91  3611.12   7.87988     127.071   3479    	Dead: 0
92  3606.12   7.70653     124.275   3479    	Dead: 0
93  3606.76   7.61673     122.827   3479    	Dead: 0
94  3604.41   7.91372     127.617   3479    	Dead: 0
95  3610.72   7.82061     126.115   3478    	Dead: 0
96  3607.93   7.90803     127.525   3474    	Dead: 0
97  3606.7    8.00076     129.02    3474    	Dead: 0
98  3601.96   8.01627     129.27    3474    	Dead: 0
99  3606.38   7.8755      127       3473    	Dead: 0
100 3605.32   7.89142     127.257   3473    	Dead: 0
