0   4153.56   3.01436     48.6095   3998    	Dead: 0
1   4035.95   2.38085     38.3936   3921    	Dead: 0
2   3975.58   2.38334     38.4337   3871    	Dead: 0
3   3932.36   2.26398     36.509    3840    	Dead: 0
4   3899.17   2.14589     34.6046   3809    	Dead: 0
5   3874.53   2.22574     35.8923   3785    	Dead: 0
6   3849.55   2.31663     37.358    3748    	Dead: 0
7   3825.44   2.29517     37.0119   3698    	Dead: 0
8   3809.51   2.47274     39.8754   3698    	Dead: 0
9   3791.65   2.51333     40.53     3673    	Dead: 0
10  3771.87   2.48985     40.1512   3673    	Dead: 0
11  3759.98   2.51333     40.5299   3670    	Dead: 0
12  3745.93   2.51333     40.5299   3666    	Dead: 0
13  3737.12   2.60132     41.9489   3664    	Dead: 0
14  3727.59   2.68876     43.359    3641    	Dead: 0
15  3719.27   2.72662     43.9695   3640    	Dead: 0
16  3714.42   3.11079     50.1646   3640    	Dead: 0
17  3710.19   3.3658      54.2768   3625    	Dead: 0
18  3704.38   3.5738      57.631    3609    	Dead: 0
19  3698.38   3.70819     59.7983   3609    	Dead: 0
20  3692.66   3.79634     61.2198   3596    	Dead: 0
21  3690.28   4.06771     65.596    3596    	Dead: 0
22  3684.45   4.18194     67.4379   3594    	Dead: 0
23  3677.66   4.19774     67.6928   3592    	Dead: 0
24  3674.11   4.27018     68.861    3590    	Dead: 0
25  3672.97   4.3414      70.0095   3572    	Dead: 0
26  3668.98   4.41038     71.1218   3572    	Dead: 0
27  3669.89   4.68157     75.495    3572    	Dead: 0
28  3663.81   4.57606     73.7936   3572    	Dead: 0
29  3664.44   4.88429     78.7641   3565    	Dead: 0
30  3660.79   4.81411     77.6323   3564    	Dead: 0
31  3659.49   4.94726     79.7795   3552    	Dead: 0
32  3656.91   5.03498     81.1942   3552    	Dead: 0
33  3651.68   4.85668     78.3189   3552    	Dead: 0
34  3653.32   5.13104     82.7432   3552    	Dead: 0
35  3650.29   5.15265     83.0917   3552    	Dead: 0
36  3647.54   5.29889     85.4499   3547    	Dead: 0
37  3643.85   5.44944     87.8776   3539    	Dead: 0
38  3642.62   5.59442     90.2156   3527    	Dead: 0
39  3636.08   5.46179     88.0769   3523    	Dead: 0
40  3633.85   5.64499     91.031    3519    	Dead: 0
41  3634.66   5.87058     94.6689   3513    	Dead: 0
42  3629.59   5.99165     96.6214   3513    	Dead: 0
43  3624.62   6.07868     98.0248   3508    	Dead: 0
44  3620.47   6.29706     101.546   3506    	Dead: 0
45  3616.08   6.2186      100.281   3493    	Dead: 0
46  3609.55   6.31631     101.857   3493    	Dead: 0
47  3611.84   6.53353     105.36    3492    	Dead: 0
48  3606.33   6.52667     105.249   3489    	Dead: 0
49  3608.01   6.87849     110.923   3489    	Dead: 0
50  3603.1    6.80683     109.767   3486    	Dead: 0
51  3600.87   6.94829     112.048   3486    	Dead: 0
52  3601.7    7.07542     114.098   3479    	Dead: 0
53  3602.46   7.17854     115.761   3478    	Dead: 0
54  3591.82   7.13618     115.078   3478    	Dead: 0
55  3585.97   7.19212     115.98    3473    	Dead: 0
56  3580.61   7.2733      117.289   3469    	Dead: 0
57  3586.19   7.55006     121.752   3466    	Dead: 0
58  3583.86   7.56726     122.03    3463    	Dead: 0
59  3582.61   7.69123     124.029   3463    	Dead: 0
60  3583.69   7.99543     128.934   3461    	Dead: 0
61  3580.69   7.92579     127.811   3455    	Dead: 0
62  3579.9    7.92715     127.833   3453    	Dead: 0
63  3579.71   7.83155     126.292   3453    	Dead: 0
64  3575.17   7.94197     128.072   3450    	Dead: 0
65  3572.51   7.93188     127.91    3450    	Dead: 0
66  3568.34   7.9443      128.11    3450    	Dead: 0
67  3571.91   7.94854     128.178   3450    	Dead: 0
68  3569.51   8.0522      129.85    3450    	Dead: 0
69  3568.06   8.05455     129.888   3446    	Dead: 0
70  3563.26   8.01789     129.296   3446    	Dead: 0
71  3566.8    7.99662     128.953   3446    	Dead: 0
72  3565.77   8.02478     129.408   3446    	Dead: 0
73  3565.22   8.14555     131.355   3442    	Dead: 0
74  3562.98   7.96742     128.483   3442    	Dead: 0
75  3565.43   8.27333     133.416   3442    	Dead: 0
76  3563.71   8.36876     134.955   3440    	Dead: 0
77  3563.8    8.42492     135.86    3436    	Dead: 0
78  3569.36   8.60157     138.709   3436    	Dead: 0
79  3569.75   8.50333     137.125   3436    	Dead: 0
80  3560.2    8.39661     135.404   3436    	Dead: 0
81  3556.95   8.13146     131.128   3434    	Dead: 0
82  3559.8    8.42148     135.805   3434    	Dead: 0
83  3555.31   8.36667     134.921   3431    	Dead: 0
84  3558.98   8.4071      135.573   3431    	Dead: 0
85  3563.71   8.51892     137.376   3431    	Dead: 0
86  3553.09   8.47104     136.604   3431    	Dead: 0
87  3561.06   8.84936     142.705   3426    	Dead: 0
88  3560.53   8.68082     139.987   3423    	Dead: 0
89  3562.26   8.79296     141.795   3423    	Dead: 0
90  3553.45   8.50665     137.178   3423    	Dead: 0
91  3551.54   8.48099     136.764   3421    	Dead: 0
92  3550.87   8.64681     139.438   3418    	Dead: 0
93  3548.43   8.52829     137.527   3418    	Dead: 0
94  3545.42   8.71246     140.497   3418    	Dead: 0
95  3551.92   8.74605     141.039   3416    	Dead: 0
96  3546.89   8.68886     140.117   3416    	Dead: 0
97  3548.02   8.72351     140.675   3416    	Dead: 0
98  3552.64   8.76266     141.307   3416    	Dead: 0
99  3544.58   8.68961     140.129   3414    	Dead: 0
100 3547.91   8.87831     143.172   3414    	Dead: 0
