0   4154.27   3.00335     48.4319   4023    	Dead: 0
1   4030.24   2.49348     40.2099   3909    	Dead: 0
2   3960.06   2.14428     34.5787   3875    	Dead: 0
3   3926.04   2.0469      33.0083   3843    	Dead: 0
4   3905.16   2.12401     34.2519   3803    	Dead: 0
5   3887.67   2.24862     36.2612   3802    	Dead: 0
6   3870.52   2.26847     36.5813   3752    	Dead: 0
7   3855.42   2.3644      38.1284   3752    	Dead: 0
8   3844.17   2.43582     39.28     3742    	Dead: 0
9   3830.39   2.33134     37.5952   3738    	Dead: 0
10  3817.64   2.43338     39.2406   3730    	Dead: 0
11  3809.38   2.44367     39.4066   3730    	Dead: 0
12  3803.16   2.46102     39.6865   3730    	Dead: 0
13  3799.03   2.57043     41.4507   3703    	Dead: 0
14  3792.35   2.59819     41.8984   3701    	Dead: 0
15  3788.62   2.56034     41.2881   3701    	Dead: 0
16  3784.24   2.71191     43.7323   3698    	Dead: 0
17  3780.13   2.82946     45.6279   3675    	Dead: 0
18  3775.24   2.87258     46.3232   3675    	Dead: 0
19  3771.89   3.03988     49.0211   3675    	Dead: 0
20  3768.27   3.11981     50.31     3657    	Dead: 0
21  3761.71   3.2267      52.0338   3657    	Dead: 0
22  3756.63   3.23841     52.2227   3657    	Dead: 0
23  3755.72   3.53847     57.0613   3654    	Dead: 0
24  3748.09   3.52726     56.8807   3652    	Dead: 0
25  3747.27   3.90781     63.0173   3639    	Dead: 0
26  3735.87   3.91292     63.0997   3624    	Dead: 0
27  3725.57   4.07218     65.6679   3624    	Dead: 0
28  3715.58   4.07795     65.761    3624    	Dead: 0
29  3710.66   4.20616     67.8286   3623    	Dead: 0
30  3701.51   4.15815     67.0544   3610    	Dead: 0
31  3698.41   4.4049      71.0335   3610    	Dead: 0
32  3690.79   4.22516     68.135    3607    	Dead: 0
33  3688.94   4.47532     72.169    3602    	Dead: 0
34  3679.86   4.45645     71.8647   3589    	Dead: 0
35  3679.52   4.68123     75.4895   3589    	Dead: 0
36  3675.58   4.78101     77.0986   3589    	Dead: 0
37  3676.07   4.89056     78.8652   3571    	Dead: 0
38  3668.39   4.96455     80.0583   3561    	Dead: 0
39  3666.24   5.17542     83.4589   3561    	Dead: 0
40  3660.43   5.25739     84.7806   3558    	Dead: 0
41  3655.25   5.37801     86.7258   3542    	Dead: 0
42  3649.76   5.46094     88.0631   3542    	Dead: 0
43  3644.48   5.58141     90.0059   3542    	Dead: 0
44  3641.5    5.94069     95.7996   3542    	Dead: 0
45  3636.4    6.02941     97.2303   3537    	Dead: 0
46  3638.53   6.16328     99.389    3523    	Dead: 0
47  3633.55   6.16744     99.4562   3523    	Dead: 0
48  3629.91   6.15423     99.2431   3523    	Dead: 0
49  3626.95   6.29361     101.491   3523    	Dead: 0
50  3622.54   6.43559     103.78    3523    	Dead: 0
51  3618.76   6.4331      103.74    3520    	Dead: 0
52  3610.82   6.35408     102.466   3513    	Dead: 0
53  3608.75   6.73819     108.66    3513    	Dead: 0
54  3612.69   6.88686     111.058   3511    	Dead: 0
55  3611.04   6.94857     112.053   3500    	Dead: 0
56  3609.66   6.95687     112.186   3497    	Dead: 0
57  3610.05   7.21304     116.317   3495    	Dead: 0
58  3605.07   7.35553     118.615   3491    	Dead: 0
59  3607.35   7.63543     123.129   3489    	Dead: 0
60  3604.26   7.63771     123.166   3486    	Dead: 0
61  3595.25   7.43907     119.963   3484    	Dead: 0
62  3593.57   7.46645     120.404   3483    	Dead: 0
63  3589.51   7.50914     121.092   3480    	Dead: 0
64  3595.18   7.71726     124.448   3479    	Dead: 0
65  3595.47   7.746       124.912   3476    	Dead: 0
66  3590.69   7.74664     124.922   3474    	Dead: 0
67  3593.25   7.90808     127.526   3472    	Dead: 0
68  3588.47   8.16451     131.661   3466    	Dead: 0
69  3589.85   8.09495     130.539   3466    	Dead: 0
70  3589.53   8.12477     131.02    3461    	Dead: 0
71  3585.16   8.20981     132.391   3457    	Dead: 0
72  3583.83   8.27194     133.393   3448    	Dead: 0
73  3576.7    8.31292     134.054   3448    	Dead: 0
74  3573.75   8.36324     134.866   3446    	Dead: 0
75  3563.39   8.29367     133.744   3440    	Dead: 0
76  3561.52   8.30793     133.974   3440    	Dead: 0
77  3559.01   8.47319     136.639   3438    	Dead: 0
78  3550.33   8.24125     132.898   3436    	Dead: 0
79  3562.51   8.70998     140.457   3434    	Dead: 0
80  3547.46   8.61077     138.857   3430    	Dead: 0
81  3548.05   8.60416     138.751   3430    	Dead: 0
82  3549.2    8.73131     140.801   3426    	Dead: 0
83  3544.34   8.6501      139.491   3423    	Dead: 0
84  3544.75   8.82646     142.335   3421    	Dead: 0
85  3546.62   8.92036     143.85    3419    	Dead: 0
86  3547.51   9.05499     146.021   3416    	Dead: 0
87  3548.54   9.09517     146.669   3413    	Dead: 0
88  3531.91   8.7185      140.594   3410    	Dead: 0
89  3530.27   8.76008     141.265   3406    	Dead: 0
90  3534.71   8.99911     145.12    3402    	Dead: 0
91  3528.27   8.94951     144.32    3399    	Dead: 0
92  3524.44   8.93523     144.09    3393    	Dead: 0
93  3528.6    9.23694     148.955   3393    	Dead: 0
94  3521.93   9.25757     149.288   3385    	Dead: 0
95  3520.28   9.22597     148.778   3385    	Dead: 0
96  3511.68   9.0803      146.429   3383    	Dead: 0
97  3515.66   9.44711     152.344   3381    	Dead: 0
98  3518.88   9.46098     152.568   3380    	Dead: 0
99  3512.82   9.42266     151.95    3375    	Dead: 0
100 3512.93   9.41852     151.883   3373    	Dead: 0
