0   4154.74   2.90637     46.8682   4004    	Dead: 0
1   4039.08   2.28887     36.9103   3943    	Dead: 0
2   3975.51   2.25281     36.3287   3859    	Dead: 0
3   3929.25   2.20565     35.5683   3827    	Dead: 0
4   3892.27   2.29007     36.9297   3801    	Dead: 0
5   3863.34   2.27162     36.6322   3774    	Dead: 0
6   3843.7    2.27613     36.7049   3728    	Dead: 0
7   3824.13   2.28317     36.8184   3722    	Dead: 0
8   3788.81   2.06215     33.2543   3703    	Dead: 0
9   3762.55   2.0157      32.5052   3685    	Dead: 0
10  3751.65   2.16032     34.8374   3681    	Dead: 0
11  3743.7    2.2799      36.7657   3661    	Dead: 0
12  3738.43   2.40401     38.7671   3649    	Dead: 0
13  3736.11   2.54417     41.0273   3649    	Dead: 0
14  3732.35   2.57077     41.4563   3649    	Dead: 0
15  3729.66   2.63362     42.4698   3648    	Dead: 0
16  3727.78   2.76304     44.5568   3642    	Dead: 0
17  3724.78   2.78389     44.8931   3640    	Dead: 0
18  3719.26   2.78527     44.9153   3627    	Dead: 0
19  3717.16   2.93512     47.3318   3627    	Dead: 0
20  3714.57   2.97146     47.9178   3627    	Dead: 0
21  3708.85   3.10468     50.066    3601    	Dead: 0
22  3703.54   3.12499     50.3935   3591    	Dead: 0
23  3689.32   3.16674     51.0669   3580    	Dead: 0
24  3677.82   3.26664     52.6778   3574    	Dead: 0
25  3670.25   3.49035     56.2855   3574    	Dead: 0
26  3660.94   3.56812     57.5395   3568    	Dead: 0
27  3656.14   3.6977      59.6291   3568    	Dead: 0
28  3657.24   3.9168      63.1623   3568    	Dead: 0
29  3650.47   3.9316      63.401    3567    	Dead: 0
30  3644.12   3.92807     63.3441   3564    	Dead: 0
31  3644.13   4.12723     66.5557   3562    	Dead: 0
32  3641.86   4.21698     68.003    3554    	Dead: 0
33  3640.62   4.23654     68.3184   3554    	Dead: 0
34  3640.38   4.36234     70.347    3544    	Dead: 0
35  3640.24   4.37729     70.5882   3544    	Dead: 0
36  3637.9    4.3712      70.49     3544    	Dead: 0
37  3637.88   4.43887     71.5813   3544    	Dead: 0
38  3632.77   4.31233     69.5406   3539    	Dead: 0
39  3631.16   4.52939     73.0409   3539    	Dead: 0
40  3621.61   4.57471     73.7717   3539    	Dead: 0
41  3619.84   4.80306     77.4541   3531    	Dead: 0
42  3617.64   4.96345     80.0407   3524    	Dead: 0
43  3614.91   5.07537     81.8454   3524    	Dead: 0
44  3609.59   4.8738      78.5949   3520    	Dead: 0
45  3609.61   5.09027     82.0857   3514    	Dead: 0
46  3612.29   5.22875     84.3189   3507    	Dead: 0
47  3605.8    5.10108     82.26     3507    	Dead: 0
48  3601.5    5.12938     82.7163   3507    	Dead: 0
49  3602.64   5.32331     85.8437   3507    	Dead: 0
50  3598.86   5.27338     85.0385   3504    	Dead: 0
51  3598.79   5.5041      88.7591   3504    	Dead: 0
52  3595.2    5.49011     88.5336   3504    	Dead: 0
53  3595.16   5.62312     90.6785   3504    	Dead: 0
54  3591      5.63704     90.9029   3498    	Dead: 0
55  3593.59   5.78991     93.3681   3498    	Dead: 0
56  3594.44   5.86007     94.4995   3498    	Dead: 0
57  3595.6    6.05719     97.6782   3498    	Dead: 0
58  3592.17   5.84421     94.2437   3497    	Dead: 0
59  3590.37   5.91542     95.3921   3494    	Dead: 0
60  3588.08   5.95271     95.9934   3494    	Dead: 0
61  3592.06   6.19203     99.8527   3493    	Dead: 0
62  3583.85   5.95204     95.9826   3493    	Dead: 0
63  3586.06   6.14481     99.0912   3491    	Dead: 0
64  3591.34   6.33415     102.145   3490    	Dead: 0
65  3591.3    6.33927     102.227   3490    	Dead: 0
66  3590.32   6.23869     100.605   3490    	Dead: 0
67  3584.36   6.26365     101.008   3490    	Dead: 0
68  3584.53   6.42475     103.606   3488    	Dead: 0
69  3582.57   6.3251      101.999   3488    	Dead: 0
70  3587.19   6.49341     104.713   3487    	Dead: 0
71  3588.12   6.43253     103.731   3487    	Dead: 0
72  3584.9    6.36965     102.717   3486    	Dead: 0
73  3581.06   6.29465     101.507   3484    	Dead: 0
74  3589.66   6.58554     106.198   3483    	Dead: 0
75  3585.35   6.60836     106.566   3483    	Dead: 0
76  3589.27   6.66615     107.498   3483    	Dead: 0
77  3586.38   6.59829     106.404   3481    	Dead: 0
78  3580.05   6.43159     103.716   3479    	Dead: 0
79  3583.43   6.66629     107.501   3477    	Dead: 0
80  3579.44   6.51418     105.048   3475    	Dead: 0
81  3578.26   6.65223     107.274   3473    	Dead: 0
82  3577.48   6.52442     105.213   3468    	Dead: 0
83  3584.65   6.82618     110.079   3468    	Dead: 0
84  3574.35   6.66794     107.527   3468    	Dead: 0
85  3572.74   6.73573     108.62    3468    	Dead: 0
86  3571.51   6.65416     107.305   3468    	Dead: 0
87  3572.47   6.74496     108.769   3466    	Dead: 0
88  3573.25   6.85487     110.542   3466    	Dead: 0
89  3572.79   6.87946     110.938   3466    	Dead: 0
90  3572.57   6.9847      112.635   3463    	Dead: 0
91  3566.52   6.81929     109.968   3461    	Dead: 0
92  3572.99   6.91119     111.45    3461    	Dead: 0
93  3566.54   6.90622     111.37    3460    	Dead: 0
94  3570.18   6.99978     112.879   3459    	Dead: 0
95  3570.72   6.91711     111.545   3455    	Dead: 0
96  3566.98   7.00864     113.021   3453    	Dead: 0
97  3566.09   6.92629     111.693   3453    	Dead: 0
98  3565.01   7.01888     113.186   3453    	Dead: 0
99  3563.26   7.03445     113.437   3452    	Dead: 0
100 3559.17   6.83211     110.175   3449    	Dead: 0
