0   4389.61   3.79827     61.2509   4191    	Dead: 0
1   4260.03   2.977       48.007    4123    	Dead: 0
2   4173.63   2.60425     41.9962   4029    	Dead: 0
3   4129.23   2.41636     38.9662   4006    	Dead: 0
4   4097.27   2.24926     36.2716   4003    	Dead: 0
5   4073.98   2.45231     39.546    3958    	Dead: 0
6   4044.66   2.4249      39.104    3936    	Dead: 0
7   4018.42   2.40571     38.7945   3903    	Dead: 0
8   3996.67   2.44545     39.4353   3901    	Dead: 0
9   3979.03   2.31797     37.3796   3894    	Dead: 0
10  3966.31   2.44579     39.4408   3879    	Dead: 0
11  3953.91   2.4877      40.1167   3869    	Dead: 0
12  3940.43   2.43544     39.2739   3866    	Dead: 0
13  3929.48   2.43568     39.2779   3837    	Dead: 0
14  3914.87   2.29663     37.0354   3821    	Dead: 0
15  3906.17   2.33798     37.7023   3811    	Dead: 0
16  3896.3    2.258       36.4126   3811    	Dead: 0
17  3885.63   2.2044      35.5481   3804    	Dead: 0
18  3877.36   2.26357     36.5024   3797    	Dead: 0
19  3865.87   2.29986     37.0875   3785    	Dead: 0
20  3857.09   2.29721     37.0448   3776    	Dead: 0
21  3850.07   2.23191     35.9918   3770    	Dead: 0
22  3842.82   2.26268     36.488    3758    	Dead: 0
23  3837.72   2.3705      38.2266   3758    	Dead: 0
24  3829.59   2.27502     36.6869   3750    	Dead: 0
25  3823.18   2.28846     36.9038   3750    	Dead: 0
26  3816.97   2.21829     35.7721   3750    	Dead: 0
27  3812      2.25607     36.3815   3735    	Dead: 0
28  3808.12   2.37346     38.2744   3714    	Dead: 0
29  3802.12   2.3723      38.2557   3714    	Dead: 0
30  3801.04   2.48953     40.1462   3714    	Dead: 0
31  3796.08   2.37508     38.3006   3714    	Dead: 0
32  3793.36   2.41958     39.0181   3714    	Dead: 0
33  3789.28   2.36285     38.1033   3714    	Dead: 0
34  3787.42   2.42309     39.0748   3709    	Dead: 0
35  3785.07   2.48768     40.1163   3709    	Dead: 0
36  3784.24   2.63509     42.4934   3705    	Dead: 0
37  3781.41   2.55318     41.1725   3689    	Dead: 0
38  3780.98   2.66285     42.9411   3689    	Dead: 0
39  3779.75   2.59875     41.9075   3689    	Dead: 0
40  3778.51   2.57468     41.5193   3689    	Dead: 0
41  3776.83   2.7032      43.5918   3689    	Dead: 0
42  3775.17   2.73178     44.0527   3689    	Dead: 0
43  3773.36   2.71899     43.8464   3689    	Dead: 0
44  3773.66   2.81362     45.3724   3689    	Dead: 0
45  3771.04   2.68327     43.2705   3689    	Dead: 0
46  3770.67   2.72588     43.9576   3689    	Dead: 0
47  3768.62   2.7043      43.6095   3689    	Dead: 0
48  3767.38   2.75533     44.4324   3675    	Dead: 0
49  3767.63   2.80622     45.2532   3675    	Dead: 0
50  3767.07   2.96019     47.736    3675    	Dead: 0
51  3764.6    2.93973     47.406    3675    	Dead: 0
52  3760.69   2.88135     46.4647   3675    	Dead: 0
53  3761.35   3.00931     48.5281   3667    	Dead: 0
54  3758.23   3.01943     48.6913   3661    	Dead: 0
55  3756.34   3.00235     48.416    3661    	Dead: 0
56  3752.83   2.97577     47.9873   3661    	Dead: 0
57  3750.19   3.0074      48.4973   3657    	Dead: 0
58  3751      3.16166     50.9849   3657    	Dead: 0
59  3745.86   3.09388     49.892    3657    	Dead: 0
60  3744.36   3.18183     51.3102   3647    	Dead: 0
61  3741.54   3.15298     50.845    3647    	Dead: 0
62  3739.77   3.22727     52.0429   3647    	Dead: 0
63  3737.79   3.27447     52.8041   3641    	Dead: 0
64  3736.13   3.33653     53.8049   3641    	Dead: 0
65  3734.91   3.47542     56.0447   3641    	Dead: 0
66  3731.92   3.47326     56.0098   3641    	Dead: 0
67  3731.09   3.62105     58.3931   3641    	Dead: 0
68  3727.97   3.51946     56.7548   3641    	Dead: 0
69  3727.93   3.68864     59.483    3630    	Dead: 0
70  3726.35   3.66067     59.032    3630    	Dead: 0
71  3721.16   3.74364     60.3699   3630    	Dead: 0
72  3719.23   3.72386     60.051    3627    	Dead: 0
73  3717.46   3.78863     61.0954   3627    	Dead: 0
74  3716.91   3.90006     62.8923   3627    	Dead: 0
75  3715.18   4.01449     64.7377   3627    	Dead: 0
76  3717.54   4.16897     67.2287   3627    	Dead: 0
77  3710.99   4.10165     66.1432   3627    	Dead: 0
78  3712.14   4.16098     67.1      3627    	Dead: 0
79  3712.35   4.2025      67.7695   3625    	Dead: 0
80  3709.78   4.1685      67.2213   3625    	Dead: 0
81  3706.56   4.21937     68.0415   3624    	Dead: 0
82  3704.84   4.29491     69.2598   3624    	Dead: 0
83  3702.8    4.2339      68.2759   3624    	Dead: 0
84  3701.86   4.17189     67.2758   3619    	Dead: 0
85  3704.85   4.25444     68.6072   3616    	Dead: 0
86  3701.38   4.31628     69.6044   3616    	Dead: 0
87  3698.7    4.16037     67.0901   3615    	Dead: 0
88  3700.7    4.30132     69.363    3615    	Dead: 0
89  3701.79   4.38029     70.6366   3615    	Dead: 0
90  3699.7    4.34052     69.9952   3615    	Dead: 0
91  3696.13   4.2775      68.979    3611    	Dead: 0
92  3696.27   4.30359     69.3997   3609    	Dead: 0
93  3693.85   4.37569     70.5624   3609    	Dead: 0
94  3694.74   4.38461     70.7062   3597    	Dead: 0
95  3693.49   4.33351     69.8822   3597    	Dead: 0
96  3696.01   4.48515     72.3275   3597    	Dead: 0
97  3690.49   4.40267     70.9974   3597    	Dead: 0
98  3692.36   4.5013      72.588    3597    	Dead: 0
99  3693.15   4.53771     73.1752   3597    	Dead: 0
100 3690.52   4.48101     72.2608   3597    	Dead: 0
