0   48.5122   0.185118    2.98522   41.2309 	Dead: 0
1   46.5966   0.166254    2.68101   41.1621 	Dead: 0
2   44.9495   0.139883    2.25575   39.5919 	Dead: 0
3   43.6054   0.117383    1.89292   38.9534 	Dead: 0
4   42.6882   0.100799    1.62548   38.5371 	Dead: 0
5   42.0069   0.0912871   1.4721    38.2404 	Dead: 0
6   41.5114   0.0833728   1.34447   38.2404 	Dead: 0
7   41.2004   0.0822883   1.32698   36.4652 	Dead: 0
8   40.9073   0.0793255   1.2792    36.4652 	Dead: 0
9   40.6584   0.0815812   1.31558   36.4652 	Dead: 0
10  40.4695   0.0857917   1.38348   36.4652 	Dead: 0
11  40.2484   0.0835985   1.34811   36.4652 	Dead: 0
12  40.0333   0.0852255   1.37435   36.4652 	Dead: 0
13  39.8511   0.0862916   1.39154   36.4652 	Dead: 0
14  39.5363   0.0850768   1.37195   36.4652 	Dead: 0
15  39.3254   0.0844023   1.36107   36.4227 	Dead: 0
16  39.0872   0.0820315   1.32284   35.1521 	Dead: 0
17  38.8477   0.0834675   1.346     35.1521 	Dead: 0
18  38.6243   0.0807421   1.30205   35.1521 	Dead: 0
19  38.3822   0.0791773   1.27681   35.1521 	Dead: 0
20  38.1926   0.0789352   1.27291   35.1521 	Dead: 0
21  37.9854   0.0787905   1.27058   35.1521 	Dead: 0
22  37.8402   0.0763891   1.23185   35.1521 	Dead: 0
23  37.6294   0.0763      1.23041   34.9272 	Dead: 0
24  37.4185   0.0757489   1.22153   34.9272 	Dead: 0
25  37.2773   0.0739725   1.19288   34.9272 	Dead: 0
26  37.1385   0.0722877   1.16571   34.5133 	Dead: 0
27  36.9936   0.0705023   1.13692   34.5133 	Dead: 0
28  36.891    0.0749655   1.20889   34.5133 	Dead: 0
29  36.7783   0.0755435   1.21822   34.4986 	Dead: 0
30  36.6818   0.0730143   1.17743   34.4986 	Dead: 0
31  36.5518   0.0718073   1.15796   34.395  	Dead: 0
32  36.4536   0.0745341   1.20194   34.395  	Dead: 0
33  36.3596   0.0745097   1.20154   34.395  	Dead: 0
34  36.2865   0.0706752   1.13971   34.2561 	Dead: 0
35  36.1881   0.0681995   1.09978   34.2561 	Dead: 0
36  36.1056   0.0657903   1.06093   34.2561 	Dead: 0
37  36.0416   0.0696644   1.12341   33.7644 	Dead: 0
38  35.9476   0.066787    1.07701   33.7644 	Dead: 0
39  35.783    0.0601933   0.970678  33.7644 	Dead: 0
40  35.7289   0.0642663   1.03636   33.7644 	Dead: 0
41  35.6918   0.0654443   1.05536   33.7644 	Dead: 0
42  35.5851   0.0635428   1.02469   33.6808 	Dead: 0
43  35.5371   0.0667325   1.07613   33.6808 	Dead: 0
44  35.4662   0.0670894   1.08188   33.6808 	Dead: 0
45  35.3782   0.0654039   1.0547    33.5076 	Dead: 0
46  35.2842   0.0623388   1.00528   33.2709 	Dead: 0
47  35.2085   0.0598383   0.964952  33.2709 	Dead: 0
48  35.1616   0.0609012   0.982093  33.2709 	Dead: 0
49  35.0864   0.0574959   0.927179  33.2709 	Dead: 0
50  35.0469   0.0610203   0.984013  33.2709 	Dead: 0
51  35.0072   0.0616118   0.993553  33.2709 	Dead: 0
52  35.0103   0.0661376   1.06653   33.2709 	Dead: 0
53  34.9232   0.0620165   1.00008   33.2709 	Dead: 0
54  34.8471   0.0585441   0.944082  33.2709 	Dead: 0
55  34.8249   0.0629095   1.01448   33.1545 	Dead: 0
56  34.7637   0.0595186   0.959797  33.1545 	Dead: 0
57  34.7563   0.0617955   0.996515  33.1545 	Dead: 0
58  34.7062   0.059078    0.952691  33.1545 	Dead: 0
59  34.6655   0.0573155   0.924269  33.1545 	Dead: 0
60  34.7113   0.0631421   1.01823   32.9296 	Dead: 0
61  34.5914   0.0557752   0.899431  32.9296 	Dead: 0
62  34.6057   0.0585151   0.943615  32.9296 	Dead: 0
63  34.5251   0.0552504   0.890968  32.9296 	Dead: 0
64  34.5236   0.0578308   0.93258   32.9296 	Dead: 0
65  34.4834   0.0569461   0.918312  32.9296 	Dead: 0
66  34.4908   0.0571354   0.921365  32.9296 	Dead: 0
67  34.436    0.0566717   0.913888  32.9296 	Dead: 0
68  34.3971   0.0565202   0.911445  32.9296 	Dead: 0
69  34.3852   0.055201    0.890172  32.9296 	Dead: 0
70  34.3994   0.0607995   0.980453  32.9296 	Dead: 0
71  34.4206   0.0620142   1.00004   32.9296 	Dead: 0
72  34.3465   0.0535006   0.86275   32.9296 	Dead: 0
73  34.3855   0.0588306   0.948702  32.9296 	Dead: 0
74  34.3244   0.0585604   0.944346  32.9296 	Dead: 0
75  34.3326   0.0575769   0.928485  32.9296 	Dead: 0
76  34.3396   0.059266    0.955724  32.9296 	Dead: 0
77  34.3022   0.0586478   0.945755  32.9296 	Dead: 0
78  34.2573   0.0545465   0.879617  32.9296 	Dead: 0
79  34.251    0.0558862   0.901221  32.9296 	Dead: 0
80  34.2579   0.0585946   0.944896  32.9296 	Dead: 0
81  34.2715   0.0613196   0.988841  32.9138 	Dead: 0
82  34.2114   0.05615     0.905475  32.9138 	Dead: 0
83  34.1756   0.0555663   0.896061  32.9138 	Dead: 0
84  34.1642   0.0550723   0.888096  32.9138 	Dead: 0
85  34.105    0.0499951   0.80622   32.9096 	Dead: 0
86  34.122    0.0527334   0.850379  32.9096 	Dead: 0
87  34.1318   0.0539181   0.869483  32.9096 	Dead: 0
88  34.1283   0.0562095   0.906435  32.9096 	Dead: 0
89  34.0785   0.0512588   0.8266    32.9096 	Dead: 0
90  34.1009   0.0532822   0.859229  32.9096 	Dead: 0
91  34.1013   0.056128    0.905121  32.9096 	Dead: 0
92  34.0838   0.0556945   0.89813   32.9096 	Dead: 0
93  34.0359   0.0518223   0.835686  32.9096 	Dead: 0
94  34.0361   0.0601607   0.970151  32.8342 	Dead: 0
95  34.0233   0.0555773   0.89624   32.8342 	Dead: 0
96  33.9705   0.05162     0.832424  32.8342 	Dead: 0
97  33.9658   0.0509187   0.821115  32.8342 	Dead: 0
98  33.9465   0.049999    0.806283  32.8342 	Dead: 0
99  33.9339   0.0497878   0.802878  32.8342 	Dead: 0
100 33.8967   0.049814    0.803301  32.8342 	Dead: 0
