0   48.5911   0.188955    3.0471    41.6647 	Dead: 0
1   46.5767   0.170467    2.74896   40.4918 	Dead: 0
2   44.9118   0.143729    2.31777   38.9154 	Dead: 0
3   43.6521   0.125043    2.01644   38.9154 	Dead: 0
4   42.7167   0.108906    1.75622   38.5545 	Dead: 0
5   42.1005   0.0954495   1.53922   37.8305 	Dead: 0
6   41.581    0.0810615   1.3072    37.8305 	Dead: 0
7   41.1313   0.0746354   1.20357   37.8305 	Dead: 0
8   40.8454   0.0800962   1.29163   37.811  	Dead: 0
9   40.5177   0.0834207   1.34524   37.6033 	Dead: 0
10  40.1487   0.0822195   1.32587   36.8942 	Dead: 0
11  39.8958   0.0835805   1.34782   36.8942 	Dead: 0
12  39.601    0.0805264   1.29857   36.8942 	Dead: 0
13  39.3597   0.0810863   1.3076    36.7495 	Dead: 0
14  39.1093   0.0799402   1.28912   36.2654 	Dead: 0
15  38.8396   0.0764471   1.23279   36.2654 	Dead: 0
16  38.6545   0.0745813   1.2027    36.2654 	Dead: 0
17  38.5051   0.0803212   1.29526   35.8758 	Dead: 0
18  38.3079   0.0755921   1.219     35.678  	Dead: 0
19  38.1703   0.0764467   1.23278   35.5777 	Dead: 0
20  37.9372   0.0735782   1.18652   35.3472 	Dead: 0
21  37.792    0.0754251   1.21631   35.3465 	Dead: 0
22  37.5796   0.0713327   1.15031   35.3465 	Dead: 0
23  37.5166   0.0735096   1.18542   35.1508 	Dead: 0
24  37.3762   0.0754052   1.21598   35.1508 	Dead: 0
25  37.1706   0.0697236   1.12436   34.6794 	Dead: 0
26  37.0041   0.068896    1.11102   34.6794 	Dead: 0
27  36.8177   0.0688509   1.11029   34.6794 	Dead: 0
28  36.6492   0.0678109   1.09352   34.6794 	Dead: 0
29  36.4533   0.066557    1.0733    34.5454 	Dead: 0
30  36.3437   0.0687665   1.10893   34.1559 	Dead: 0
31  36.2206   0.0657253   1.05989   33.8756 	Dead: 0
32  36.1083   0.0685222   1.10499   33.8756 	Dead: 0
33  35.9561   0.0623673   1.00573   33.7983 	Dead: 0
34  35.8609   0.0660802   1.06561   33.7983 	Dead: 0
35  35.7388   0.0659477   1.06347   33.7892 	Dead: 0
36  35.5929   0.0610995   0.985291  33.6602 	Dead: 0
37  35.4984   0.0617751   0.996185  33.5945 	Dead: 0
38  35.445    0.0678318   1.09386   33.3298 	Dead: 0
39  35.325    0.0608809   0.981766  33.3298 	Dead: 0
40  35.2404   0.060565    0.976671  33.2867 	Dead: 0
41  35.1795   0.0640619   1.03306   33.2867 	Dead: 0
42  35.071    0.0609027   0.982117  33.2867 	Dead: 0
43  34.976    0.0604367   0.974602  33.2683 	Dead: 0
44  34.8989   0.0623283   1.00511   33.2683 	Dead: 0
45  34.7882   0.0584586   0.942703  33.1303 	Dead: 0
46  34.6869   0.0562091   0.906428  33.1303 	Dead: 0
47  34.6398   0.0582006   0.938542  33.1303 	Dead: 0
48  34.5607   0.0560272   0.903494  33.0758 	Dead: 0
49  34.4897   0.0545378   0.879476  33.0758 	Dead: 0
50  34.443    0.0551349   0.889105  33.0758 	Dead: 0
51  34.3776   0.0593561   0.957177  33.0758 	Dead: 0
52  34.2915   0.0551148   0.888781  32.8259 	Dead: 0
53  34.2281   0.0552133   0.890369  32.8259 	Dead: 0
54  34.136    0.0517188   0.834017  32.8259 	Dead: 0
55  34.0939   0.0545431   0.879563  32.8259 	Dead: 0
56  34.0372   0.0517801   0.835006  32.8259 	Dead: 0
57  34.0223   0.0541532   0.873275  32.8259 	Dead: 0
58  33.9339   0.0473633   0.763781  32.8259 	Dead: 0
59  33.8931   0.0448928   0.723941  32.8259 	Dead: 0
60  33.8928   0.0495134   0.798453  32.8259 	Dead: 0
61  33.8567   0.0488233   0.787324  32.8259 	Dead: 0
62  33.8139   0.0491288   0.792251  32.8184 	Dead: 0
63  33.7974   0.0496998   0.801459  32.8184 	Dead: 0
64  33.7573   0.044898    0.724026  32.8176 	Dead: 0
65  33.7941   0.0529414   0.853733  32.7899 	Dead: 0
66  33.7373   0.0487082   0.785468  32.7899 	Dead: 0
67  33.7488   0.0493014   0.795034  32.7899 	Dead: 0
68  33.7183   0.050767    0.818668  32.7899 	Dead: 0
69  33.6908   0.0493156   0.795264  32.7153 	Dead: 0
70  33.652    0.0436364   0.703681  32.7153 	Dead: 0
71  33.6319   0.0453469   0.731264  32.5965 	Dead: 0
72  33.6315   0.0486979   0.785302  32.5965 	Dead: 0
73  33.6111   0.0457283   0.737415  32.5965 	Dead: 0
74  33.5885   0.0411243   0.66317   32.5965 	Dead: 0
75  33.5657   0.0415881   0.67065   32.5965 	Dead: 0
76  33.5792   0.0440406   0.710199  32.5965 	Dead: 0
77  33.5812   0.0468725   0.755866  32.5965 	Dead: 0
78  33.5341   0.0457219   0.737312  32.5965 	Dead: 0
79  33.558    0.0449907   0.72552   32.5965 	Dead: 0
80  33.5587   0.0496942   0.801368  32.5965 	Dead: 0
81  33.5075   0.0421325   0.679428  32.5965 	Dead: 0
82  33.5011   0.0425619   0.686353  32.5965 	Dead: 0
83  33.5065   0.0453361   0.73109   32.5965 	Dead: 0
84  33.486    0.0431024   0.695069  32.5965 	Dead: 0
85  33.4955   0.0424459   0.684483  32.5965 	Dead: 0
86  33.4765   0.0435195   0.701795  32.5965 	Dead: 0
87  33.4906   0.046855    0.755583  32.5965 	Dead: 0
88  33.4736   0.0439448   0.708653  32.5965 	Dead: 0
89  33.4753   0.0451569   0.7282    32.5965 	Dead: 0
90  33.4661   0.0454359   0.732699  32.5965 	Dead: 0
91  33.4514   0.0429852   0.693179  32.5965 	Dead: 0
92  33.4226   0.0392829   0.633477  32.5965 	Dead: 0
93  33.4172   0.0384434   0.619939  32.5965 	Dead: 0
94  33.4265   0.043094    0.694934  32.5965 	Dead: 0
95  33.4291   0.0413026   0.666045  32.5965 	Dead: 0
96  33.4207   0.0421885   0.680332  32.5965 	Dead: 0
97  33.3952   0.0404318   0.652004  32.5965 	Dead: 0
98  33.4204   0.0444752   0.717206  32.5965 	Dead: 0
99  33.4142   0.04356     0.702449  32.5965 	Dead: 0
100 33.4032   0.0433154   0.698504  32.5965 	Dead: 0
