0   10.7078   0.0503395   0.811775  14      
1   13.0872   0.0673412   1.08594   16      
2   14.2344   0.0943217   1.52103   18.4    
3   14.841    0.113364    1.8281    19.8    
4   15.2276   0.133215    2.14822   20.2    
5   15.766    0.152948    2.46644   20.6    
6   16.249    0.168147    2.71154   23.4    
7   16.6608   0.174145    2.80826   23.4    
8   16.8942   0.193974    3.12802   23.4    
9   17.145    0.211447    3.40979   25.2    
10  17.664    0.207122    3.34006   25.2    
11  17.9854   0.216696    3.49444   25.2    
12  18.4152   0.221184    3.56681   25.6    
13  18.4932   0.234191    3.77656   25.6    
14  18.7964   0.236571    3.81495   25.6    
15  18.8992   0.241578    3.89568   25.8    
16  19.0558   0.242221    3.90605   26.6    
17  18.889    0.256322    4.13345   26.6    
18  19.0962   0.258173    4.1633    26.6    
19  19.3686   0.252037    4.06434   27.2    
20  19.3236   0.264224    4.26088   27.2    
21  19.3394   0.252023    4.06412   27.2    
22  19.6012   0.25388     4.09407   27.2    
23  19.6426   0.258563    4.16959   28.2    
24  19.7586   0.272414    4.39294   28.2    
25  20.0038   0.265831    4.28679   28.2    
26  20.0258   0.262929    4.23999   28.2    
27  19.9818   0.279357    4.50492   28.2    
28  20.3234   0.276683    4.46179   28.2    
29  20.5442   0.27353     4.41095   31      
30  20.5586   0.279224    4.50277   31      
31  20.8736   0.276144    4.4531    31      
32  20.9098   0.287528    4.63667   31      
33  21.0572   0.30035     4.84345   31      
34  21.2708   0.304349    4.90793   31      
35  21.4278   0.295724    4.76885   31      
36  21.4618   0.304185    4.90528   31      
37  21.6286   0.305703    4.92977   31      
38  21.6842   0.314253    5.06764   31      
39  21.8666   0.298132    4.80768   31      
40  22.1102   0.290245    4.68049   31      
41  22.0722   0.310729    5.01082   31.4    
42  22.1648   0.312772    5.04376   31.4    
43  22.267    0.30945     4.99019   31.4    
44  22.4738   0.315622    5.08972   31.4    
45  22.7252   0.316708    5.10723   31.4    
46  22.8818   0.310552    5.00797   31.4    
47  22.8264   0.311355    5.02091   31.4    
48  23.1376   0.305224    4.92204   31.8    
49  23.2202   0.310348    5.00467   31.8    
50  23.2592   0.307904    4.96526   31.8    
51  24.3198   0.215625    3.47717   31.8    
52  24.3124   0.218309    3.52046   31.8    
53  24.4402   0.209025    3.37074   31.8    
54  24.5738   0.216953    3.49858   31.8    
55  24.7936   0.213146    3.43719   31.8    
56  24.9042   0.223851    3.60982   31.8    
57  25.1186   0.221478    3.57155   31.8    
58  25.366    0.218095    3.51699   31.8    
59  25.4216   0.222684    3.591     32.4    
60  25.5642   0.228044    3.67744   32.4    
61  25.8218   0.230931    3.72399   33      
62  26.092    0.240057    3.87116   33      
63  26.33     0.233489    3.76525   33.4    
64  26.604    0.242538    3.91117   33.4    
65  27.0102   0.231       3.72511   33.4    
66  27.1672   0.242053    3.90335   34.4    
67  27.1418   0.248218    4.00277   34.4    
68  27.5106   0.239997    3.87019   34.4    
69  27.619    0.246527    3.97549   35      
70  27.7066   0.252862    4.07765   35      
71  28.0182   0.248213    4.00268   36.4    
72  28.1926   0.269213    4.34133   36.4    
73  28.4076   0.263718    4.25271   37.2    
74  28.454    0.267711    4.31712   37.2    
75  28.7148   0.267267    4.30995   37.2    
76  28.845    0.273256    4.40653   37.2    
77  29.0732   0.278128    4.48509   37.8    
78  29.1372   0.290879    4.69071   38.6    
79  29.4662   0.281817    4.54459   38.6    
80  29.4502   0.290885    4.69081   38.6    
81  29.79     0.286388    4.61829   38.6    
82  29.8636   0.27973     4.51092   38.6    
83  29.7254   0.297261    4.79364   38.6    
84  29.803    0.292376    4.71485   39      
85  29.8578   0.289772    4.67286   39      
86  29.9482   0.303863    4.9001    39      
87  30.0438   0.30228     4.87458   39      
88  30.3124   0.298626    4.81565   39      
89  30.4732   0.301495    4.86191   39      
90  30.5176   0.306822    4.94782   39      
91  30.4622   0.31273     5.04309   39      
92  30.5808   0.310479    5.00678   39.8    
93  30.8638   0.305962    4.93394   40.6    
94  31.0698   0.302821    4.8833    40.6    
95  31.0386   0.311456    5.02254   40.6    
96  31.0696   0.319445    5.15137   40.6    
97  31.0028   0.32794     5.28836   40.6    
98  31.1612   0.329793    5.31824   40.6    
99  31.5336   0.320738    5.17222   41.4    
100 31.5926   0.318662    5.13874   41.4    
