0   10.7532   0.0477824   0.770539  14      
1   13.2068   0.0606255   0.977647  16.4    
2   14.5292   0.0849072   1.36921   18      
3   15.3584   0.109578    1.76706   19.8    
4   16.2598   0.129569    2.08944   21.6    
5   16.9516   0.143795    2.31884   21.8    
6   17.412    0.163008    2.62866   22.2    
7   17.7432   0.174123    2.80791   23      
8   18.0926   0.18196     2.93428   25.4    
9   18.2514   0.192542    3.10493   25.4    
10  18.4732   0.203633    3.28378   25.4    
11  18.7104   0.20858     3.36355   25.4    
12  18.865    0.213129    3.43691   25.4    
13  18.9688   0.220538    3.55639   25.4    
14  19.3112   0.219695    3.54281   25.4    
15  19.4842   0.2271      3.66222   25.4    
16  19.426    0.238209    3.84136   26.8    
17  19.3912   0.243651    3.92912   26.8    
18  19.604    0.245796    3.9637    26.8    
19  19.6708   0.244287    3.93937   26.8    
20  19.636    0.254028    4.09646   26.8    
21  19.735    0.24583     3.96425   26.8    
22  19.579    0.260578    4.20208   26.8    
23  19.9008   0.250547    4.04033   27.4    
24  19.818    0.254053    4.09687   27.4    
25  20.198    0.242676    3.91339   27.4    
26  19.8832   0.260692    4.20393   27.4    
27  19.9274   0.256579    4.13759   27.4    
28  19.9262   0.267077    4.30689   27.4    
29  20.1094   0.263734    4.25298   27.4    
30  19.8588   0.269548    4.34673   27.4    
31  20.1706   0.26117     4.21163   27.4    
32  20.1818   0.263017    4.24142   27.4    
33  20.161    0.271157    4.37267   27.4    
34  20.2732   0.265528    4.28191   27.4    
35  20.3686   0.269053    4.33875   27.4    
36  20.2126   0.276488    4.45864   27.4    
37  20.404    0.259328    4.18193   28.8    
38  20.0276   0.281196    4.53457   28.8    
39  20.4244   0.265052    4.27423   28.8    
40  20.3538   0.270238    4.35786   28.8    
41  20.4954   0.274461    4.42596   28.8    
42  20.4284   0.282252    4.5516    28.8    
43  20.4952   0.278919    4.49785   28.8    
44  20.511    0.271306    4.37508   28.8    
45  20.5056   0.279142    4.50144   28.8    
46  20.3908   0.284398    4.5862    28.8    
47  20.6612   0.278397    4.48944   28.8    
48  20.5266   0.283586    4.57311   28.8    
49  20.6958   0.278277    4.48749   28.8    
50  20.489    0.288404    4.6508    28.8    
51  21.155    0.214345    3.45652   28.8    
52  21.1366   0.209353    3.37602   28.8    
53  21.3718   0.204708    3.30112   28.8    
54  21.4832   0.20943     3.37727   28.8    
55  21.608    0.202995    3.2735    28.8    
56  21.6386   0.205903    3.32038   28.8    
57  21.6516   0.207827    3.35143   28.8    
58  21.8968   0.207737    3.34997   28.8    
59  21.9256   0.213734    3.44668   28.8    
60  22.2284   0.208698    3.36547   30.2    
61  22.3116   0.21016     3.38903   30.2    
62  22.498    0.213538    3.44351   31.6    
63  22.8822   0.206417    3.32868   31.6    
64  22.9742   0.214902    3.46551   31.6    
65  23.2168   0.216277    3.48769   31.6    
66  23.5428   0.22278     3.59255   32.8    
67  24.0444   0.213635    3.44508   32.8    
68  24.1418   0.21979     3.54433   32.8    
69  24.4098   0.220883    3.56196   32.8    
70  24.419    0.226533    3.65306   32.8    
71  24.7866   0.227058    3.66154   32.8    
72  24.7808   0.234172    3.77626   32.8    
73  24.9566   0.241102    3.88801   32.8    
74  24.996    0.237532    3.83043   32.8    
75  25.1226   0.247504    3.99125   34.8    
76  25.3376   0.24672     3.97861   34.8    
77  25.3402   0.250289    4.03615   34.8    
78  25.6256   0.24498     3.95055   34.8    
79  25.7174   0.253717    4.09144   34.8    
80  25.8256   0.25709     4.14584   34.8    
81  25.782    0.271596    4.37976   35.6    
82  26.0342   0.267213    4.30908   35.6    
83  26.1064   0.271882    4.38437   35.6    
84  26.2056   0.270303    4.35891   35.6    
85  26.2296   0.275744    4.44664   35.6    
86  26.0274   0.282889    4.56187   35.6    
87  26.4296   0.278428    4.48994   37.6    
88  26.398    0.274034    4.41907   37.6    
89  26.6504   0.27743     4.47383   37.6    
90  26.6842   0.289465    4.66791   37.6    
91  26.6734   0.291519    4.70103   37.6    
92  26.8116   0.289635    4.67065   37.6    
93  26.851    0.287401    4.63463   37.6    
94  27.0426   0.283047    4.56442   37.6    
95  26.8724   0.296873    4.78738   37.6    
96  27.2056   0.293554    4.73385   37.6    
97  27.0776   0.295061    4.75816   37.6    
98  27.089    0.297526    4.7979    37.6    
99  27.3126   0.291443    4.6998    37.6    
100 27.3184   0.291892    4.70706   37.6    
