0   4597.93   3.8844      62.6399   4367    	Dead: 0
1   4453.35   3.19806     51.5719   4278    	Dead: 0
2   4352.04   2.79472     45.0677   4191    	Dead: 0
3   4274.25   2.48702     40.1057   4154    	Dead: 0
4   4213.21   2.52807     40.7677   4099    	Dead: 0
5   4158.99   2.62763     42.3731   4024    	Dead: 0
6   4110.05   2.41836     38.9986   4003    	Dead: 0
7   4072.18   2.37471     38.2946   3960    	Dead: 0
8   4044.29   2.33496     37.6535   3931    	Dead: 0
9   4015.48   2.33574     37.6662   3908    	Dead: 0
10  3986.88   2.2681      36.5754   3874    	Dead: 0
11  3965.3    2.36461     38.1317   3837    	Dead: 0
12  3945.24   2.29601     37.0255   3837    	Dead: 0
13  3925.7    2.29039     36.9348   3829    	Dead: 0
14  3912.83   2.34662     37.8416   3801    	Dead: 0
15  3901.97   2.37641     38.3219   3801    	Dead: 0
16  3893.32   2.40684     38.8127   3781    	Dead: 0
17  3884.46   2.49859     40.2922   3781    	Dead: 0
18  3879.18   2.51674     40.5849   3781    	Dead: 0
19  3869.46   2.52818     40.7694   3772    	Dead: 0
20  3863.43   2.56394     41.3461   3771    	Dead: 0
21  3856      2.51948     40.6292   3771    	Dead: 0
22  3846.45   2.53918     40.9468   3749    	Dead: 0
23  3836.77   2.56185     41.3125   3744    	Dead: 0
24  3828.42   2.51025     40.4803   3729    	Dead: 0
25  3817.83   2.47309     39.881    3729    	Dead: 0
26  3810.56   2.53332     40.8523   3688    	Dead: 0
27  3802.63   2.57367     41.5031   3688    	Dead: 0
28  3793.58   2.44858     39.4858   3688    	Dead: 0
29  3790.72   2.58215     41.6398   3688    	Dead: 0
30  3785.47   2.55705     41.235    3688    	Dead: 0
31  3781      2.66027     42.8995   3688    	Dead: 0
32  3778.82   2.79561     45.082    3688    	Dead: 0
33  3774.1    2.68813     43.3489   3688    	Dead: 0
34  3769.91   2.80859     45.2914   3677    	Dead: 0
35  3767.42   2.80076     45.1651   3677    	Dead: 0
36  3765.97   2.92383     47.1497   3675    	Dead: 0
37  3760.36   2.88364     46.5016   3637    	Dead: 0
38  3757.62   2.93965     47.4048   3637    	Dead: 0
39  3754.81   3.04258     49.0647   3637    	Dead: 0
40  3750.48   3.03348     48.918    3637    	Dead: 0
41  3748.64   3.16739     51.0773   3637    	Dead: 0
42  3744.99   3.31573     53.4695   3637    	Dead: 0
43  3741.71   3.26326     52.6234   3637    	Dead: 0
44  3738.9    3.43183     55.3418   3637    	Dead: 0
45  3735.31   3.39545     54.7551   3637    	Dead: 0
46  3734.15   3.50909     56.5876   3637    	Dead: 0
47  3727.06   3.44021     55.4768   3600    	Dead: 0
48  3723.95   3.51673     56.7108   3600    	Dead: 0
49  3722.59   3.59269     57.9357   3600    	Dead: 0
50  3721.12   3.66906     59.1673   3600    	Dead: 0
51  3718.24   3.69639     59.608    3600    	Dead: 0
52  3715.36   3.79312     61.1679   3600    	Dead: 0
53  3715.57   3.85036     62.0909   3600    	Dead: 0
54  3711.59   3.8765      62.5124   3597    	Dead: 0
55  3707.07   3.87408     62.4735   3597    	Dead: 0
56  3706.49   3.90479     62.9686   3597    	Dead: 0
57  3706.26   4.05991     65.4701   3597    	Dead: 0
58  3707.32   4.23293     68.2602   3597    	Dead: 0
59  3704.84   4.20494     67.8088   3592    	Dead: 0
60  3701.96   4.1388      66.7423   3592    	Dead: 0
61  3697.14   4.06468     65.547    3592    	Dead: 0
62  3696.11   4.19688     67.6789   3585    	Dead: 0
63  3695.95   4.30549     69.4304   3585    	Dead: 0
64  3693.09   4.35841     70.2838   3585    	Dead: 0
65  3691.76   4.29115     69.199    3577    	Dead: 0
66  3690.5    4.44266     71.6423   3577    	Dead: 0
67  3689.84   4.54618     73.3117   3577    	Dead: 0
68  3687.22   4.49607     72.5036   3577    	Dead: 0
69  3684.73   4.5799      73.8555   3577    	Dead: 0
70  3681.24   4.56402     73.5993   3574    	Dead: 0
71  3677.17   4.64406     74.8901   3574    	Dead: 0
72  3675.49   4.73254     76.317    3569    	Dead: 0
73  3673.53   4.73596     76.3721   3550    	Dead: 0
74  3673.17   4.83517     77.972    3550    	Dead: 0
75  3666.11   4.70561     75.8827   3550    	Dead: 0
76  3668.02   4.83805     78.0184   3550    	Dead: 0
77  3668.14   4.96981     80.1431   3550    	Dead: 0
78  3665.79   4.99165     80.4953   3550    	Dead: 0
79  3659.41   4.8958      78.9497   3550    	Dead: 0
80  3660.34   5.0215      80.9768   3550    	Dead: 0
81  3659.86   4.97763     80.2693   3543    	Dead: 0
82  3657.18   5.02998     81.1135   3528    	Dead: 0
83  3653.16   5.04123     81.2949   3528    	Dead: 0
84  3655.85   5.15246     83.0885   3528    	Dead: 0
85  3651.87   5.01803     80.9208   3528    	Dead: 0
86  3652.99   5.08251     81.9606   3528    	Dead: 0
87  3652.07   5.09448     82.1535   3528    	Dead: 0
88  3650.99   5.17032     83.3766   3528    	Dead: 0
89  3647.66   5.2105      84.0245   3528    	Dead: 0
90  3643.94   5.24838     84.6354   3527    	Dead: 0
91  3646.32   5.39066     86.9298   3527    	Dead: 0
92  3643.19   5.29722     85.423    3527    	Dead: 0
93  3644.63   5.52385     89.0776   3527    	Dead: 0
94  3638.45   5.34162     86.139    3527    	Dead: 0
95  3640.03   5.44985     87.8843   3527    	Dead: 0
96  3639.63   5.63548     90.8777   3524    	Dead: 0
97  3636.25   5.46849     88.1848   3524    	Dead: 0
98  3634.61   5.5097      88.8494   3524    	Dead: 0
99  3636.05   5.56119     89.6798   3524    	Dead: 0
100 3636.7    5.58839     90.1184   3524    	Dead: 0
