0   4611.72   3.86598     62.3428   4372    	Dead: 0
1   4371.98   2.94855     47.5484   4243    	Dead: 0
2   4242.99   2.46165     39.6966   4122    	Dead: 0
3   4161.25   2.39904     38.6869   4057    	Dead: 0
4   4105.25   2.43969     39.3424   3993    	Dead: 0
5   4057.61   2.46017     39.6728   3963    	Dead: 0
6   4017.04   2.52766     40.761    3915    	Dead: 0
7   3982.02   2.60943     42.0796   3865    	Dead: 0
8   3955.4    2.71135     43.7233   3837    	Dead: 0
9   3933.11   2.64881     42.7147   3837    	Dead: 0
10  3917.27   2.88186     46.4729   3822    	Dead: 0
11  3903.99   2.91464     47.0015   3804    	Dead: 0
12  3896.19   3.11028     50.1564   3797    	Dead: 0
13  3889.13   3.26155     52.5958   3791    	Dead: 0
14  3881.81   3.3488      54.0027   3791    	Dead: 0
15  3877.5    3.47327     56.0099   3791    	Dead: 0
16  3870.74   3.44862     55.6124   3761    	Dead: 0
17  3865.68   3.38105     54.5228   3760    	Dead: 0
18  3862.58   3.55438     57.318    3760    	Dead: 0
19  3859.05   3.71491     59.9067   3760    	Dead: 0
20  3855.77   3.79286     61.1636   3753    	Dead: 0
21  3847.58   3.8294      61.7528   3718    	Dead: 0
22  3840.47   3.77908     60.9415   3718    	Dead: 0
23  3837.07   3.95001     63.6978   3713    	Dead: 0
24  3835.8    4.09486     66.0338   3713    	Dead: 0
25  3828.21   4.14048     66.7694   3695    	Dead: 0
26  3825.99   4.29974     69.3376   3695    	Dead: 0
27  3819.33   4.50461     72.6414   3695    	Dead: 0
28  3814.12   4.65279     75.0308   3693    	Dead: 0
29  3807.76   4.75085     76.6123   3686    	Dead: 0
30  3802.68   4.76825     76.8928   3685    	Dead: 0
31  3799.99   4.99395     80.5324   3668    	Dead: 0
32  3792.96   5.12884     82.7077   3659    	Dead: 0
33  3788.84   5.26238     84.8611   3657    	Dead: 0
34  3784.56   5.19494     83.7736   3657    	Dead: 0
35  3778.87   5.23828     84.4725   3655    	Dead: 0
36  3779.2    5.46528     88.1332   3649    	Dead: 0
37  3777.92   5.55638     89.6022   3649    	Dead: 0
38  3773.26   5.58985     90.142    3649    	Dead: 0
39  3773.19   5.68719     91.7116   3649    	Dead: 0
40  3767.69   5.63152     90.8139   3648    	Dead: 0
41  3770.75   5.84706     94.2897   3648    	Dead: 0
42  3765.25   5.86333     94.5521   3643    	Dead: 0
43  3762.51   5.98472     96.5096   3638    	Dead: 0
44  3762.62   6.01767     97.041    3638    	Dead: 0
45  3756.2    6.02156     97.1036   3638    	Dead: 0
46  3756.54   6.00699     96.8687   3638    	Dead: 0
47  3758.03   6.1552      99.2588   3638    	Dead: 0
48  3753.22   6.11648     98.6343   3634    	Dead: 0
49  3754.68   6.17439     99.5681   3634    	Dead: 0
50  3757.92   6.39534     103.131   3624    	Dead: 0
51  3752.7    6.31618     101.855   3624    	Dead: 0
52  3748.66   6.26936     101.1     3609    	Dead: 0
53  3747.83   6.18033     99.664    3609    	Dead: 0
54  3744.13   6.37658     102.829   3609    	Dead: 0
55  3748.72   6.29074     101.444   3609    	Dead: 0
56  3744.9    6.26904     101.095   3609    	Dead: 0
57  3745.03   6.30615     101.693   3609    	Dead: 0
58  3744.67   6.47725     104.452   3609    	Dead: 0
59  3740.45   6.43738     103.809   3606    	Dead: 0
60  3736.87   6.41598     103.464   3603    	Dead: 0
61  3736.96   6.54857     105.602   3598    	Dead: 0
62  3741.95   6.62312     106.804   3598    	Dead: 0
63  3741.45   6.48617     104.596   3598    	Dead: 0
64  3736.74   6.66654     107.505   3598    	Dead: 0
65  3737.22   6.66831     107.533   3579    	Dead: 0
66  3733.99   6.69384     107.945   3579    	Dead: 0
67  3729.96   6.63797     107.044   3579    	Dead: 0
68  3728.2    6.70765     108.168   3579    	Dead: 0
69  3731.1    6.91185     111.461   3579    	Dead: 0
70  3728.43   6.8361      110.239   3579    	Dead: 0
71  3728.88   7.11025     114.66    3577    	Dead: 0
72  3722.62   6.91813     111.562   3577    	Dead: 0
73  3717.95   6.86777     110.75    3577    	Dead: 0
74  3721.8    7.02846     113.341   3575    	Dead: 0
75  3719.45   7.09009     114.335   3559    	Dead: 0
76  3719.31   7.11431     114.725   3549    	Dead: 0
77  3712.77   7.15297     115.349   3549    	Dead: 0
78  3712.11   7.27837     117.371   3536    	Dead: 0
79  3711.06   7.30157     117.745   3536    	Dead: 0
80  3708.91   7.35306     118.575   3536    	Dead: 0
81  3707.47   7.53918     121.577   3536    	Dead: 0
82  3707.98   7.55512     121.834   3536    	Dead: 0
83  3705.16   7.62924     123.029   3536    	Dead: 0
84  3704.07   7.52476     121.344   3536    	Dead: 0
85  3700.32   7.53161     121.455   3536    	Dead: 0
86  3700.98   7.68719     123.964   3536    	Dead: 0
87  3697.33   7.7046      124.244   3536    	Dead: 0
88  3691.59   7.73565     124.745   3536    	Dead: 0
89  3697.82   7.92802     127.847   3536    	Dead: 0
90  3693.88   7.77916     125.447   3536    	Dead: 0
91  3696.37   8.04279     129.698   3536    	Dead: 0
92  3695.28   7.95768     128.326   3536    	Dead: 0
93  3689.15   7.97633     128.626   3536    	Dead: 0
94  3687.5    7.81003     125.945   3536    	Dead: 0
95  3690.73   8.05886     129.957   3536    	Dead: 0
96  3692.73   8.07172     130.165   3532    	Dead: 0
97  3690.52   7.96184     128.393   3532    	Dead: 0
98  3685.72   7.9641      128.429   3528    	Dead: 0
99  3694.07   8.22677     132.665   3528    	Dead: 0
100 3692.45   8.09804     130.589   3528    	Dead: 0
