0   4614.11   3.83187     61.7928   4436    	Dead: 0
1   4395.14   2.57902     41.5893   4255    	Dead: 0
2   4244.16   2.81212     45.3483   4090    	Dead: 0
3   4126.83   2.41625     38.9644   4021    	Dead: 0
4   4055.49   2.43286     39.2323   3934    	Dead: 0
5   4012.5    2.4008      38.7153   3902    	Dead: 0
6   3975.16   2.4016      38.7282   3851    	Dead: 0
7   3934.81   2.3196      37.4058   3833    	Dead: 0
8   3903.71   2.33577     37.6666   3804    	Dead: 0
9   3881.42   2.43492     39.2656   3786    	Dead: 0
10  3861.97   2.41969     39.0199   3751    	Dead: 0
11  3838.59   2.2673      36.5625   3751    	Dead: 0
12  3821.84   2.37288     38.2651   3737    	Dead: 0
13  3811.52   2.39606     38.6389   3730    	Dead: 0
14  3805.07   2.59815     41.8977   3724    	Dead: 0
15  3793.99   2.47408     39.897    3713    	Dead: 0
16  3785.75   2.52275     40.6818   3691    	Dead: 0
17  3771.27   2.51562     40.5669   3681    	Dead: 0
18  3759.29   2.61338     42.1434   3668    	Dead: 0
19  3749.4    2.6215      42.2742   3665    	Dead: 0
20  3739.15   2.66241     42.9341   3638    	Dead: 0
21  3729.88   2.76619     44.6075   3638    	Dead: 0
22  3725.07   2.92811     47.2187   3631    	Dead: 0
23  3718.01   2.98891     48.1991   3631    	Dead: 0
24  3710.55   2.99294     48.2641   3631    	Dead: 0
25  3705.27   3.03057     48.871    3613    	Dead: 0
26  3705.73   3.29698     53.167    3613    	Dead: 0
27  3699.15   3.21097     51.7802   3600    	Dead: 0
28  3697.34   3.33233     53.7372   3600    	Dead: 0
29  3694.25   3.37467     54.4199   3600    	Dead: 0
30  3692.45   3.44017     55.4762   3585    	Dead: 0
31  3690.09   3.58239     57.7696   3573    	Dead: 0
32  3687.82   3.59425     57.9608   3573    	Dead: 0
33  3683.85   3.76604     60.7312   3573    	Dead: 0
34  3679.85   3.78762     61.0792   3573    	Dead: 0
35  3676.81   3.81833     61.5744   3573    	Dead: 0
36  3674.47   3.9139      63.1156   3573    	Dead: 0
37  3670.95   3.91357     63.1102   3572    	Dead: 0
38  3671.16   4.03654     65.0932   3572    	Dead: 0
39  3670.75   4.09091     65.97     3572    	Dead: 0
40  3668.15   4.09049     65.9633   3571    	Dead: 0
41  3668.07   4.15276     66.9675   3569    	Dead: 0
42  3667.36   4.2855      69.108    3561    	Dead: 0
43  3666.6    4.26256     68.738    3561    	Dead: 0
44  3662.37   4.21225     67.9267   3553    	Dead: 0
45  3663.37   4.28073     69.0311   3553    	Dead: 0
46  3663.82   4.38109     70.6494   3553    	Dead: 0
47  3661.24   4.41567     71.2071   3553    	Dead: 0
48  3657.26   4.42721     71.3932   3548    	Dead: 0
49  3656.15   4.52434     72.9595   3548    	Dead: 0
50  3658.32   4.57716     73.8113   3543    	Dead: 0
51  3656.34   4.50821     72.6995   3530    	Dead: 0
52  3651.66   4.52899     73.0345   3530    	Dead: 0
53  3648.94   4.46873     72.0627   3530    	Dead: 0
54  3650.36   4.66632     75.2491   3524    	Dead: 0
55  3650.4    4.64408     74.8905   3524    	Dead: 0
56  3648.43   4.80378     77.4658   3524    	Dead: 0
57  3648.69   4.88996     78.8554   3524    	Dead: 0
58  3646.32   4.90234     79.0551   3524    	Dead: 0
59  3641.84   4.85878     78.3527   3524    	Dead: 0
60  3643.26   4.87732     78.6517   3524    	Dead: 0
61  3637.13   4.90248     79.0574   3524    	Dead: 0
62  3638.17   5.00168     80.6571   3524    	Dead: 0
63  3634.5    4.92851     79.4771   3524    	Dead: 0
64  3638.26   5.14907     83.0339   3524    	Dead: 0
65  3632.84   5.05344     81.4918   3499    	Dead: 0
66  3632.3    5.14589     82.9826   3499    	Dead: 0
67  3629.7    5.0862      82.02     3499    	Dead: 0
68  3628.5    5.1948      83.7714   3499    	Dead: 0
69  3627.53   5.23263     84.3814   3499    	Dead: 0
70  3626.17   5.14931     83.0378   3499    	Dead: 0
71  3625.24   5.30258     85.5095   3499    	Dead: 0
72  3622.44   5.32111     85.8082   3499    	Dead: 0
73  3624.74   5.49892     88.6756   3499    	Dead: 0
74  3623.63   5.46658     88.154    3496    	Dead: 0
75  3623.03   5.54888     89.4813   3496    	Dead: 0
76  3622.73   5.52053     89.024    3496    	Dead: 0
77  3621.96   5.53239     89.2153   3495    	Dead: 0
78  3618.8    5.55233     89.5369   3495    	Dead: 0
79  3621.26   5.6941      91.8231   3495    	Dead: 0
80  3615.93   5.5622      89.6961   3495    	Dead: 0
81  3617      5.54901     89.4834   3493    	Dead: 0
82  3617.94   5.63363     90.8479   3492    	Dead: 0
83  3612.42   5.54054     89.3467   3491    	Dead: 0
84  3612.99   5.59009     90.1458   3491    	Dead: 0
85  3612.72   5.66184     91.3028   3491    	Dead: 0
86  3609.89   5.65134     91.1336   3491    	Dead: 0
87  3609.4    5.78435     93.2784   3491    	Dead: 0
88  3608.28   5.85358     94.3948   3488    	Dead: 0
89  3604.58   5.75899     92.8694   3485    	Dead: 0
90  3609.61   5.95086     95.9636   3485    	Dead: 0
91  3605.99   5.92113     95.4842   3480    	Dead: 0
92  3603.75   6.0336      97.2978   3475    	Dead: 0
93  3602.76   6.06585     97.8178   3475    	Dead: 0
94  3599.54   6.04156     97.4261   3473    	Dead: 0
95  3596.83   6.02827     97.2119   3473    	Dead: 0
96  3595.89   6.18483     99.7366   3473    	Dead: 0
97  3590.66   6.2463      100.728   3458    	Dead: 0
98  3594.77   6.36916     102.709   3458    	Dead: 0
99  3591.65   6.35038     102.406   3458    	Dead: 0
100 3587.05   6.23418     100.532   3458    	Dead: 0
