0   11.8003   0.0341461   0.55064   9.99105 	Dead: 0
1   11.4724   0.0333092   0.537144  9.99105 	Dead: 0
2   11.2156   0.0309521   0.499134  9.47038 	Dead: 0
3   11.0215   0.0305106   0.492015  9.42401 	Dead: 0
4   10.8255   0.0302241   0.487394  9.42401 	Dead: 0
5   10.6534   0.0301658   0.486454  9.36875 	Dead: 0
6   10.4722   0.0297008   0.478955  9.17666 	Dead: 0
7   10.3432   0.0303478   0.489389  8.83659 	Dead: 0
8   10.203    0.030048    0.484554  8.57636 	Dead: 0
9   10.0781   0.0308644   0.497719  8.57636 	Dead: 0
10  9.9194    0.030694    0.494971  8.37778 	Dead: 0
11  9.78663   0.0317101   0.511357  7.92253 	Dead: 0
12  9.59853   0.0327444   0.528037  7.92253 	Dead: 0
13  9.42632   0.0341232   0.55027   7.66451 	Dead: 0
14  9.2119    0.0366425   0.590897  6.6722  	Dead: 0
15  8.94613   0.0380075   0.612909  5.71048 	Dead: 0
16  8.65009   0.0400667   0.646116  5.57791 	Dead: 0
17  8.34061   0.0432934   0.69815   5.4604  	Dead: 0
18  7.99701   0.0492723   0.794566  5.03848 	Dead: 0
19  7.51808   0.0535469   0.863498  4.89596 	Dead: 0
20  7.02058   0.0550377   0.887538  4.53902 	Dead: 0
21  6.48619   0.0538339   0.868126  4.21673 	Dead: 0
22  6.08773   0.0504594   0.813708  3.97884 	Dead: 0
23  5.83094   0.0509623   0.821818  3.93738 	Dead: 0
24  5.56795   0.0476382   0.768213  3.82691 	Dead: 0
25  5.37198   0.04588     0.739861  3.62494 	Dead: 0
26  5.24142   0.0484704   0.781633  3.62494 	Dead: 0
27  5.09974   0.0514835   0.830223  3.59166 	Dead: 0
28  4.93644   0.0515721   0.831652  3.5738  	Dead: 0
29  4.74962   0.0482412   0.777937  3.11431 	Dead: 0
30  4.5917    0.0494176   0.796909  3.11431 	Dead: 0
31  4.49446   0.0525071   0.84673   2.814   	Dead: 0
32  4.39463   0.0522225   0.84214   2.814   	Dead: 0
33  4.33032   0.0570888   0.920613  2.814   	Dead: 0
34  4.24711   0.0581006   0.93693   2.80556 	Dead: 0
35  4.18123   0.0610857   0.985069  2.80556 	Dead: 0
36  4.05501   0.0602742   0.971981  2.64746 	Dead: 0
37  4.0001    0.0617724   0.996142  2.30712 	Dead: 0
38  3.88094   0.0608328   0.98099   2.30712 	Dead: 0
39  3.84238   0.0664151   1.07101   2.30712 	Dead: 0
40  3.73203   0.0626674   1.01057   2.28815 	Dead: 0
41  3.70882   0.066304    1.06922   2.28815 	Dead: 0
42  3.61177   0.0628624   1.01372   1.89818 	Dead: 0
43  3.56006   0.063837    1.02944   1.89818 	Dead: 0
44  3.5976    0.0723326   1.16644   1.89818 	Dead: 0
45  3.49541   0.070695    1.14003   1.89818 	Dead: 0
46  3.47135   0.0711703   1.14769   1.88381 	Dead: 0
47  3.44262   0.0706889   1.13993   1.88381 	Dead: 0
48  3.35046   0.0664371   1.07136   1.88381 	Dead: 0
49  3.33868   0.071093    1.14645   1.88381 	Dead: 0
50  3.30114   0.0697382   1.1246    1.88381 	Dead: 0
51  3.31127   0.0732858   1.18181   1.88381 	Dead: 0
52  3.26761   0.0727558   1.17326   1.88381 	Dead: 0
53  3.23801   0.0709054   1.14342   1.88381 	Dead: 0
54  3.13067   0.066251    1.06836   1.88381 	Dead: 0
55  3.14496   0.0705821   1.13821   1.85729 	Dead: 0
56  3.04482   0.0633862   1.02217   1.85729 	Dead: 0
57  3.14514   0.0737856   1.18987   1.85729 	Dead: 0
58  3.15963   0.0752528   1.21353   1.82469 	Dead: 0
59  3.09651   0.0698741   1.12679   1.82469 	Dead: 0
60  3.11815   0.0734609   1.18463   1.82469 	Dead: 0
61  3.06925   0.068693    1.10774   1.82469 	Dead: 0
62  3.14022   0.0757769   1.22198   1.82469 	Dead: 0
63  3.06265   0.0712296   1.14865   1.76289 	Dead: 0
64  3.0363    0.0690131   1.11291   1.76289 	Dead: 0
65  3.05211   0.0726543   1.17162   1.76289 	Dead: 0
66  3.0052    0.0704888   1.1367    1.75774 	Dead: 0
67  3.03536   0.0730123   1.1774    1.75774 	Dead: 0
68  3.04165   0.0759381   1.22458   1.75774 	Dead: 0
69  3.02901   0.0731997   1.18042   1.75774 	Dead: 0
70  2.99072   0.0700542   1.12969   1.75774 	Dead: 0
71  2.99757   0.0728045   1.17404   1.75774 	Dead: 0
72  3.01266   0.0734435   1.18435   1.75774 	Dead: 0
73  3.01273   0.0742951   1.19808   1.75774 	Dead: 0
74  3.00103   0.0727146   1.1726    1.60225 	Dead: 0
75  2.96146   0.0690751   1.11391   1.60225 	Dead: 0
76  2.9596    0.0714879   1.15281   1.60225 	Dead: 0
77  3.02973   0.0796868   1.28503   1.60225 	Dead: 0
78  3.03813   0.0798112   1.28704   1.50403 	Dead: 0
79  2.95985   0.07378     1.18978   1.50403 	Dead: 0
80  2.97395   0.0779438   1.25692   1.50403 	Dead: 0
81  3.01621   0.081611    1.31606   1.50403 	Dead: 0
82  2.96593   0.0781203   1.25977   1.50403 	Dead: 0
83  2.94632   0.076346    1.23115   1.50403 	Dead: 0
84  2.96347   0.0769816   1.2414    1.50403 	Dead: 0
85  2.98403   0.0783177   1.26295   1.50403 	Dead: 0
86  2.91471   0.0760586   1.22652   1.50403 	Dead: 0
87  2.93297   0.0766312   1.23575   1.50403 	Dead: 0
88  2.9519    0.0766959   1.2368    1.50403 	Dead: 0
89  2.96753   0.0766579   1.23619   1.50403 	Dead: 0
90  2.96213   0.0777546   1.25387   1.50403 	Dead: 0
91  2.9673    0.0808443   1.30369   1.50403 	Dead: 0
92  2.87357   0.0730829   1.17854   1.50403 	Dead: 0
93  2.90204   0.0753269   1.21472   1.50403 	Dead: 0
94  2.89197   0.0741251   1.19534   1.50403 	Dead: 0
95  2.97231   0.0809015   1.30462   1.50403 	Dead: 0
96  2.8945    0.0752332   1.21321   1.50403 	Dead: 0
97  2.90318   0.076315    1.23066   1.50403 	Dead: 0
98  2.91106   0.0759589   1.22491   1.50403 	Dead: 0
99  2.90483   0.0772084   1.24506   1.50403 	Dead: 0
100 2.89378   0.0781414   1.26011   1.50403 	Dead: 0
