0   11.7923   0.0351868   0.567423  10.0999 	Dead: 0
1   11.4562   0.0304224   0.490591  9.88198 	Dead: 0
2   11.2393   0.0308182   0.496974  9.84348 	Dead: 0
3   11.0264   0.0316402   0.51023   9.17681 	Dead: 0
4   10.8382   0.0306234   0.493833  9.17681 	Dead: 0
5   10.6483   0.0306547   0.494338  9.17681 	Dead: 0
6   10.4885   0.0319169   0.514692  9.07556 	Dead: 0
7   10.2995   0.0314073   0.506475  8.69477 	Dead: 0
8   10.133    0.0311059   0.501613  8.69477 	Dead: 0
9   9.95264   0.0307008   0.49508   8.69477 	Dead: 0
10  9.81125   0.0302498   0.487808  8.43611 	Dead: 0
11  9.66695   0.0304539   0.491099  8.35622 	Dead: 0
12  9.51524   0.0294515   0.474935  7.66012 	Dead: 0
13  9.38628   0.0301102   0.485558  7.61404 	Dead: 0
14  9.23169   0.0308958   0.498226  7.40328 	Dead: 0
15  9.04478   0.0292501   0.471687  7.40328 	Dead: 0
16  8.8468    0.0328922   0.53042   6.41255 	Dead: 0
17  8.64475   0.0326286   0.526169  6.41255 	Dead: 0
18  8.44073   0.0343636   0.554148  6.41255 	Dead: 0
19  8.18446   0.0367735   0.593009  5.31275 	Dead: 0
20  7.94288   0.0390425   0.6296    5.31275 	Dead: 0
21  7.65015   0.0414065   0.667722  5.25583 	Dead: 0
22  7.30705   0.0475418   0.766658  4.67323 	Dead: 0
23  6.95301   0.0528398   0.852095  4.16129 	Dead: 0
24  6.51658   0.0589187   0.950123  3.98103 	Dead: 0
25  5.98907   0.0602376   0.971392  3.46179 	Dead: 0
26  5.55015   0.0590914   0.952907  3.46179 	Dead: 0
27  5.18137   0.0519325   0.837464  3.46179 	Dead: 0
28  4.91067   0.0473543   0.763635  3.37767 	Dead: 0
29  4.76716   0.0524372   0.845602  3.2813  	Dead: 0
30  4.5501    0.0465628   0.750872  3.0572  	Dead: 0
31  4.46331   0.0491382   0.792403  3.0572  	Dead: 0
32  4.37572   0.0502581   0.810461  2.98086 	Dead: 0
33  4.29979   0.0491736   0.792974  2.98086 	Dead: 0
34  4.23966   0.0491197   0.792105  2.98086 	Dead: 0
35  4.21427   0.0511361   0.824621  2.98086 	Dead: 0
36  4.14032   0.0520861   0.83994   2.98086 	Dead: 0
37  4.12237   0.0597067   0.96283   2.64558 	Dead: 0
38  4.09342   0.0593912   0.957743  2.64558 	Dead: 0
39  3.98561   0.054625    0.880883  2.64558 	Dead: 0
40  3.99571   0.0605152   0.975867  2.64558 	Dead: 0
41  3.94391   0.0583523   0.94099   2.64558 	Dead: 0
42  3.92869   0.0618393   0.99722   2.64558 	Dead: 0
43  3.93845   0.0652989   1.05301   2.64558 	Dead: 0
44  3.84206   0.0581617   0.937916  2.64558 	Dead: 0
45  3.82335   0.0603798   0.973685  2.64558 	Dead: 0
46  3.82649   0.0626448   1.01021   2.64558 	Dead: 0
47  3.87987   0.0666305   1.07448   2.64558 	Dead: 0
48  3.82139   0.0650612   1.04918   2.64558 	Dead: 0
49  3.77915   0.064735    1.04392   2.51318 	Dead: 0
50  3.8025    0.0693219   1.11788   2.51318 	Dead: 0
51  3.74142   0.0633667   1.02185   2.51318 	Dead: 0
52  3.74032   0.06411     1.03384   2.51318 	Dead: 0
53  3.7319    0.0642333   1.03583   2.51318 	Dead: 0
54  3.73947   0.0649517   1.04741   2.51318 	Dead: 0
55  3.73615   0.0677348   1.09229   2.51318 	Dead: 0
56  3.69068   0.0653412   1.05369   2.51318 	Dead: 0
57  3.7206    0.0681958   1.09973   2.51318 	Dead: 0
58  3.64649   0.064932    1.04709   2.39822 	Dead: 0
59  3.64851   0.0658917   1.06257   2.39822 	Dead: 0
60  3.70165   0.0707671   1.14119   2.39822 	Dead: 0
61  3.65982   0.070002    1.12885   2.39822 	Dead: 0
62  3.72461   0.0771554   1.24421   2.39822 	Dead: 0
63  3.6663    0.0687788   1.10913   2.18366 	Dead: 0
64  3.66203   0.0717495   1.15703   2.18366 	Dead: 0
65  3.65594   0.0701562   1.13134   2.18366 	Dead: 0
66  3.6422    0.0699019   1.12724   2.18366 	Dead: 0
67  3.58616   0.0669714   1.07998   2.18366 	Dead: 0
68  3.5972    0.0678515   1.09417   2.18366 	Dead: 0
69  3.56125   0.0688946   1.11099   2.18366 	Dead: 0
70  3.59103   0.0700646   1.12986   2.18366 	Dead: 0
71  3.56549   0.0684085   1.10316   2.18366 	Dead: 0
72  3.5732    0.0683005   1.10141   2.18366 	Dead: 0
73  3.60862   0.0728145   1.17421   2.18366 	Dead: 0
74  3.5556    0.0685586   1.10558   2.18366 	Dead: 0
75  3.55374   0.0703168   1.13393   2.18366 	Dead: 0
76  3.51833   0.0649347   1.04714   2.18366 	Dead: 0
77  3.55215   0.0725906   1.1706    2.18366 	Dead: 0
78  3.50884   0.0683956   1.10295   2.18366 	Dead: 0
79  3.47314   0.0657068   1.05959   2.18366 	Dead: 0
80  3.49442   0.0686951   1.10778   2.18366 	Dead: 0
81  3.51939   0.073374    1.18323   2.18366 	Dead: 0
82  3.48196   0.0716249   1.15502   2.18366 	Dead: 0
83  3.52424   0.0725831   1.17048   2.18366 	Dead: 0
84  3.55921   0.0763228   1.23078   2.18366 	Dead: 0
85  3.53338   0.0756151   1.21937   2.18366 	Dead: 0
86  3.53891   0.0731813   1.18012   2.18366 	Dead: 0
87  3.53136   0.0738901   1.19155   2.18366 	Dead: 0
88  3.47672   0.0723316   1.16642   2.18366 	Dead: 0
89  3.56881   0.0819276   1.32116   2.18366 	Dead: 0
90  3.38313   0.0653969   1.05459   2.18366 	Dead: 0
91  3.4856    0.0746359   1.20358   2.18366 	Dead: 0
92  3.47137   0.0733551   1.18292   2.18366 	Dead: 0
93  3.49029   0.0747925   1.2061    2.18366 	Dead: 0
94  3.38075   0.0681106   1.09835   2.18366 	Dead: 0
95  3.46517   0.0774997   1.24976   2.18366 	Dead: 0
96  3.40569   0.0698261   1.12602   2.18366 	Dead: 0
97  3.46605   0.0775553   1.25066   2.16672 	Dead: 0
98  3.43736   0.0758884   1.22378   2.127   	Dead: 0
99  3.42118   0.0759718   1.22512   2.127   	Dead: 0
100 3.41574   0.0732638   1.18145   2.127   	Dead: 0
