0   4843.02   3.82444     61.6729   4673    	Dead: 0
1   4687.82   3.56697     57.5209   4512    	Dead: 0
2   4556.13   3.19043     51.4489   4393    	Dead: 0
3   4465.06   2.67411     43.1227   4309    	Dead: 0
4   4399      2.58933     41.7555   4262    	Dead: 0
5   4337.9    2.36382     38.1189   4212    	Dead: 0
6   4283.99   2.41054     38.8724   4170    	Dead: 0
7   4232.52   2.3032      37.1414   4100    	Dead: 0
8   4196.78   2.24836     36.257    4098    	Dead: 0
9   4167.87   2.22498     35.88     4068    	Dead: 0
10  4142.52   2.36005     38.0581   4038    	Dead: 0
11  4112.3    2.25087     36.2975   4027    	Dead: 0
12  4076.75   2.25008     36.2848   3973    	Dead: 0
13  4047.38   2.24367     36.1814   3944    	Dead: 0
14  4020.48   2.217       35.7513   3931    	Dead: 0
15  3990.7    2.23335     36.015    3869    	Dead: 0
16  3961.08   2.12372     34.2471   3864    	Dead: 0
17  3940.75   2.15273     34.7149   3845    	Dead: 0
18  3924.4    2.13293     34.3956   3841    	Dead: 0
19  3907.71   2.19359     35.3738   3816    	Dead: 0
20  3890.36   2.12657     34.2931   3792    	Dead: 0
21  3876.65   2.22419     35.8673   3765    	Dead: 0
22  3863.51   2.16125     34.8523   3765    	Dead: 0
23  3849.4    2.15878     34.8125   3765    	Dead: 0
24  3836.3    2.14663     34.6166   3764    	Dead: 0
25  3827.62   2.19648     35.4204   3752    	Dead: 0
26  3816.61   2.19101     35.3323   3744    	Dead: 0
27  3807.77   2.13748     34.469    3734    	Dead: 0
28  3796.01   2.08525     33.6268   3721    	Dead: 0
29  3787.54   2.11208     34.0594   3706    	Dead: 0
30  3776.41   2.11741     34.1454   3671    	Dead: 0
31  3763.97   2.11682     34.1358   3662    	Dead: 0
32  3754.01   2.1542      34.7387   3662    	Dead: 0
33  3740.14   2.07846     33.5172   3638    	Dead: 0
34  3730.66   2.12935     34.3378   3638    	Dead: 0
35  3721.27   2.15433     34.7407   3628    	Dead: 0
36  3712.33   2.19264     35.3585   3615    	Dead: 0
37  3705.66   2.2525      36.3238   3613    	Dead: 0
38  3698.29   2.27608     36.7041   3613    	Dead: 0
39  3691.09   2.27405     36.6713   3592    	Dead: 0
40  3684.74   2.39848     38.6778   3592    	Dead: 0
41  3679.36   2.28832     36.9014   3592    	Dead: 0
42  3673.6    2.3377      37.6977   3592    	Dead: 0
43  3669.6    2.31207     37.2845   3592    	Dead: 0
44  3667.5    2.47035     39.8369   3587    	Dead: 0
45  3666.62   2.53218     40.834    3587    	Dead: 0
46  3662.87   2.47494     39.9108   3587    	Dead: 0
47  3662.42   2.49626     40.2547   3587    	Dead: 0
48  3659.53   2.5075      40.4359   3587    	Dead: 0
49  3657.36   2.51969     40.6325   3582    	Dead: 0
50  3657.35   2.58244     41.6444   3582    	Dead: 0
51  3657.5    2.71133     43.7229   3582    	Dead: 0
52  3655.52   2.65283     42.7796   3582    	Dead: 0
53  3654.95   2.69194     43.4102   3579    	Dead: 0
54  3650.39   2.50139     40.3373   3579    	Dead: 0
55  3652.2    2.72794     43.9908   3579    	Dead: 0
56  3650.82   2.6289      42.3936   3569    	Dead: 0
57  3650.48   2.65056     42.7429   3569    	Dead: 0
58  3649.15   2.67786     43.1831   3569    	Dead: 0
59  3647.48   2.67947     43.2092   3569    	Dead: 0
60  3648.21   2.80706     45.2666   3563    	Dead: 0
61  3645.65   2.79165     45.0181   3563    	Dead: 0
62  3644.58   2.73738     44.143    3563    	Dead: 0
63  3642.53   2.72232     43.9001   3563    	Dead: 0
64  3640.77   2.68313     43.2682   3561    	Dead: 0
65  3639.83   2.68172     43.2455   3561    	Dead: 0
66  3638.92   2.74328     44.2381   3556    	Dead: 0
67  3634.86   2.71881     43.8436   3556    	Dead: 0
68  3633.14   2.781       44.8463   3556    	Dead: 0
69  3630.53   2.73739     44.1432   3548    	Dead: 0
70  3625.76   2.69064     43.3893   3540    	Dead: 0
71  3624.54   2.71645     43.8054   3540    	Dead: 0
72  3622.29   2.77738     44.788    3540    	Dead: 0
73  3617.73   2.55055     41.1301   3540    	Dead: 0
74  3617.87   2.73928     44.1737   3540    	Dead: 0
75  3615.78   2.71786     43.8282   3524    	Dead: 0
76  3611.89   2.67437     43.1269   3524    	Dead: 0
77  3611.79   2.80953     45.3064   3524    	Dead: 0
78  3604.8    2.68097     43.2334   3514    	Dead: 0
79  3603.05   2.69883     43.5213   3514    	Dead: 0
80  3601.01   2.74264     44.2278   3514    	Dead: 0
81  3600.13   2.70851     43.6775   3514    	Dead: 0
82  3597.32   2.58678     41.7144   3514    	Dead: 0
83  3594.32   2.65429     42.8031   3514    	Dead: 0
84  3593.16   2.69911     43.5258   3506    	Dead: 0
85  3590.61   2.67354     43.1135   3506    	Dead: 0
86  3588.39   2.67371     43.1163   3502    	Dead: 0
87  3586.48   2.60347     41.9836   3502    	Dead: 0
88  3585.58   2.7164      43.8047   3502    	Dead: 0
89  3583.79   2.66303     42.944    3502    	Dead: 0
90  3583.05   2.82343     45.5306   3502    	Dead: 0
91  3580.84   2.72462     43.9372   3502    	Dead: 0
92  3576.94   2.60305     41.9768   3502    	Dead: 0
93  3576.22   2.70455     43.6137   3498    	Dead: 0
94  3574.97   2.65746     42.8542   3489    	Dead: 0
95  3575.78   2.77714     44.7842   3489    	Dead: 0
96  3574.4    2.77576     44.7618   3489    	Dead: 0
97  3571.51   2.74314     44.2359   3483    	Dead: 0
98  3570.88   2.77383     44.7308   3483    	Dead: 0
99  3569.01   2.78755     44.9521   3483    	Dead: 0
100 3568.03   2.76338     44.5622   3483    	Dead: 0
