0   4861.98   3.89968     62.8862   4681    	Dead: 0
1   4592.02   2.82333     45.529    4426    	Dead: 0
2   4416.44   2.60264     41.9702   4264    	Dead: 0
3   4316.23   2.26486     36.5231   4201    	Dead: 0
4   4232.58   2.19065     35.3265   4125    	Dead: 0
5   4154.33   2.25517     36.3669   4043    	Dead: 0
6   4083.03   2.28966     36.9231   3978    	Dead: 0
7   4025.52   2.2141      35.7045   3931    	Dead: 0
8   3972.63   2.14052     34.5181   3873    	Dead: 0
9   3931.57   2.30417     37.1571   3837    	Dead: 0
10  3907.84   2.52596     40.7336   3819    	Dead: 0
11  3896.29   2.6785      43.1935   3800    	Dead: 0
12  3886.8    2.82471     45.5513   3797    	Dead: 0
13  3877.59   2.90858     46.9038   3788    	Dead: 0
14  3869.36   2.96715     47.8482   3780    	Dead: 0
15  3863.85   3.10281     50.0359   3777    	Dead: 0
16  3858.8    3.21281     51.8098   3752    	Dead: 0
17  3850.23   3.24556     52.3379   3744    	Dead: 0
18  3847.52   3.38234     54.5437   3744    	Dead: 0
19  3843.08   3.49805     56.4095   3731    	Dead: 0
20  3831.23   3.46376     55.8566   3730    	Dead: 0
21  3828.39   3.65596     58.9559   3730    	Dead: 0
22  3824.01   3.73192     60.181    3719    	Dead: 0
23  3817.24   3.65086     58.8738   3719    	Dead: 0
24  3815.01   3.76022     60.6373   3719    	Dead: 0
25  3810.83   3.64306     58.748    3713    	Dead: 0
26  3811.36   3.91082     63.0658   3713    	Dead: 0
27  3804.38   3.75124     60.4924   3713    	Dead: 0
28  3804.36   3.91924     63.2016   3713    	Dead: 0
29  3800.64   3.86086     62.2602   3710    	Dead: 0
30  3797.68   3.80894     61.423    3710    	Dead: 0
31  3794.87   3.90147     62.9151   3687    	Dead: 0
32  3789.93   3.78859     61.0948   3687    	Dead: 0
33  3791.98   3.87626     62.5085   3687    	Dead: 0
34  3787.85   3.95111     63.7156   3682    	Dead: 0
35  3784.66   3.95749     63.8185   3682    	Dead: 0
36  3782.09   4.00475     64.5806   3682    	Dead: 0
37  3779.73   4.13538     66.6872   3682    	Dead: 0
38  3775.33   4.10891     66.2603   3666    	Dead: 0
39  3773.78   4.23439     68.2838   3666    	Dead: 0
40  3769.23   4.20284     67.7749   3666    	Dead: 0
41  3762.67   4.19823     67.7006   3651    	Dead: 0
42  3761.76   4.37101     70.487    3651    	Dead: 0
43  3757.19   4.29658     69.2866   3651    	Dead: 0
44  3752.39   4.34129     70.0076   3651    	Dead: 0
45  3747.99   4.39754     70.9148   3651    	Dead: 0
46  3745.18   4.39855     70.931    3651    	Dead: 0
47  3743.63   4.46475     71.9985   3645    	Dead: 0
48  3741.75   4.36751     70.4305   3645    	Dead: 0
49  3736.11   4.38659     70.7381   3644    	Dead: 0
50  3733.89   4.43192     71.4691   3639    	Dead: 0
51  3732.82   4.43272     71.4821   3631    	Dead: 0
52  3731.06   4.45642     71.8643   3631    	Dead: 0
53  3727.69   4.56576     73.6274   3622    	Dead: 0
54  3728.12   4.58845     73.9933   3622    	Dead: 0
55  3725.8    4.70235     75.8301   3622    	Dead: 0
56  3721.13   4.71475     76.0301   3622    	Dead: 0
57  3717.36   4.6027      74.2231   3620    	Dead: 0
58  3717.15   4.73812     76.4069   3620    	Dead: 0
59  3715.47   4.84121     78.0693   3615    	Dead: 0
60  3710.61   4.67384     75.3703   3615    	Dead: 0
61  3713.12   4.86081     78.3854   3606    	Dead: 0
62  3710.49   4.81257     77.6075   3606    	Dead: 0
63  3712.86   4.89334     78.9099   3606    	Dead: 0
64  3707.86   4.73639     76.379    3604    	Dead: 0
65  3707.07   4.95439     79.8945   3602    	Dead: 0
66  3705.57   4.95239     79.8622   3602    	Dead: 0
67  3703.93   4.90729     79.135    3602    	Dead: 0
68  3698.55   4.82817     77.859    3599    	Dead: 0
69  3700.24   4.933       79.5496   3588    	Dead: 0
70  3694.78   4.86529     78.4577   3588    	Dead: 0
71  3697.25   4.91652     79.2839   3588    	Dead: 0
72  3695.94   4.98676     80.4165   3588    	Dead: 0
73  3696.52   5.08695     82.0322   3588    	Dead: 0
74  3689.91   4.95106     79.8407   3582    	Dead: 0
75  3691.79   5.14398     82.9519   3582    	Dead: 0
76  3687.71   5.12677     82.6743   3582    	Dead: 0
77  3687.78   5.1622      83.2457   3582    	Dead: 0
78  3682.7    5.10092     82.2575   3582    	Dead: 0
79  3681.2    5.08657     82.0261   3573    	Dead: 0
80  3682.95   5.28489     85.2242   3573    	Dead: 0
81  3681.42   5.23811     84.4698   3565    	Dead: 0
82  3676.02   5.14789     83.0148   3565    	Dead: 0
83  3680.12   5.26977     84.9804   3565    	Dead: 0
84  3678.67   5.34996     86.2734   3535    	Dead: 0
85  3676.82   5.49019     88.5348   3535    	Dead: 0
86  3674.52   5.49661     88.6383   3535    	Dead: 0
87  3670.12   5.40688     87.1913   3535    	Dead: 0
88  3669.48   5.50643     88.7968   3535    	Dead: 0
89  3669.86   5.51425     88.9228   3535    	Dead: 0
90  3669.64   5.52608     89.1136   3535    	Dead: 0
91  3665.52   5.62559     90.7183   3535    	Dead: 0
92  3660.77   5.52354     89.0725   3535    	Dead: 0
93  3657.93   5.50882     88.8352   3535    	Dead: 0
94  3659.17   5.56209     89.6942   3535    	Dead: 0
95  3660.45   5.7918      93.3986   3535    	Dead: 0
96  3657.6    5.69096     91.7724   3535    	Dead: 0
97  3657.44   5.85028     94.3417   3535    	Dead: 0
98  3652.34   5.69508     91.8389   3535    	Dead: 0
99  3654.4    5.78362     93.2667   3535    	Dead: 0
100 3651.34   5.80457     93.6045   3525    	Dead: 0
