0   4845.43   4.14854     66.8993   4624    	Dead: 0
1   4691.77   3.3394      53.8512   4509    	Dead: 0
2   4565.55   2.90666     46.8728   4427    	Dead: 0
3   4469.2    2.79748     45.1122   4284    	Dead: 0
4   4392.16   2.71317     43.7525   4221    	Dead: 0
5   4328.21   2.5075      40.4359   4212    	Dead: 0
6   4273.34   2.44801     39.4766   4139    	Dead: 0
7   4232.95   2.3062      37.1898   4139    	Dead: 0
8   4202.02   2.25613     36.3823   4069    	Dead: 0
9   4158.22   2.44081     39.3605   4032    	Dead: 0
10  4115.42   2.30525     37.1745   3995    	Dead: 0
11  4084.03   2.26351     36.5014   3982    	Dead: 0
12  4059.63   2.24141     36.145    3945    	Dead: 0
13  4038.74   2.32195     37.4438   3944    	Dead: 0
14  4018.49   2.28749     36.888    3919    	Dead: 0
15  3999.86   2.20022     35.4808   3911    	Dead: 0
16  3984.67   2.29765     37.0519   3882    	Dead: 0
17  3967.08   2.18353     35.2115   3882    	Dead: 0
18  3953.91   2.12587     34.2818   3868    	Dead: 0
19  3940.19   2.25622     36.3839   3855    	Dead: 0
20  3926.36   2.21181     35.6676   3827    	Dead: 0
21  3912.38   2.3061      37.1882   3815    	Dead: 0
22  3900.84   2.28345     36.8229   3812    	Dead: 0
23  3887.86   2.30051     37.0981   3792    	Dead: 0
24  3875.87   2.37339     38.2733   3779    	Dead: 0
25  3862.2    2.35817     38.0279   3776    	Dead: 0
26  3849.37   2.14127     34.5302   3768    	Dead: 0
27  3842.73   2.27371     36.6658   3768    	Dead: 0
28  3833.63   2.20572     35.5695   3761    	Dead: 0
29  3827.11   2.2941      36.9947   3749    	Dead: 0
30  3818.95   2.15834     34.8054   3749    	Dead: 0
31  3815.18   2.28581     36.861    3749    	Dead: 0
32  3809.42   2.24046     36.1297   3721    	Dead: 0
33  3805.84   2.31773     37.3757   3721    	Dead: 0
34  3802.29   2.32554     37.5017   3721    	Dead: 0
35  3798.48   2.26114     36.4631   3721    	Dead: 0
36  3795.03   2.34694     37.8467   3721    	Dead: 0
37  3791.99   2.33735     37.6922   3716    	Dead: 0
38  3787.24   2.37982     38.377    3708    	Dead: 0
39  3785.39   2.42671     39.1332   3708    	Dead: 0
40  3782.01   2.46917     39.8178   3708    	Dead: 0
41  3776.43   2.45096     39.5243   3684    	Dead: 0
42  3770.51   2.43486     39.2645   3676    	Dead: 0
43  3767.34   2.51913     40.6234   3676    	Dead: 0
44  3761.72   2.5508      41.1342   3676    	Dead: 0
45  3756.55   2.58304     41.6541   3663    	Dead: 0
46  3749.3    2.60625     42.0285   3663    	Dead: 0
47  3744.48   2.71893     43.8455   3663    	Dead: 0
48  3735.03   2.59021     41.7698   3661    	Dead: 0
49  3726.88   2.58481     41.6827   3615    	Dead: 0
50  3719.24   2.71209     43.7351   3615    	Dead: 0
51  3709.49   2.66139     42.9176   3615    	Dead: 0
52  3699.03   2.5317      40.8262   3615    	Dead: 0
53  3690.81   2.5416      40.9858   3608    	Dead: 0
54  3688.76   2.8859      46.5381   3601    	Dead: 0
55  3681.63   2.81482     45.3919   3587    	Dead: 0
56  3674.17   2.74786     44.312    3584    	Dead: 0
57  3670.28   2.82144     45.4986   3584    	Dead: 0
58  3665.16   2.87686     46.3922   3570    	Dead: 0
59  3660.31   2.85202     45.9917   3570    	Dead: 0
60  3659.21   3.01606     48.6371   3570    	Dead: 0
61  3655.42   2.97592     47.9896   3570    	Dead: 0
62  3652.14   2.98612     48.1541   3570    	Dead: 0
63  3648.81   2.85688     46.07     3568    	Dead: 0
64  3647.26   3.01075     48.5513   3568    	Dead: 0
65  3642.02   2.89553     46.6933   3556    	Dead: 0
66  3640.4    2.87493     46.3611   3542    	Dead: 0
67  3638.32   3.06021     49.3489   3542    	Dead: 0
68  3638.84   3.22844     52.0618   3542    	Dead: 0
69  3631.88   2.95989     47.7312   3542    	Dead: 0
70  3632.75   3.25355     52.4668   3540    	Dead: 0
71  3627.64   3.01395     48.6029   3540    	Dead: 0
72  3627.32   3.21569     51.8561   3540    	Dead: 0
73  3623.97   3.16007     50.9593   3540    	Dead: 0
74  3618.89   3.07069     49.518    3538    	Dead: 0
75  3619.15   3.31107     53.3943   3524    	Dead: 0
76  3611.55   3.02242     48.7395   3524    	Dead: 0
77  3609.25   3.0649      49.4245   3524    	Dead: 0
78  3604.72   2.98216     48.0904   3521    	Dead: 0
79  3601.76   2.96506     47.8145   3505    	Dead: 0
80  3600.18   2.98953     48.2092   3505    	Dead: 0
81  3597.46   3.02998     48.8615   3505    	Dead: 0
82  3593.72   3.015       48.62     3505    	Dead: 0
83  3593.45   3.16774     51.083    3505    	Dead: 0
84  3590.07   3.08755     49.7898   3505    	Dead: 0
85  3589.37   3.1709      51.134    3505    	Dead: 0
86  3587.63   3.22883     52.0681   3505    	Dead: 0
87  3585.58   3.09807     49.9595   3505    	Dead: 0
88  3584.02   3.25202     52.4421   3505    	Dead: 0
89  3583.86   3.28407     52.9589   3498    	Dead: 0
90  3581.85   3.23727     52.2042   3498    	Dead: 0
91  3581.41   3.31187     53.4073   3498    	Dead: 0
92  3581.33   3.28256     52.9345   3498    	Dead: 0
93  3578.01   3.29066     53.0652   3497    	Dead: 0
94  3577.18   3.34913     54.0081   3497    	Dead: 0
95  3575.38   3.34113     53.879    3490    	Dead: 0
96  3575.44   3.32326     53.5909   3490    	Dead: 0
97  3574.77   3.54412     57.1524   3490    	Dead: 0
98  3571.4    3.34449     53.9332   3485    	Dead: 0
99  3569.42   3.43873     55.4529   3485    	Dead: 0
100 3567.69   3.24169     52.2754   3485    	Dead: 0
