0   4845.38   3.9346      63.4494   4655    	Dead: 0
1   4691.73   3.36661     54.29     4526    	Dead: 0
2   4586.89   2.79964     45.1471   4443    	Dead: 0
3   4504.61   2.72632     43.9646   4356    	Dead: 0
4   4417.55   2.67729     43.174    4286    	Dead: 0
5   4339.65   2.51626     40.5771   4229    	Dead: 0
6   4274.75   2.37973     38.3755   4124    	Dead: 0
7   4221.26   2.19389     35.3787   4124    	Dead: 0
8   4182.06   2.23528     36.0461   4050    	Dead: 0
9   4142.71   2.20156     35.5023   4022    	Dead: 0
10  4109.92   2.26281     36.4901   4001    	Dead: 0
11  4071.56   2.25617     36.3829   3947    	Dead: 0
12  4039.57   2.18829     35.2883   3932    	Dead: 0
13  4013.87   2.01976     32.5706   3925    	Dead: 0
14  3992.99   1.99194     32.1221   3882    	Dead: 0
15  3973.12   2.09451     33.7761   3881    	Dead: 0
16  3954.44   2.03205     32.7689   3846    	Dead: 0
17  3934.11   2.1114      34.0484   3836    	Dead: 0
18  3915.2    2.10423     33.9328   3809    	Dead: 0
19  3895.33   2.04018     32.8999   3809    	Dead: 0
20  3882.29   2.07848     33.5175   3792    	Dead: 0
21  3867.03   2.08124     33.5621   3774    	Dead: 0
22  3846.76   2.05793     33.1861   3765    	Dead: 0
23  3824.57   1.96391     31.67     3738    	Dead: 0
24  3805.78   1.96876     31.7483   3715    	Dead: 0
25  3791.67   2.03745     32.8559   3703    	Dead: 0
26  3777.87   1.94029     31.2891   3693    	Dead: 0
27  3770.67   2.05434     33.1283   3691    	Dead: 0
28  3762.99   2.08196     33.5738   3691    	Dead: 0
29  3755.32   2.09448     33.7756   3691    	Dead: 0
30  3750.22   2.12548     34.2755   3656    	Dead: 0
31  3744.23   2.08645     33.6461   3656    	Dead: 0
32  3739.16   2.10234     33.9023   3656    	Dead: 0
33  3735.75   2.07489     33.4596   3656    	Dead: 0
34  3732.11   2.08971     33.6987   3656    	Dead: 0
35  3729.8    2.10864     34.004    3656    	Dead: 0
36  3727      2.06821     33.352    3655    	Dead: 0
37  3724.04   2.17497     35.0735   3634    	Dead: 0
38  3719.96   2.15496     34.7509   3634    	Dead: 0
39  3719.45   2.29177     36.9571   3634    	Dead: 0
40  3714.76   2.22069     35.8108   3621    	Dead: 0
41  3712.24   2.31777     37.3764   3621    	Dead: 0
42  3709.99   2.36317     38.1084   3621    	Dead: 0
43  3706.88   2.34434     37.8049   3621    	Dead: 0
44  3703.82   2.27553     36.6952   3605    	Dead: 0
45  3701.46   2.29616     37.0279   3605    	Dead: 0
46  3698.6    2.32741     37.5319   3600    	Dead: 0
47  3696.58   2.33201     37.6061   3600    	Dead: 0
48  3694.28   2.31479     37.3283   3600    	Dead: 0
49  3693.1    2.32419     37.4799   3600    	Dead: 0
50  3690.78   2.31253     37.2918   3600    	Dead: 0
51  3686.99   2.31571     37.3431   3598    	Dead: 0
52  3684.46   2.26533     36.5308   3598    	Dead: 0
53  3684.14   2.35207     37.9295   3598    	Dead: 0
54  3681.17   2.29405     36.9938   3598    	Dead: 0
55  3676.47   2.27548     36.6944   3598    	Dead: 0
56  3673.99   2.29033     36.9339   3598    	Dead: 0
57  3673.03   2.43847     39.3227   3598    	Dead: 0
58  3669.13   2.3252      37.4962   3596    	Dead: 0
59  3667.3    2.37558     38.3086   3596    	Dead: 0
60  3664      2.38086     38.3937   3589    	Dead: 0
61  3662.73   2.32508     37.4943   3589    	Dead: 0
62  3660.77   2.30023     37.0935   3589    	Dead: 0
63  3658.21   2.30664     37.1968   3576    	Dead: 0
64  3656.36   2.33085     37.5873   3576    	Dead: 0
65  3652.14   2.26782     36.5709   3572    	Dead: 0
66  3650.17   2.30094     37.105    3572    	Dead: 0
67  3648.18   2.27301     36.6546   3564    	Dead: 0
68  3646.45   2.34429     37.8041   3545    	Dead: 0
69  3646.35   2.43499     39.2667   3545    	Dead: 0
70  3643.71   2.44599     39.4441   3545    	Dead: 0
71  3640.28   2.3965      38.6459   3545    	Dead: 0
72  3638.35   2.4207      39.0362   3545    	Dead: 0
73  3636.64   2.43479     39.2634   3545    	Dead: 0
74  3633.7    2.47729     39.9487   3545    	Dead: 0
75  3630.28   2.41305     38.9128   3545    	Dead: 0
76  3627.92   2.49135     40.1755   3545    	Dead: 0
77  3626.57   2.54839     41.0953   3542    	Dead: 0
78  3624.05   2.52635     40.7399   3536    	Dead: 0
79  3621.25   2.52617     40.7371   3536    	Dead: 0
80  3617.7    2.51967     40.6322   3536    	Dead: 0
81  3616.32   2.57427     41.5126   3525    	Dead: 0
82  3611.17   2.48451     40.0652   3506    	Dead: 0
83  3608.63   2.53167     40.8257   3506    	Dead: 0
84  3605.76   2.58827     41.7384   3506    	Dead: 0
85  3604.93   2.65926     42.8833   3506    	Dead: 0
86  3600.13   2.66427     42.964    3506    	Dead: 0
87  3599.06   2.73772     44.1484   3506    	Dead: 0
88  3594.72   2.62534     42.3363   3506    	Dead: 0
89  3594.3    2.79963     45.1469   3506    	Dead: 0
90  3590.24   2.74027     44.1896   3506    	Dead: 0
91  3589.55   2.90701     46.8785   3506    	Dead: 0
92  3583.47   2.80645     45.2567   3506    	Dead: 0
93  3581.92   2.88364     46.5015   3498    	Dead: 0
94  3581.68   2.90808     46.8957   3498    	Dead: 0
95  3578.33   2.92        47.0879   3498    	Dead: 0
96  3576.74   2.93271     47.2928   3492    	Dead: 0
97  3575.67   3.00632     48.4799   3483    	Dead: 0
98  3576.39   3.06863     49.4847   3483    	Dead: 0
99  3574.73   3.06813     49.4767   3483    	Dead: 0
100 3572.49   3.09965     49.9849   3483    	Dead: 0
