0   4863.19   4.00582     64.5979   4658    	Dead: 0
1   4582.45   3.0647      49.4213   4422    	Dead: 0
2   4397.4    2.55308     41.171    4285    	Dead: 0
3   4283.63   2.40028     38.707    4167    	Dead: 0
4   4196.59   2.27955     36.7601   4058    	Dead: 0
5   4130.95   2.24678     36.2315   4027    	Dead: 0
6   4062.09   2.19378     35.3769   3937    	Dead: 0
7   4011.06   2.12295     34.2347   3922    	Dead: 0
8   3983.58   2.35522     37.9802   3876    	Dead: 0
9   3956.15   2.25482     36.3613   3865    	Dead: 0
10  3925.02   2.13868     34.4883   3840    	Dead: 0
11  3898.75   2.04735     33.0156   3814    	Dead: 0
12  3878.59   2.16024     34.836    3796    	Dead: 0
13  3862.18   2.26498     36.5251   3779    	Dead: 0
14  3843.58   2.24414     36.189    3760    	Dead: 0
15  3823.24   2.15345     34.7266   3723    	Dead: 0
16  3810.15   2.32158     37.4379   3723    	Dead: 0
17  3801.94   2.36846     38.1937   3715    	Dead: 0
18  3794.18   2.38316     38.4309   3715    	Dead: 0
19  3789.26   2.44393     39.4108   3715    	Dead: 0
20  3784.18   2.47689     39.9423   3702    	Dead: 0
21  3777.76   2.56007     41.2837   3694    	Dead: 0
22  3769.64   2.44683     39.4575   3694    	Dead: 0
23  3761.56   2.56439     41.3534   3684    	Dead: 0
24  3751.93   2.38146     38.4034   3684    	Dead: 0
25  3742.53   2.32852     37.5497   3667    	Dead: 0
26  3739.57   2.39762     38.6641   3667    	Dead: 0
27  3732.89   2.41869     39.0039   3659    	Dead: 0
28  3724.82   2.30479     37.1671   3659    	Dead: 0
29  3717.3    2.23629     36.0625   3636    	Dead: 0
30  3710.95   2.29652     37.0337   3636    	Dead: 0
31  3702.35   2.39281     38.5865   3623    	Dead: 0
32  3693.59   2.32582     37.5062   3601    	Dead: 0
33  3686.22   2.33844     37.7097   3601    	Dead: 0
34  3678.77   2.2959      37.0238   3601    	Dead: 0
35  3675.92   2.51871     40.6167   3601    	Dead: 0
36  3670.57   2.48713     40.1075   3597    	Dead: 0
37  3665.28   2.53488     40.8774   3597    	Dead: 0
38  3661.48   2.53282     40.8443   3573    	Dead: 0
39  3657.47   2.61428     42.1579   3573    	Dead: 0
40  3654.52   2.67444     43.1281   3573    	Dead: 0
41  3649.65   2.83537     45.7232   3569    	Dead: 0
42  3644.2    2.71083     43.7148   3567    	Dead: 0
43  3640.77   2.80386     45.2151   3565    	Dead: 0
44  3636.75   2.73462     44.0985   3565    	Dead: 0
45  3634.63   2.85398     46.0233   3560    	Dead: 0
46  3633.65   3.014       48.6037   3560    	Dead: 0
47  3630.28   2.98548     48.1438   3560    	Dead: 0
48  3625.38   2.98239     48.094    3540    	Dead: 0
49  3623.62   2.98699     48.1682   3540    	Dead: 0
50  3623.35   3.0758      49.6004   3537    	Dead: 0
51  3622.96   3.12693     50.4248   3536    	Dead: 0
52  3619.3    3.11067     50.1627   3534    	Dead: 0
53  3613.47   3.00331     48.4313   3534    	Dead: 0
54  3615.01   3.13754     50.596    3534    	Dead: 0
55  3614.97   3.23965     52.2425   3534    	Dead: 0
56  3610.39   3.22051     51.9339   3509    	Dead: 0
57  3608.82   3.12747     50.4336   3509    	Dead: 0
58  3606.53   3.16244     50.9974   3509    	Dead: 0
59  3601.81   3.09607     49.9272   3508    	Dead: 0
60  3600.53   3.12081     50.3262   3508    	Dead: 0
61  3597.5    3.10768     50.1145   3507    	Dead: 0
62  3594.14   3.12858     50.4515   3507    	Dead: 0
63  3593.5    3.20808     51.7335   3507    	Dead: 0
64  3590.96   3.14103     50.6522   3499    	Dead: 0
65  3588.56   3.10396     50.0545   3499    	Dead: 0
66  3587.61   3.13541     50.5616   3499    	Dead: 0
67  3584.96   3.21369     51.824    3499    	Dead: 0
68  3584.97   3.2439      52.3111   3499    	Dead: 0
69  3582.15   3.28407     52.9589   3498    	Dead: 0
70  3577.08   3.10708     50.1048   3498    	Dead: 0
71  3570.82   2.89482     46.6818   3498    	Dead: 0
72  3570.69   3.12305     50.3623   3492    	Dead: 0
73  3567.47   3.15331     50.8503   3484    	Dead: 0
74  3563.11   3.184       51.3452   3483    	Dead: 0
75  3559.32   3.0874      49.7875   3477    	Dead: 0
76  3556.8    3.29961     53.2096   3466    	Dead: 0
77  3551.86   3.10044     49.9977   3458    	Dead: 0
78  3550.48   3.1675      51.0791   3458    	Dead: 0
79  3548.72   3.25385     52.4715   3458    	Dead: 0
80  3545.03   3.2997      53.211    3458    	Dead: 0
81  3546.6    3.28513     52.976    3458    	Dead: 0
82  3543.7    3.32114     53.5566   3458    	Dead: 0
83  3542.08   3.27523     52.8164   3457    	Dead: 0
84  3540.27   3.31158     53.4025   3446    	Dead: 0
85  3539.09   3.2896      53.0482   3445    	Dead: 0
86  3538.36   3.43063     55.3223   3445    	Dead: 0
87  3536.4    3.41868     55.1297   3445    	Dead: 0
88  3534.45   3.47666     56.0647   3445    	Dead: 0
89  3533.95   3.43996     55.4728   3445    	Dead: 0
90  3533.36   3.56683     57.5187   3445    	Dead: 0
91  3533.51   3.57907     57.7161   3445    	Dead: 0
92  3532.4    3.69125     59.5251   3445    	Dead: 0
93  3533.28   3.62416     58.4432   3445    	Dead: 0
94  3528.64   3.49923     56.4286   3442    	Dead: 0
95  3528.13   3.63001     58.5375   3442    	Dead: 0
96  3530.15   3.73921     60.2985   3442    	Dead: 0
97  3526.66   3.6433      58.7519   3442    	Dead: 0
98  3528.56   3.6871      59.4582   3431    	Dead: 0
99  3529.71   3.86016     62.249    3431    	Dead: 0
100 3525.41   3.68718     59.4595   3431    	Dead: 0
