0   4842.77   3.82439     61.6722   4613    	Dead: 0
1   4689.66   3.48281     56.1638   4443    	Dead: 0
2   4549.16   3.26239     52.6094   4370    	Dead: 0
3   4439.89   2.86319     46.1718   4284    	Dead: 0
4   4364.63   2.55145     41.1446   4245    	Dead: 0
5   4307.69   2.30881     37.2319   4198    	Dead: 0
6   4262.94   2.31431     37.3206   4163    	Dead: 0
7   4225.73   2.30347     37.1458   4119    	Dead: 0
8   4192.22   2.21773     35.7631   4088    	Dead: 0
9   4162.89   2.19591     35.4113   4069    	Dead: 0
10  4141.98   2.29715     37.0438   4032    	Dead: 0
11  4116.01   2.26008     36.4461   4010    	Dead: 0
12  4091.59   2.18888     35.2978   3998    	Dead: 0
13  4069.55   2.28014     36.7696   3953    	Dead: 0
14  4041.41   2.21663     35.7453   3930    	Dead: 0
15  4021.64   2.21887     35.7814   3908    	Dead: 0
16  4000.56   2.44772     39.472    3892    	Dead: 0
17  3973.66   2.33015     37.576    3862    	Dead: 0
18  3952.91   2.28742     36.8869   3862    	Dead: 0
19  3937.94   2.28781     36.8932   3835    	Dead: 0
20  3924.86   2.24368     36.1816   3831    	Dead: 0
21  3916.51   2.34235     37.7728   3810    	Dead: 0
22  3904.79   2.30518     37.1733   3810    	Dead: 0
23  3895.64   2.43371     39.246    3799    	Dead: 0
24  3885.81   2.33689     37.6847   3792    	Dead: 0
25  3876.89   2.42144     39.0482   3784    	Dead: 0
26  3865.48   2.39553     38.6303   3773    	Dead: 0
27  3856.99   2.42646     39.1291   3773    	Dead: 0
28  3848.48   2.4176      38.9863   3752    	Dead: 0
29  3840.29   2.41488     38.9424   3751    	Dead: 0
30  3834.53   2.45364     39.5674   3734    	Dead: 0
31  3826.98   2.39368     38.6004   3734    	Dead: 0
32  3821.61   2.39823     38.6738   3734    	Dead: 0
33  3815.05   2.44131     39.3686   3718    	Dead: 0
34  3809.36   2.51799     40.6052   3701    	Dead: 0
35  3802.71   2.45515     39.5918   3693    	Dead: 0
36  3798.82   2.61018     42.0917   3693    	Dead: 0
37  3794.04   2.69615     43.4782   3690    	Dead: 0
38  3789.91   2.61078     42.1014   3690    	Dead: 0
39  3783.6    2.62544     42.3379   3690    	Dead: 0
40  3779.74   2.65853     42.8715   3690    	Dead: 0
41  3778.32   2.75413     44.4132   3690    	Dead: 0
42  3771.56   2.64066     42.5833   3679    	Dead: 0
43  3766.87   2.74349     44.2415   3675    	Dead: 0
44  3762.97   2.78904     44.9761   3670    	Dead: 0
45  3756.89   2.74709     44.2996   3652    	Dead: 0
46  3750.82   2.77106     44.686    3652    	Dead: 0
47  3745.11   2.70909     43.6868   3647    	Dead: 0
48  3744.33   2.97177     47.9227   3647    	Dead: 0
49  3736.28   2.82295     45.5229   3628    	Dead: 0
50  3729.68   2.87467     46.357    3628    	Dead: 0
51  3723.9    2.87351     46.3383   3628    	Dead: 0
52  3713.19   2.75661     44.4531   3614    	Dead: 0
53  3706.32   2.90343     46.8208   3614    	Dead: 0
54  3698.42   2.70963     43.6955   3614    	Dead: 0
55  3690.36   2.73073     44.0358   3588    	Dead: 0
56  3684.71   2.71836     43.8362   3588    	Dead: 0
57  3679.81   2.72188     43.8931   3588    	Dead: 0
58  3676.7    2.90088     46.7796   3588    	Dead: 0
59  3675.53   2.9859      48.1507   3588    	Dead: 0
60  3669.33   2.92304     47.1369   3582    	Dead: 0
61  3668.11   3.00517     48.4613   3582    	Dead: 0
62  3662.14   2.91019     46.9298   3576    	Dead: 0
63  3660.02   2.99973     48.3737   3576    	Dead: 0
64  3659.35   3.13833     50.6087   3576    	Dead: 0
65  3655.68   3.03687     48.9725   3576    	Dead: 0
66  3656.25   3.18111     51.2986   3574    	Dead: 0
67  3656.72   3.34958     54.0153   3564    	Dead: 0
68  3650.77   3.21007     51.7656   3564    	Dead: 0
69  3649.87   3.36741     54.3028   3564    	Dead: 0
70  3646.3    3.20206     51.6365   3560    	Dead: 0
71  3646.64   3.32474     53.6148   3560    	Dead: 0
72  3641.64   3.1713      51.1404   3560    	Dead: 0
73  3644.35   3.44103     55.49     3554    	Dead: 0
74  3642.38   3.44113     55.4917   3554    	Dead: 0
75  3639.91   3.41949     55.1428   3554    	Dead: 0
76  3639.02   3.33016     53.7021   3536    	Dead: 0
77  3637.93   3.36448     54.2557   3536    	Dead: 0
78  3638.66   3.45461     55.7091   3536    	Dead: 0
79  3634.79   3.47898     56.1021   3536    	Dead: 0
80  3633.05   3.52514     56.8464   3536    	Dead: 0
81  3629.94   3.46659     55.9022   3536    	Dead: 0
82  3630.99   3.5731      57.6197   3536    	Dead: 0
83  3627.99   3.53725     57.0418   3536    	Dead: 0
84  3627.22   3.44478     55.5506   3536    	Dead: 0
85  3623.7    3.39855     54.805    3536    	Dead: 0
86  3625.14   3.5008      56.4539   3536    	Dead: 0
87  3620.58   3.33239     53.7382   3536    	Dead: 0
88  3622.89   3.50172     56.4687   3527    	Dead: 0
89  3618.04   3.42867     55.2908   3527    	Dead: 0
90  3620.01   3.59746     58.0126   3527    	Dead: 0
91  3621.18   3.59249     57.9325   3527    	Dead: 0
92  3617.66   3.5711      57.5875   3527    	Dead: 0
93  3617.33   3.60552     58.1427   3527    	Dead: 0
94  3614.95   3.51244     56.6416   3527    	Dead: 0
95  3613.18   3.45603     55.7319   3527    	Dead: 0
96  3613.99   3.53675     57.0336   3527    	Dead: 0
97  3611.97   3.53457     56.9984   3520    	Dead: 0
98  3610.35   3.53328     56.9777   3520    	Dead: 0
99  3611.41   3.63399     58.6017   3520    	Dead: 0
100 3610.03   3.53266     56.9676   3520    	Dead: 0
