0   4846.29   3.86625     62.3471   4664    	Dead: 0
1   4697.58   3.11811     50.2826   4538    	Dead: 0
2   4596.95   2.96292     47.78     4439    	Dead: 0
3   4493.45   3.02866     48.8401   4283    	Dead: 0
4   4385.26   3.10026     49.9947   4251    	Dead: 0
5   4291.35   2.61371     42.1487   4152    	Dead: 0
6   4210.05   2.39868     38.6812   4079    	Dead: 0
7   4154.59   2.16701     34.9452   4055    	Dead: 0
8   4114.58   1.97044     31.7752   4023    	Dead: 0
9   4085.28   2.07975     33.538    3993    	Dead: 0
10  4053.93   2.06012     33.2215   3949    	Dead: 0
11  4017.53   1.97655     31.8738   3912    	Dead: 0
12  3989.81   2.00994     32.4123   3878    	Dead: 0
13  3963.22   2.02157     32.5999   3866    	Dead: 0
14  3941.01   2.00073     32.2638   3858    	Dead: 0
15  3926.57   2.0234      32.6294   3826    	Dead: 0
16  3917.09   2.0753      33.4663   3826    	Dead: 0
17  3907.83   2.17123     35.0132   3826    	Dead: 0
18  3895.54   2.09642     33.8068   3816    	Dead: 0
19  3885.2    2.07896     33.5253   3791    	Dead: 0
20  3873.41   2.01269     32.4566   3791    	Dead: 0
21  3861.54   1.9888      32.0713   3759    	Dead: 0
22  3850.79   2.02997     32.7353   3759    	Dead: 0
23  3841      2.07943     33.5329   3756    	Dead: 0
24  3831.17   2.06602     33.3167   3747    	Dead: 0
25  3822.74   2.09089     33.7176   3740    	Dead: 0
26  3816.51   2.09042     33.7101   3740    	Dead: 0
27  3811.81   2.17484     35.0714   3740    	Dead: 0
28  3804.12   2.05675     33.1671   3737    	Dead: 0
29  3798.92   2.13236     34.3864   3717    	Dead: 0
30  3792.69   2.07899     33.5259   3717    	Dead: 0
31  3786.12   2.01291     32.4602   3717    	Dead: 0
32  3782.69   2.05643     33.162    3699    	Dead: 0
33  3779.61   2.19134     35.3375   3699    	Dead: 0
34  3774.81   2.19421     35.3839   3698    	Dead: 0
35  3768.47   2.15051     34.6791   3698    	Dead: 0
36  3763.92   2.14978     34.6673   3686    	Dead: 0
37  3759.68   2.17788     35.1206   3686    	Dead: 0
38  3754.68   2.15129     34.6917   3680    	Dead: 0
39  3751.03   2.17971     35.1499   3663    	Dead: 0
40  3746.18   2.22462     35.8741   3663    	Dead: 0
41  3741.89   2.2119      35.6692   3663    	Dead: 0
42  3739.54   2.21261     35.6806   3663    	Dead: 0
43  3735.57   2.23448     36.0332   3663    	Dead: 0
44  3733.79   2.27084     36.6196   3649    	Dead: 0
45  3730.06   2.28737     36.8862   3649    	Dead: 0
46  3724.59   2.30962     37.245    3649    	Dead: 0
47  3719.41   2.29995     37.089    3624    	Dead: 0
48  3715.14   2.27805     36.7359   3620    	Dead: 0
49  3711.14   2.3275      37.5333   3620    	Dead: 0
50  3708.18   2.38676     38.4889   3620    	Dead: 0
51  3704.19   2.38099     38.3959   3620    	Dead: 0
52  3701.17   2.43898     39.3311   3616    	Dead: 0
53  3699.24   2.41653     38.9689   3616    	Dead: 0
54  3695.19   2.36566     38.1486   3616    	Dead: 0
55  3692.47   2.52906     40.7836   3616    	Dead: 0
56  3688.79   2.48091     40.0071   3616    	Dead: 0
57  3686.76   2.55605     41.2188   3614    	Dead: 0
58  3680.22   2.4319      39.2169   3607    	Dead: 0
59  3677.07   2.3991      38.6878   3597    	Dead: 0
60  3677.87   2.60213     41.962    3597    	Dead: 0
61  3674.7    2.6409      42.5871   3585    	Dead: 0
62  3673.21   2.68785     43.3443   3585    	Dead: 0
63  3671.01   2.61919     42.2371   3584    	Dead: 0
64  3668.1    2.6501      42.7355   3577    	Dead: 0
65  3665.69   2.5915      41.7905   3577    	Dead: 0
66  3663.04   2.67305     43.1055   3577    	Dead: 0
67  3661.99   2.82664     45.5824   3573    	Dead: 0
68  3659.25   2.78941     44.982    3573    	Dead: 0
69  3656.31   2.77584     44.7632   3573    	Dead: 0
70  3652.07   2.78254     44.8713   3572    	Dead: 0
71  3651.51   2.89222     46.64     3564    	Dead: 0
72  3646.53   2.70883     43.6827   3564    	Dead: 0
73  3644.93   2.87727     46.3989   3564    	Dead: 0
74  3644.31   2.98725     48.1724   3560    	Dead: 0
75  3640.94   2.97358     47.952    3560    	Dead: 0
76  3639.59   2.98888     48.1987   3560    	Dead: 0
77  3640.06   3.08674     49.7768   3560    	Dead: 0
78  3634.78   2.93683     47.3594   3560    	Dead: 0
79  3636.86   3.11163     50.1781   3560    	Dead: 0
80  3634.42   3.12471     50.3891   3560    	Dead: 0
81  3633.99   3.14366     50.6946   3559    	Dead: 0
82  3631.67   3.15091     50.8115   3554    	Dead: 0
83  3630.98   3.08096     49.6835   3554    	Dead: 0
84  3629.42   3.15816     50.9286   3551    	Dead: 0
85  3626.98   3.08388     49.7306   3548    	Dead: 0
86  3628.93   3.22928     52.0753   3548    	Dead: 0
87  3625.82   3.1258      50.4066   3544    	Dead: 0
88  3628.6    3.36201     54.2158   3544    	Dead: 0
89  3624.17   3.22668     52.0334   3540    	Dead: 0
90  3623.93   3.26321     52.6225   3540    	Dead: 0
91  3622.85   3.16317     51.0092   3535    	Dead: 0
92  3624.29   3.3015      53.24     3535    	Dead: 0
93  3622.32   3.18252     51.3213   3535    	Dead: 0
94  3621.49   3.24123     52.2681   3535    	Dead: 0
95  3621.38   3.26214     52.6053   3535    	Dead: 0
96  3619.11   3.20664     51.7103   3535    	Dead: 0
97  3619.98   3.25409     52.4755   3535    	Dead: 0
98  3618.29   3.20601     51.7002   3535    	Dead: 0
99  3618.56   3.21783     51.8907   3535    	Dead: 0
100 3616.96   3.27916     52.8798   3535    	Dead: 0
