0   4843.33   4.01055     64.6742   4643    	Dead: 0
1   4701.32   3.10563     50.0813   4536    	Dead: 0
2   4591.52   3.00131     48.3991   4424    	Dead: 0
3   4489.6    2.77379     44.7302   4351    	Dead: 0
4   4405.61   2.54315     41.0108   4279    	Dead: 0
5   4355.37   2.23548     36.0493   4264    	Dead: 0
6   4311.69   2.24531     36.2078   4194    	Dead: 0
7   4269.77   2.2389      36.1046   4150    	Dead: 0
8   4229.02   2.28587     36.8619   4120    	Dead: 0
9   4190.5    2.14174     34.5376   4083    	Dead: 0
10  4154.77   2.19358     35.3736   4048    	Dead: 0
11  4124.7    2.19841     35.4516   4022    	Dead: 0
12  4099.41   2.07503     33.4619   3995    	Dead: 0
13  4080.89   2.29124     36.9485   3973    	Dead: 0
14  4061.3    2.32215     37.447    3947    	Dead: 0
15  4042.77   2.23887     36.1041   3947    	Dead: 0
16  4029.03   2.28554     36.8566   3939    	Dead: 0
17  4015.03   2.3317      37.601    3926    	Dead: 0
18  4003.58   2.32496     37.4923   3918    	Dead: 0
19  3994.41   2.4011      38.7202   3907    	Dead: 0
20  3985.19   2.46026     39.6742   3901    	Dead: 0
21  3975.47   2.42405     39.0902   3888    	Dead: 0
22  3967.48   2.51481     40.5538   3879    	Dead: 0
23  3957.71   2.45723     39.6253   3868    	Dead: 0
24  3949.07   2.52338     40.6921   3856    	Dead: 0
25  3940.28   2.54048     40.9677   3856    	Dead: 0
26  3929.84   2.56593     41.3783   3831    	Dead: 0
27  3920.61   2.50883     40.4574   3814    	Dead: 0
28  3908.93   2.4353      39.2717   3814    	Dead: 0
29  3901.05   2.36621     38.1575   3814    	Dead: 0
30  3894.39   2.36763     38.1803   3799    	Dead: 0
31  3889.82   2.4306      39.1958   3799    	Dead: 0
32  3885.17   2.49799     40.2827   3799    	Dead: 0
33  3878.62   2.44522     39.4316   3797    	Dead: 0
34  3874.11   2.38627     38.481    3797    	Dead: 0
35  3868.84   2.47521     39.9153   3787    	Dead: 0
36  3864.45   2.47686     39.9418   3780    	Dead: 0
37  3855.55   2.40716     38.8178   3776    	Dead: 0
38  3848.12   2.25844     36.4196   3773    	Dead: 0
39  3842.57   2.39815     38.6725   3761    	Dead: 0
40  3834.95   2.3291      37.5591   3761    	Dead: 0
41  3829.63   2.34642     37.8384   3753    	Dead: 0
42  3824.16   2.27514     36.6888   3748    	Dead: 0
43  3818.82   2.32099     37.4283   3744    	Dead: 0
44  3812.21   2.29054     36.9372   3735    	Dead: 0
45  3809.09   2.4181      38.9943   3729    	Dead: 0
46  3802.65   2.30066     37.1004   3718    	Dead: 0
47  3799.3    2.36076     38.0696   3717    	Dead: 0
48  3794.44   2.30563     37.1807   3717    	Dead: 0
49  3790.85   2.43839     39.3214   3714    	Dead: 0
50  3787.02   2.3718      38.2476   3704    	Dead: 0
51  3782.06   2.36714     38.1726   3704    	Dead: 0
52  3779.39   2.41332     38.9172   3704    	Dead: 0
53  3775.87   2.43225     39.2225   3693    	Dead: 0
54  3771.05   2.37953     38.3724   3680    	Dead: 0
55  3767.17   2.41766     38.9873   3680    	Dead: 0
56  3763.69   2.50761     40.4378   3658    	Dead: 0
57  3757.85   2.46743     39.7898   3646    	Dead: 0
58  3753.18   2.39125     38.5612   3646    	Dead: 0
59  3749.8    2.53478     40.8758   3646    	Dead: 0
60  3745.62   2.55496     41.2012   3646    	Dead: 0
61  3740.57   2.4674      39.7893   3646    	Dead: 0
62  3734.93   2.55348     41.1774   3646    	Dead: 0
63  3733.03   2.59493     41.8458   3646    	Dead: 0
64  3729.86   2.55763     41.2444   3646    	Dead: 0
65  3725.37   2.59313     41.8168   3646    	Dead: 0
66  3722.96   2.59968     41.9224   3634    	Dead: 0
67  3720.59   2.62398     42.3143   3634    	Dead: 0
68  3718.77   2.72965     44.0183   3623    	Dead: 0
69  3715.75   2.7945      45.0641   3623    	Dead: 0
70  3712.29   2.68917     43.3656   3613    	Dead: 0
71  3710.5    2.81104     45.3308   3613    	Dead: 0
72  3706.42   2.68624     43.3183   3613    	Dead: 0
73  3704.13   2.68054     43.2265   3613    	Dead: 0
74  3702.86   2.73377     44.0847   3613    	Dead: 0
75  3700.93   2.86811     46.2512   3613    	Dead: 0
76  3699.11   2.79123     45.0114   3613    	Dead: 0
77  3693.44   2.74304     44.2342   3608    	Dead: 0
78  3689.95   2.67796     43.1848   3608    	Dead: 0
79  3690.09   2.84127     45.8184   3605    	Dead: 0
80  3686.2    2.72608     43.9608   3605    	Dead: 0
81  3681.08   2.78866     44.9699   3598    	Dead: 0
82  3677.03   2.72496     43.9428   3598    	Dead: 0
83  3673.72   2.71076     43.7137   3597    	Dead: 0
84  3667.95   2.60059     41.9371   3566    	Dead: 0
85  3666.68   2.68247     43.2575   3566    	Dead: 0
86  3664.16   2.69123     43.3987   3566    	Dead: 0
87  3661.76   2.66183     42.9247   3566    	Dead: 0
88  3660.05   2.64815     42.7041   3566    	Dead: 0
89  3658.23   2.78477     44.9073   3566    	Dead: 0
90  3655.64   2.75875     44.4876   3565    	Dead: 0
91  3652.98   2.72601     43.9597   3565    	Dead: 0
92  3648.32   2.63699     42.5241   3565    	Dead: 0
93  3646.54   2.66254     42.9361   3560    	Dead: 0
94  3643.75   2.65401     42.7986   3560    	Dead: 0
95  3642.77   2.69902     43.5244   3560    	Dead: 0
96  3640.61   2.65371     42.7937   3560    	Dead: 0
97  3637.77   2.61538     42.1756   3560    	Dead: 0
98  3636.3    2.62088     42.2642   3560    	Dead: 0
99  3635.64   2.6125      42.1291   3560    	Dead: 0
100 3633.85   2.64428     42.6417   3560    	Dead: 0
