EE1
3517.0
3523.0
3466.0
3530.0
3465.0
3533.0
3506.0
3493.0
3535.0
3474.0
3542.0
3501.0
3511.0
3528.0
3514.0
3512.0
3513.0
3511.0
3479.0
3458.0
3449.0
3508.0
3492.0
3583.0
3500.0
3501.0
3428.0
3554.0
3517.0
3453.0
EE2
3311.0
3217.0
3259.0
3040.0
3158.0
3035.0
3138.0
3090.0
3124.0
3056.0
3118.0
3140.0
3191.0
3247.0
3161.0
3206.0
3082.0
3190.0
3036.0
3068.0
3220.0
3289.0
3282.0
3271.0
3264.0
3194.0
3100.0
3159.0
3253.0
3011.0
EE3
3786.0
3663.0
3732.0
3599.0
3692.0
3627.0
3507.0
3580.0
3635.0
3602.0
3561.0
3644.0
3524.0
3545.0
3479.0
3546.0
3603.0
3549.0
3564.0
3683.0
3649.0
3542.0
3636.0
3514.0
3671.0
3509.0
3551.0
3565.0
3663.0
3642.0
EE4
3315.0
3354.0
3362.0
3376.0
3332.0
3418.0
3378.0
3418.0
3333.0
3416.0
3391.0
3405.0
3410.0
3334.0
3345.0
3350.0
3421.0
3401.0
3263.0
3347.0
3342.0
3338.0
3336.0
3339.0
3275.0
3378.0
3454.0
3358.0
3339.0
3390.0
EE5
3254.0
3090.0
3183.0
3197.0
3223.0
3180.0
3132.0
3112.0
3118.0
3211.0
3216.0
3153.0
3174.0
3269.0
3241.0
3205.0
3225.0
3228.0
3047.0
3203.0
3178.0
3289.0
3050.0
3220.0
3210.0
3308.0
3136.0
3106.0
3140.0
3163.0
EE6
2886.0
2799.0
2894.0
2792.0
2906.0
2974.0
3010.0
2866.0
3013.0
2876.0
3132.0
2924.0
2845.0
3050.0
2946.0
2796.0
2857.0
2883.0
2883.0
2950.0
2843.0
3003.0
2953.0
2913.0
2908.0
2882.0
2947.0
2926.0
2982.0
2898.0
EE7
3454.0
3478.0
3483.0
3469.0
3443.0
3479.0
3500.0
3524.0
3458.0
3437.0
3447.0
3520.0
3460.0
3433.0
3474.0
3493.0
3485.0
3481.0
3445.0
3534.0
3464.0
3460.0
3397.0
3374.0
3527.0
3472.0
3380.0
3501.0
3494.0
3469.0
EE8
3532.0
3586.0
3579.0
3544.0
3576.0
3557.0
3605.0
3546.0
3598.0
3551.0
3555.0
3550.0
3514.0
3574.0
3570.0
3553.0
3538.0
3519.0
3592.0
3504.0
3614.0
3593.0
3562.0
3541.0
3602.0
3539.0
3554.0
3543.0
3493.0
3541.0
EE9
3420.0
3462.0
3525.0
3474.0
3410.0
3424.0
3438.0
3445.0
3482.0
3420.0
3433.0
3422.0
3501.0
3460.0
3477.0
3495.0
3454.0
3478.0
3489.0
3431.0
3491.0
3413.0
3424.0
3428.0
3468.0
3480.0
3417.0
3527.0
3461.0
3398.0
EE10
3505.0
3315.0
3375.0
3444.0
3551.0
3501.0
3376.0
3402.0
3341.0
3356.0
3811.0
3443.0
3547.0
3566.0
3592.0
3469.0
3471.0
3491.0
3536.0
3318.0
3543.0
3372.0
3396.0
3428.0
3341.0
3462.0
3623.0
3428.0
3556.0
3473.0
EE11
3090.0
3186.0
3099.0
3084.0
3170.0
3111.0
3106.0
3230.0
3135.0
3124.0
3185.0
3144.0
3089.0
3074.0
3072.0
3209.0
3128.0
3183.0
3057.0
3208.0
3057.0
3155.0
3073.0
3006.0
2973.0
3069.0
3060.0
3151.0
3056.0
3085.0
EE12
3203.0
3120.0
3010.0
3194.0
3149.0
3011.0
3061.0
3101.0
3017.0
3184.0
3047.0
3017.0
3060.0
2944.0
2957.0
3083.0
2960.0
3113.0
3046.0
3127.0
3013.0
3013.0
3047.0
3050.0
3186.0
3056.0
3152.0
3034.0
2985.0
2954.0
EE13
3226.0
3309.0
3389.0
3154.0
3314.0
3281.0
3372.0
3310.0
3296.0
3196.0
3316.0
3359.0
3283.0
3262.0
3293.0
3369.0
3315.0
3353.0
3249.0
3275.0
3237.0
3435.0
3271.0
3354.0
3238.0
3254.0
3341.0
3241.0
3255.0
3283.0
EE14
3323.0
3304.0
3192.0
3281.0
3189.0
3216.0
3263.0
3358.0
3281.0
3219.0
3338.0
3222.0
3353.0
3255.0
3245.0
3265.0
3145.0
3223.0
3258.0
3262.0
3205.0
3213.0
3194.0
3196.0
3340.0
3350.0
3247.0
3303.0
3330.0
3283.0
EE15
3493.0
3555.0
3545.0
3447.0
3502.0
3596.0
3499.0
3551.0
3610.0
3511.0
3534.0
3557.0
3546.0
3535.0
3487.0
3463.0
3503.0
3547.0
3608.0
3592.0
3591.0
3562.0
3545.0
3523.0
3556.0
3569.0
3523.0
3536.0
3518.0
3537.0
EE16
3507.0
3414.0
3464.0
3428.0
3491.0
3479.0
3473.0
3373.0
3404.0
3443.0
3490.0
3504.0
3488.0
3414.0
3540.0
3478.0
3489.0
3445.0
3494.0
3515.0
3411.0
3456.0
3456.0
3490.0
3531.0
3488.0
3449.0
3497.0
3461.0
3489.0
EE17
3586.0
3747.0
3455.0
3594.0
3650.0
3605.0
3606.0
3686.0
3660.0
3602.0
3523.0
3557.0
3532.0
3630.0
3880.0
3743.0
3689.0
3574.0
3487.0
3602.0
3533.0
3633.0
3539.0
3775.0
3529.0
3660.0
3635.0
3550.0
3614.0
3789.0
EE18
3420.0
3360.0
3457.0
3451.0
3423.0
3481.0
3407.0
3487.0
3421.0
3476.0
3484.0
3465.0
3450.0
3390.0
3439.0
3294.0
3454.0
3405.0
3384.0
3500.0
3409.0
3474.0
3516.0
3386.0
3436.0
3470.0
3354.0
3463.0
3440.0
3394.0
EE19
3593.0
3566.0
3613.0
3528.0
3635.0
3600.0
3593.0
3547.0
3604.0
3542.0
3527.0
3624.0
3616.0
3544.0
3559.0
3600.0
3586.0
3560.0
3502.0
3621.0
3555.0
3584.0
3631.0
3556.0
3662.0
3573.0
3625.0
3616.0
3571.0
3613.0
EE20
3573.0
3594.0
3610.0
3574.0
3539.0
3596.0
3602.0
3519.0
3593.0
3552.0
3564.0
3678.0
3651.0
3554.0
3619.0
3572.0
3611.0
3591.0
3596.0
3606.0
3596.0
3600.0
3565.0
3565.0
3583.0
3621.0
3559.0
3567.0
3554.0
3592.0
EE21
3420.0
3345.0
3385.0
3321.0
3350.0
3351.0
3308.0
3354.0
3375.0
3379.0
3389.0
3398.0
3351.0
3362.0
3330.0
3382.0
3367.0
3396.0
3383.0
3306.0
3377.0
3384.0
3392.0
3431.0
3338.0
3422.0
3414.0
3435.0
3424.0
3388.0
EE22
3339.0
3272.0
3241.0
3291.0
3250.0
3187.0
3327.0
3273.0
3358.0
3270.0
3224.0
3256.0
3158.0
3380.0
3324.0
3267.0
3375.0
3334.0
3279.0
3298.0
3322.0
3221.0
3335.0
3208.0
3242.0
3366.0
3345.0
3237.0
3313.0
3186.0
EE23
3352.0
3412.0
3411.0
3443.0
3348.0
3412.0
3425.0
3362.0
3399.0
3308.0
3382.0
3382.0
3397.0
3403.0
3422.0
3398.0
3460.0
3403.0
3436.0
3349.0
3364.0
3306.0
3418.0
3448.0
3410.0
3425.0
3474.0
3370.0
3452.0
3389.0
EE24
3452.0
3517.0
3624.0
3604.0
3633.0
3592.0
3583.0
3639.0
3517.0
3550.0
3563.0
3576.0
3641.0
3567.0
3624.0
3571.0
3577.0
3550.0
3480.0
3578.0
3502.0
3616.0
3556.0
3494.0
3557.0
3516.0
3629.0
3555.0
3509.0
3512.0
EE25
3302.0
3465.0
3516.0
3435.0
3505.0
3468.0
3481.0
3470.0
3378.0
3548.0
3450.0
3494.0
3484.0
3525.0
3561.0
3490.0
3407.0
3415.0
3455.0
3495.0
3456.0
3489.0
3427.0
3499.0
3428.0
3464.0
3471.0
3408.0
3345.0
3474.0
EE26
3473.0
3443.0
3445.0
3451.0
3437.0
3476.0
3372.0
3497.0
3475.0
3489.0
3472.0
3444.0
3480.0
3422.0
3386.0
3431.0
3374.0
3413.0
3469.0
3424.0
3492.0
3494.0
3516.0
3488.0
3423.0
3502.0
3446.0
3478.0
3436.0
3504.0
EE27
3453.0
3499.0
3429.0
3461.0
3470.0
3403.0
3446.0
3443.0
3385.0
3486.0
3543.0
3479.0
3517.0
3523.0
3506.0
3517.0
3456.0
3487.0
3347.0
3424.0
3490.0
3452.0
3469.0
3535.0
3519.0
3294.0
3462.0
3375.0
3443.0
3502.0
EE28
3164.0
3286.0
3237.0
3211.0
3357.0
3191.0
3244.0
3271.0
3282.0
3321.0
3254.0
3353.0
3293.0
3266.0
3227.0
3263.0
3304.0
3298.0
3284.0
3246.0
3213.0
3211.0
3257.0
3081.0
3340.0
3284.0
3279.0
3350.0
3293.0
3205.0
EE29
2983.0
2983.0
3255.0
2965.0
2924.0
2902.0
2903.0
2949.0
2973.0
2906.0
2931.0
2949.0
2794.0
2938.0
2871.0
2979.0
2899.0
2887.0
3052.0
3012.0
2906.0
2943.0
2838.0
2897.0
2948.0
2896.0
2823.0
2980.0
2819.0
3020.0
