0   4598.31   3.83932     61.9128   4392    	Dead: 0
1   4458.55   3.33824     53.8324   4300    	Dead: 0
2   4352.17   2.83828     45.7702   4180    	Dead: 0
3   4258.69   2.9112      46.946    4094    	Dead: 0
4   4189.8    2.50338     40.3695   4079    	Dead: 0
5   4149.05   2.37276     38.2631   4046    	Dead: 0
6   4113.78   2.30159     37.1155   4012    	Dead: 0
7   4084.22   2.24934     36.2729   3947    	Dead: 0
8   4065.31   2.2415      36.1464   3936    	Dead: 0
9   4045.63   2.31167     37.2781   3936    	Dead: 0
10  4030.09   2.36942     38.2093   3935    	Dead: 0
11  4014.94   2.3835      38.4363   3910    	Dead: 0
12  4004.1    2.43026     39.1904   3894    	Dead: 0
13  3991.06   2.47717     39.9468   3881    	Dead: 0
14  3979.48   2.43776     39.3113   3881    	Dead: 0
15  3964.41   2.49185     40.1836   3871    	Dead: 0
16  3944.33   2.36162     38.0835   3867    	Dead: 0
17  3928.16   2.34956     37.8891   3834    	Dead: 0
18  3916.86   2.3507      37.9074   3825    	Dead: 0
19  3905.66   2.33759     37.696    3805    	Dead: 0
20  3897.66   2.47242     39.8702   3805    	Dead: 0
21  3886.84   2.47569     39.9229   3782    	Dead: 0
22  3878.45   2.4948      40.2311   3772    	Dead: 0
23  3868.93   2.53167     40.8257   3772    	Dead: 0
24  3860.29   2.55141     41.144    3772    	Dead: 0
25  3853.34   2.5566      41.2278   3751    	Dead: 0
26  3848.31   2.65619     42.8338   3751    	Dead: 0
27  3840.35   2.51455     40.5497   3747    	Dead: 0
28  3835.31   2.56994     41.4429   3747    	Dead: 0
29  3831.47   2.61792     42.2166   3740    	Dead: 0
30  3827.67   2.68459     43.2918   3740    	Dead: 0
31  3822.88   2.58326     41.6577   3734    	Dead: 0
32  3822.4    2.67176     43.0847   3734    	Dead: 0
33  3818.52   2.64761     42.6953   3734    	Dead: 0
34  3816.34   2.72614     43.9618   3726    	Dead: 0
35  3812.08   2.67627     43.1575   3726    	Dead: 0
36  3809.62   2.77637     44.7717   3726    	Dead: 0
37  3805.72   2.67412     43.1229   3726    	Dead: 0
38  3801.71   2.63526     42.4962   3719    	Dead: 0
39  3798.18   2.62362     42.3085   3717    	Dead: 0
40  3795.89   2.72728     43.9802   3698    	Dead: 0
41  3791.34   2.64042     42.5795   3696    	Dead: 0
42  3787.62   2.55943     41.2734   3696    	Dead: 0
43  3784.75   2.66427     42.9641   3696    	Dead: 0
44  3781.85   2.73239     44.0625   3696    	Dead: 0
45  3778.78   2.72325     43.9151   3696    	Dead: 0
46  3777.23   2.8098      45.3109   3696    	Dead: 0
47  3773.98   2.72085     43.8764   3696    	Dead: 0
48  3770      2.7214      43.8852   3691    	Dead: 0
49  3771.49   2.87799     46.4104   3687    	Dead: 0
50  3768.38   2.84612     45.8966   3678    	Dead: 0
51  3766.32   2.98642     48.159    3676    	Dead: 0
52  3763.94   2.95248     47.6117   3676    	Dead: 0
53  3759.95   2.93827     47.3826   3671    	Dead: 0
54  3757.59   2.95347     47.6276   3667    	Dead: 0
55  3757.59   3.14452     50.7085   3667    	Dead: 0
56  3756.17   3.11634     50.2541   3659    	Dead: 0
57  3752.6    3.05139     49.2066   3659    	Dead: 0
58  3750.79   3.15014     50.7992   3648    	Dead: 0
59  3750.01   3.21899     51.9094   3648    	Dead: 0
60  3745.89   3.13976     50.6318   3648    	Dead: 0
61  3743.55   3.20917     51.751    3648    	Dead: 0
62  3744.87   3.37172     54.3724   3648    	Dead: 0
63  3744.06   3.34997     54.0216   3648    	Dead: 0
64  3740.61   3.37773     54.4693   3637    	Dead: 0
65  3737.1    3.34716     53.9763   3637    	Dead: 0
66  3736.05   3.37171     54.3722   3637    	Dead: 0
67  3734.19   3.38185     54.5356   3637    	Dead: 0
68  3733.01   3.46678     55.9052   3637    	Dead: 0
69  3733.55   3.53833     57.0591   3637    	Dead: 0
70  3729.77   3.60884     58.1962   3637    	Dead: 0
71  3731.47   3.68432     59.4133   3637    	Dead: 0
72  3728.61   3.66288     59.0676   3630    	Dead: 0
73  3726.97   3.74208     60.3448   3626    	Dead: 0
74  3723.64   3.71876     59.9687   3626    	Dead: 0
75  3722.38   3.71157     59.8528   3626    	Dead: 0
76  3723.43   3.8657      62.3383   3619    	Dead: 0
77  3724.8    3.99835     64.4774   3618    	Dead: 0
78  3722      3.93723     63.4917   3609    	Dead: 0
79  3718.57   3.92798     63.3426   3604    	Dead: 0
80  3717.85   3.9421      63.5703   3604    	Dead: 0
81  3715.72   3.95273     63.7417   3604    	Dead: 0
82  3715.37   4.07372     65.6928   3604    	Dead: 0
83  3711.65   4.0358      65.0814   3604    	Dead: 0
84  3710.68   4.04103     65.1656   3604    	Dead: 0
85  3709.96   4.13021     66.6037   3604    	Dead: 0
86  3705.55   4.0379      65.1152   3602    	Dead: 0
87  3707.97   4.23175     68.2412   3591    	Dead: 0
88  3705.63   4.21098     67.9062   3590    	Dead: 0
89  3704.07   4.20994     67.8895   3590    	Dead: 0
90  3706.84   4.31086     69.5169   3590    	Dead: 0
91  3702.39   4.3073      69.4596   3590    	Dead: 0
92  3699.16   4.35612     70.2467   3590    	Dead: 0
93  3700.7    4.38755     70.7537   3590    	Dead: 0
94  3699.13   4.3436      70.045    3590    	Dead: 0
95  3697.57   4.36129     70.3301   3590    	Dead: 0
96  3694.05   4.33267     69.8686   3586    	Dead: 0
97  3693.66   4.34103     70.0034   3584    	Dead: 0
98  3695.44   4.51373     72.7884   3584    	Dead: 0
99  3695.3    4.57324     73.7481   3584    	Dead: 0
100 3694.38   4.56108     73.552    3584    	Dead: 0
