0   4596.74   3.63737     58.6563   4432    	Dead: 0
1   4457.63   3.11767     50.2756   4309    	Dead: 0
2   4355.88   2.98189     48.086    4208    	Dead: 0
3   4271.71   2.67395     43.1201   4149    	Dead: 0
4   4193.51   2.62325     42.3026   4070    	Dead: 0
5   4128.35   2.49617     40.2532   3974    	Dead: 0
6   4084.8    2.44366     39.4064   3974    	Dead: 0
7   4054.79   2.30347     37.1458   3968    	Dead: 0
8   4030.41   2.45582     39.6025   3922    	Dead: 0
9   4004.48   2.2625      36.4851   3903    	Dead: 0
10  3981.3    2.25507     36.3653   3869    	Dead: 0
11  3964.99   2.36984     38.2161   3837    	Dead: 0
12  3951.38   2.37261     38.2607   3835    	Dead: 0
13  3940.98   2.52004     40.6382   3835    	Dead: 0
14  3933.64   2.48368     40.0518   3835    	Dead: 0
15  3927.53   2.64863     42.7118   3822    	Dead: 0
16  3920.93   2.62874     42.391    3822    	Dead: 0
17  3914.43   2.64526     42.6574   3816    	Dead: 0
18  3909.63   2.71482     43.7793   3816    	Dead: 0
19  3904.53   2.66948     43.0481   3787    	Dead: 0
20  3899.95   2.755       44.4272   3787    	Dead: 0
21  3894.66   2.6821      43.2516   3787    	Dead: 0
22  3890.28   2.73531     44.1095   3787    	Dead: 0
23  3885.61   2.74908     44.3317   3787    	Dead: 0
24  3882.03   2.77972     44.8258   3779    	Dead: 0
25  3877.32   2.81434     45.384    3779    	Dead: 0
26  3874.28   2.84162     45.824    3779    	Dead: 0
27  3869.69   2.82536     45.5618   3779    	Dead: 0
28  3866.91   2.89345     46.6598   3758    	Dead: 0
29  3863.16   2.96725     47.8499   3758    	Dead: 0
30  3856.97   2.97427     47.963    3758    	Dead: 0
31  3850.04   2.80697     45.2651   3758    	Dead: 0
32  3845.66   2.83913     45.7838   3747    	Dead: 0
33  3841.75   2.8637      46.18     3747    	Dead: 0
34  3837.58   2.88893     46.5869   3734    	Dead: 0
35  3833.25   2.88801     46.5721   3734    	Dead: 0
36  3831.13   2.9521      47.6056   3734    	Dead: 0
37  3826.83   2.88475     46.5194   3720    	Dead: 0
38  3825.96   2.96773     47.8576   3720    	Dead: 0
39  3823.67   3.06184     49.3753   3720    	Dead: 0
40  3818.91   2.94249     47.4506   3720    	Dead: 0
41  3813.96   2.85084     45.9727   3720    	Dead: 0
42  3811.15   2.92177     47.1165   3715    	Dead: 0
43  3810.41   2.9815      48.0798   3715    	Dead: 0
44  3802.82   2.86834     46.2548   3712    	Dead: 0
45  3802.3    2.98883     48.1979   3711    	Dead: 0
46  3798.89   2.91421     46.9946   3711    	Dead: 0
47  3793.17   2.87793     46.4094   3711    	Dead: 0
48  3791.44   3.06485     49.4238   3705    	Dead: 0
49  3786.89   2.94317     47.4615   3703    	Dead: 0
50  3784.61   2.95592     47.6672   3696    	Dead: 0
51  3780.47   2.9826      48.0974   3689    	Dead: 0
52  3775.09   2.8971      46.7186   3689    	Dead: 0
53  3772.93   2.85695     46.0711   3689    	Dead: 0
54  3771.48   2.92588     47.1828   3682    	Dead: 0
55  3769.34   3.0337      48.9214   3670    	Dead: 0
56  3767.09   3.10241     50.0294   3670    	Dead: 0
57  3763.45   3.0229      48.7473   3670    	Dead: 0
58  3760.14   2.95086     47.5856   3670    	Dead: 0
59  3757.56   2.93666     47.3566   3662    	Dead: 0
60  3757.47   3.06932     49.4958   3662    	Dead: 0
61  3755.29   3.08326     49.7206   3662    	Dead: 0
62  3753.32   3.12736     50.4318   3662    	Dead: 0
63  3754.51   3.23003     52.0875   3662    	Dead: 0
64  3751.61   3.21721     51.8807   3662    	Dead: 0
65  3749.5    3.19556     51.5316   3662    	Dead: 0
66  3747.14   3.14152     50.6602   3660    	Dead: 0
67  3745.94   3.21109     51.782    3651    	Dead: 0
68  3748.1    3.40053     54.8369   3651    	Dead: 0
69  3745.21   3.37868     54.4847   3648    	Dead: 0
70  3745.64   3.4767      56.0653   3648    	Dead: 0
71  3743.15   3.4827      56.162    3648    	Dead: 0
72  3745.19   3.55007     57.2485   3648    	Dead: 0
73  3741.44   3.56583     57.5025   3648    	Dead: 0
74  3740.59   3.59104     57.9091   3648    	Dead: 0
75  3740.45   3.74374     60.3715   3643    	Dead: 0
76  3739.63   3.6729      59.2291   3629    	Dead: 0
77  3736.61   3.58452     57.804    3629    	Dead: 0
78  3735.91   3.60877     58.195    3629    	Dead: 0
79  3737.99   3.87341     62.4626   3629    	Dead: 0
80  3739.33   3.90144     62.9146   3629    	Dead: 0
81  3735.7    3.91464     63.1274   3629    	Dead: 0
82  3736.53   3.98784     64.3079   3628    	Dead: 0
83  3734.67   3.92986     63.3729   3625    	Dead: 0
84  3732.04   3.81906     61.5862   3625    	Dead: 0
85  3729.57   3.80616     61.3781   3625    	Dead: 0
86  3734.12   4.09769     66.0794   3625    	Dead: 0
87  3731.37   4.1058      66.2101   3625    	Dead: 0
88  3730.45   4.10308     66.1663   3625    	Dead: 0
89  3731.16   4.20221     67.7649   3625    	Dead: 0
90  3729.94   4.23481     68.2905   3611    	Dead: 0
91  3728.41   4.2424      68.413    3611    	Dead: 0
92  3728.84   4.28074     69.0312   3611    	Dead: 0
93  3725.7    4.26338     68.7513   3611    	Dead: 0
94  3723.17   4.23205     68.2461   3603    	Dead: 0
95  3725.97   4.35642     70.2516   3603    	Dead: 0
96  3724.03   4.34967     70.1427   3603    	Dead: 0
97  3720.52   4.29444     69.2522   3603    	Dead: 0
98  3722.64   4.40154     70.9792   3603    	Dead: 0
99  3722.29   4.38739     70.7511   3603    	Dead: 0
100 3722.43   4.50811     72.6977   3603    	Dead: 0
