0   58.8633   0.391304    6.31017   39.4809 	Dead: 0
1   53.8755   0.389725    6.28471   36.3267 	Dead: 0
2   49.2087   0.391453    6.31258   34.2929 	Dead: 0
3   44.6833   0.348211    5.61525   34.2929 	Dead: 0
4   41.0879   0.278359    4.48881   33.7095 	Dead: 0
5   38.6804   0.222633    3.59018   33.7095 	Dead: 0
6   37.2275   0.165272    2.66518   33.7095 	Dead: 0
7   36.2705   0.12351     1.99171   33.5521 	Dead: 0
8   35.8307   0.121878    1.9654    33.5521 	Dead: 0
9   35.4      0.0974629   1.57169   33.5521 	Dead: 0
10  35.2049   0.100666    1.62333   33.274  	Dead: 0
11  35.176    0.120661    1.94578   33.274  	Dead: 0
12  34.9813   0.0983949   1.58672   33.274  	Dead: 0
13  34.8797   0.0829041   1.33691   33.274  	Dead: 0
14  34.9448   0.0942852   1.52044   33.274  	Dead: 0
15  34.8245   0.0867894   1.39957   33.1964 	Dead: 0
16  34.8032   0.0871222   1.40493   33.1892 	Dead: 0
17  34.67     0.0823527   1.32802   33.1892 	Dead: 0
18  34.678    0.0910419   1.46814   33.1892 	Dead: 0
19  34.6253   0.084394    1.36094   33.1078 	Dead: 0
20  34.6283   0.0861505   1.38926   33.1078 	Dead: 0
21  34.5822   0.0862308   1.39056   33.1078 	Dead: 0
22  34.5482   0.0777126   1.25319   33.1078 	Dead: 0
23  34.5449   0.0780238   1.25821   33.1078 	Dead: 0
24  34.51     0.0826881   1.33343   33.1078 	Dead: 0
25  34.46     0.0748503   1.20704   33.1078 	Dead: 0
26  34.4948   0.0842002   1.35781   33.1078 	Dead: 0
27  34.4421   0.0892434   1.43914   33.0256 	Dead: 0
28  34.414    0.0753547   1.21517   33.0256 	Dead: 0
29  34.4126   0.0775724   1.25093   33.0256 	Dead: 0
30  34.4333   0.0809208   1.30493   33.0256 	Dead: 0
31  34.3596   0.0761375   1.22779   33.0256 	Dead: 0
32  34.3022   0.0656412   1.05853   33.0256 	Dead: 0
33  34.3732   0.07766     1.25235   33.0256 	Dead: 0
34  34.416    0.0810141   1.30643   33.0256 	Dead: 0
35  34.3559   0.0740609   1.19431   33.0256 	Dead: 0
36  34.3277   0.0756698   1.22025   33.0256 	Dead: 0
37  34.316    0.0755222   1.21787   33.0256 	Dead: 0
38  34.3003   0.084643    1.36495   33.0256 	Dead: 0
39  34.2911   0.0794955   1.28194   33.0256 	Dead: 0
40  34.3028   0.0815799   1.31556   33.0256 	Dead: 0
41  34.316    0.0801453   1.29242   32.98   	Dead: 0
42  34.2658   0.0750125   1.20965   32.7385 	Dead: 0
43  34.2044   0.0684663   1.10409   32.7385 	Dead: 0
44  34.2105   0.0734256   1.18406   32.7385 	Dead: 0
45  34.2068   0.0782485   1.26184   32.7385 	Dead: 0
46  34.2004   0.073461    1.18463   32.7385 	Dead: 0
47  34.1633   0.0706963   1.14005   32.7385 	Dead: 0
48  34.1907   0.0741705   1.19607   32.7385 	Dead: 0
49  34.1486   0.0668434   1.07792   32.7385 	Dead: 0
50  34.1515   0.0756121   1.21932   32.7385 	Dead: 0
51  34.1465   0.0684073   1.10314   32.7385 	Dead: 0
52  34.1385   0.070895    1.14325   32.7385 	Dead: 0
53  34.1245   0.070537    1.13748   32.7385 	Dead: 0
54  34.1585   0.0746372   1.2036    32.7385 	Dead: 0
55  34.1222   0.070207    1.13216   32.7385 	Dead: 0
56  34.1517   0.0758007   1.22236   32.7385 	Dead: 0
57  34.1266   0.0680887   1.098     32.7385 	Dead: 0
58  34.0977   0.0643547   1.03778   32.7385 	Dead: 0
59  34.1194   0.072483    1.16886   32.7385 	Dead: 0
60  34.0817   0.0672701   1.0848    32.7385 	Dead: 0
61  34.0126   0.0604987   0.975601  32.7385 	Dead: 0
62  34.0158   0.0635769   1.02524   32.7385 	Dead: 0
63  34.023    0.0646178   1.04203   32.7385 	Dead: 0
64  33.9861   0.0640712   1.03321   32.7385 	Dead: 0
65  33.9969   0.0704895   1.13671   32.7385 	Dead: 0
66  34.0188   0.0692718   1.11708   32.7385 	Dead: 0
67  33.9407   0.0576246   0.929254  32.7385 	Dead: 0
68  33.9891   0.0622617   1.00403   32.7385 	Dead: 0
69  33.9851   0.0656342   1.05842   32.7385 	Dead: 0
70  33.9411   0.0595615   0.960489  32.7385 	Dead: 0
71  33.935    0.059603    0.961158  32.7385 	Dead: 0
72  33.9421   0.0624981   1.00784   32.7385 	Dead: 0
73  33.8834   0.05673     0.914828  32.7385 	Dead: 0
74  33.9242   0.0612962   0.988463  32.7385 	Dead: 0
75  33.8986   0.0628679   1.01381   32.7385 	Dead: 0
76  33.9044   0.0653045   1.0531    32.7385 	Dead: 0
77  33.8963   0.0605638   0.976653  32.7385 	Dead: 0
78  33.9078   0.0661779   1.06718   32.7385 	Dead: 0
79  33.9341   0.0725488   1.16992   32.7385 	Dead: 0
80  33.8978   0.0635631   1.02502   32.7385 	Dead: 0
81  33.8798   0.062492    1.00775   32.7385 	Dead: 0
82  33.8653   0.0639762   1.03168   32.7385 	Dead: 0
83  33.8369   0.0620046   0.999886  32.7385 	Dead: 0
84  33.839    0.0584942   0.943278  32.7385 	Dead: 0
85  33.8222   0.058338    0.940759  32.7385 	Dead: 0
86  33.8395   0.0602119   0.970977  32.7385 	Dead: 0
87  33.7905   0.0570042   0.919249  32.7385 	Dead: 0
88  33.8291   0.0619195   0.998514  32.7385 	Dead: 0
89  33.779    0.0558343   0.900385  32.7385 	Dead: 0
90  33.8072   0.056135    0.905233  32.7385 	Dead: 0
91  33.7381   0.0505772   0.815608  32.7385 	Dead: 0
92  33.7595   0.0559838   0.902795  32.7385 	Dead: 0
93  33.7812   0.0620718   1.00097   32.7385 	Dead: 0
94  33.8055   0.0669157   1.07908   32.7385 	Dead: 0
95  33.7518   0.0603532   0.973256  32.7385 	Dead: 0
96  33.7669   0.061135    0.985863  32.6901 	Dead: 0
97  33.7663   0.0622829   1.00437   32.6901 	Dead: 0
98  33.7456   0.0619412   0.998864  32.6901 	Dead: 0
99  33.7191   0.0565791   0.912395  32.6901 	Dead: 0
100 33.7447   0.061297    0.988475  32.6901 	Dead: 0
