0   59.2523   0.378296    6.10041   38.6204 	Dead: 0
1   54.2932   0.396725    6.39759   37.4473 	Dead: 0
2   49.1272   0.367464    5.92572   34.8372 	Dead: 0
3   44.5568   0.320562    5.16938   34.0587 	Dead: 0
4   40.9543   0.250298    4.0363    33.7259 	Dead: 0
5   38.3156   0.195329    3.14988   33.6857 	Dead: 0
6   36.8463   0.162334    2.6178    33.4492 	Dead: 0
7   35.7376   0.109291    1.76243   33.1087 	Dead: 0
8   35.2573   0.0965808   1.55746   33.1087 	Dead: 0
9   35.0596   0.093419    1.50647   33.1087 	Dead: 0
10  34.8018   0.0794568   1.28132   33.1087 	Dead: 0
11  34.7355   0.081221    1.30977   33.1087 	Dead: 0
12  34.6066   0.068673    1.10742   33.1087 	Dead: 0
13  34.4991   0.0621983   1.00301   33.1087 	Dead: 0
14  34.4874   0.0646718   1.0429    32.8404 	Dead: 0
15  34.4562   0.0674103   1.08706   32.8404 	Dead: 0
16  34.3919   0.0621369   1.00202   32.8404 	Dead: 0
17  34.4135   0.0647331   1.04389   32.8404 	Dead: 0
18  34.3438   0.0616954   0.994899  32.8404 	Dead: 0
19  34.3397   0.0645065   1.04023   32.8404 	Dead: 0
20  34.3061   0.064501    1.04014   32.8404 	Dead: 0
21  34.3286   0.0706024   1.13853   32.8404 	Dead: 0
22  34.2722   0.0596234   0.961486  32.8404 	Dead: 0
23  34.2674   0.0627492   1.01189   32.8404 	Dead: 0
24  34.298    0.0660412   1.06498   32.8404 	Dead: 0
25  34.2235   0.0616778   0.994615  32.8404 	Dead: 0
26  34.2394   0.0662476   1.06831   32.8404 	Dead: 0
27  34.1799   0.0619      0.998199  32.8404 	Dead: 0
28  34.193    0.0625438   1.00858   32.8404 	Dead: 0
29  34.1548   0.059301    0.956288  32.8404 	Dead: 0
30  34.1823   0.0634635   1.02341   32.8404 	Dead: 0
31  34.1622   0.0619129   0.998407  32.8404 	Dead: 0
32  34.1872   0.0657414   1.06015   32.8404 	Dead: 0
33  34.1789   0.0661787   1.0672    32.7448 	Dead: 0
34  34.0919   0.0555169   0.895265  32.7448 	Dead: 0
35  34.1098   0.0587312   0.9471    32.7448 	Dead: 0
36  34.1215   0.06696     1.0798    32.7448 	Dead: 0
37  34.0924   0.0610317   0.984198  32.7448 	Dead: 0
38  34.0719   0.0582942   0.940052  32.7448 	Dead: 0
39  34.0801   0.059566    0.960561  32.7448 	Dead: 0
40  34.0593   0.0591792   0.954324  32.7448 	Dead: 0
41  34.0461   0.0564972   0.911074  32.7448 	Dead: 0
42  34.0739   0.060003    0.967608  32.7448 	Dead: 0
43  34.0812   0.058089    0.936743  32.7448 	Dead: 0
44  34.1104   0.0638538   1.02971   32.7448 	Dead: 0
45  34.0756   0.0610083   0.98382   32.7448 	Dead: 0
46  34.0321   0.0579349   0.934259  32.7448 	Dead: 0
47  34.0678   0.0582451   0.939261  32.7448 	Dead: 0
48  34.0029   0.0556084   0.896741  32.7448 	Dead: 0
49  34.0042   0.0576657   0.929917  32.7448 	Dead: 0
50  33.9922   0.0577284   0.930927  32.7448 	Dead: 0
51  33.9975   0.0577121   0.930665  32.7448 	Dead: 0
52  33.9822   0.0577554   0.931363  32.7448 	Dead: 0
53  33.9549   0.0587036   0.946654  32.7448 	Dead: 0
54  33.9679   0.059189    0.954482  32.7448 	Dead: 0
55  33.9327   0.0568939   0.917471  32.7448 	Dead: 0
56  33.9589   0.0584611   0.942744  32.7448 	Dead: 0
57  33.9964   0.0633092   1.02092   32.7448 	Dead: 0
58  33.9572   0.0589226   0.950185  32.7448 	Dead: 0
59  33.9168   0.0572993   0.924008  32.7448 	Dead: 0
60  33.9357   0.063112    1.01774   32.7448 	Dead: 0
61  33.9305   0.0610809   0.984991  32.7448 	Dead: 0
62  33.9626   0.062146    1.00217   32.7448 	Dead: 0
63  33.9298   0.0578358   0.93266   32.7448 	Dead: 0
64  33.8564   0.0519036   0.836998  32.7448 	Dead: 0
65  33.8825   0.05475     0.882899  32.7448 	Dead: 0
66  33.8724   0.0556041   0.896672  32.7448 	Dead: 0
67  33.8691   0.057136    0.921376  32.7448 	Dead: 0
68  33.8418   0.0545354   0.879437  32.7448 	Dead: 0
69  33.8541   0.0540277   0.871251  32.7448 	Dead: 0
70  33.8177   0.0503662   0.812205  32.7448 	Dead: 0
71  33.8523   0.0546315   0.880988  32.7448 	Dead: 0
72  33.8303   0.0562851   0.907654  32.7448 	Dead: 0
73  33.8003   0.05482     0.884027  32.7448 	Dead: 0
74  33.8048   0.0529272   0.853503  32.7448 	Dead: 0
75  33.8328   0.0564476   0.910274  32.7448 	Dead: 0
76  33.7578   0.050469    0.813863  32.7448 	Dead: 0
77  33.8187   0.0589565   0.950733  32.7448 	Dead: 0
78  33.7944   0.0560988   0.90465   32.7448 	Dead: 0
79  33.8373   0.0580732   0.936488  32.7448 	Dead: 0
80  33.8138   0.0560074   0.903176  32.7448 	Dead: 0
81  33.7795   0.0527236   0.850221  32.7448 	Dead: 0
82  33.7627   0.0516991   0.8337    32.7448 	Dead: 0
83  33.7767   0.0540066   0.870911  32.7448 	Dead: 0
84  33.7785   0.054296    0.875577  32.7448 	Dead: 0
85  33.7747   0.0553271   0.892204  32.7448 	Dead: 0
86  33.7434   0.0499225   0.805051  32.7448 	Dead: 0
87  33.766    0.0551059   0.888638  32.7448 	Dead: 0
88  33.7487   0.0512679   0.826746  32.7448 	Dead: 0
89  33.7583   0.0554297   0.89386   32.6516 	Dead: 0
90  33.7556   0.0520365   0.83914   32.6516 	Dead: 0
91  33.7616   0.0551817   0.889861  32.6516 	Dead: 0
92  33.7008   0.0473596   0.763722  32.6516 	Dead: 0
93  33.7176   0.0484395   0.781135  32.6516 	Dead: 0
94  33.734    0.0532769   0.859144  32.6516 	Dead: 0
95  33.7794   0.0576219   0.929211  32.6516 	Dead: 0
96  33.7574   0.0542495   0.874827  32.6516 	Dead: 0
97  33.7154   0.0548606   0.884682  32.6516 	Dead: 0
98  33.7147   0.0529108   0.85324   32.6516 	Dead: 0
99  33.6988   0.051595    0.83202   32.6516 	Dead: 0
100 33.6818   0.0496615   0.800841  32.6516 	Dead: 0
