0   59.2146   0.375611    6.0571    41.4915 	Dead: 0
1   54.5171   0.403228    6.50245   37.4857 	Dead: 0
2   48.9874   0.396178    6.38877   34.6448 	Dead: 0
3   43.7093   0.341177    5.50182   34.6212 	Dead: 0
4   39.8884   0.216524    3.49166   34.247  	Dead: 0
5   37.8556   0.173415    2.79649   33.4693 	Dead: 0
6   36.6662   0.140302    2.26251   33.4693 	Dead: 0
7   35.943    0.115371    1.86048   33.4693 	Dead: 0
8   35.5065   0.0960879   1.54951   33.3841 	Dead: 0
9   35.2332   0.0853645   1.37659   33.2778 	Dead: 0
10  35.1537   0.0902352   1.45513   33.2778 	Dead: 0
11  35.0157   0.0840563   1.35549   33.2778 	Dead: 0
12  35.0238   0.0875283   1.41148   33.2778 	Dead: 0
13  34.9102   0.0793989   1.28039   33.2778 	Dead: 0
14  34.8025   0.0727947   1.17389   33.2205 	Dead: 0
15  34.7822   0.0773874   1.24795   33.2128 	Dead: 0
16  34.6812   0.0694314   1.11965   33.2067 	Dead: 0
17  34.6299   0.0708676   1.14281   33.2067 	Dead: 0
18  34.5952   0.0709649   1.14438   33.2067 	Dead: 0
19  34.5712   0.0714316   1.15191   33.2067 	Dead: 0
20  34.5276   0.0686222   1.1066    33.2067 	Dead: 0
21  34.5396   0.0742455   1.19728   33.1988 	Dead: 0
22  34.4098   0.0601535   0.970035  33.0649 	Dead: 0
23  34.4065   0.0648976   1.04654   33.0649 	Dead: 0
24  34.3766   0.0660196   1.06463   33.0649 	Dead: 0
25  34.3724   0.0653838   1.05438   33.0649 	Dead: 0
26  34.3176   0.0604968   0.975572  33.0649 	Dead: 0
27  34.3454   0.0649322   1.0471    33.0649 	Dead: 0
28  34.2798   0.0592824   0.955988  32.8781 	Dead: 0
29  34.2715   0.062923    1.0147    32.8781 	Dead: 0
30  34.2338   0.0592586   0.955605  32.8781 	Dead: 0
31  34.2041   0.0587729   0.947771  32.8781 	Dead: 0
32  34.1723   0.0573003   0.924025  32.8781 	Dead: 0
33  34.2303   0.0650043   1.04826   32.8781 	Dead: 0
34  34.1959   0.0677802   1.09302   32.8461 	Dead: 0
35  34.1959   0.070553    1.13774   32.8461 	Dead: 0
36  34.1583   0.0617529   0.995828  32.8461 	Dead: 0
37  34.1389   0.0606465   0.977985  32.8461 	Dead: 0
38  34.1285   0.0620614   1.0008    32.8461 	Dead: 0
39  34.0578   0.0561665   0.90574   32.8461 	Dead: 0
40  34.0776   0.0597692   0.963838  32.8461 	Dead: 0
41  34.0541   0.0591129   0.953254  32.8461 	Dead: 0
42  34.0633   0.0585253   0.943779  32.8461 	Dead: 0
43  34.0611   0.0590155   0.951684  32.8461 	Dead: 0
44  34.0184   0.055435    0.893944  32.8461 	Dead: 0
45  34.0317   0.0565351   0.911685  32.8461 	Dead: 0
46  33.9935   0.0557462   0.898963  32.8461 	Dead: 0
47  34.0104   0.057399    0.925616  32.8461 	Dead: 0
48  34.0094   0.0598201   0.96466   32.8461 	Dead: 0
49  33.9638   0.0557257   0.898633  32.8461 	Dead: 0
50  33.976    0.0575076   0.927367  32.8461 	Dead: 0
51  33.9135   0.0498974   0.804646  32.7107 	Dead: 0
52  33.9378   0.0585033   0.943425  32.7107 	Dead: 0
53  33.9214   0.0548519   0.884542  32.7107 	Dead: 0
54  33.9154   0.0543439   0.876349  32.7107 	Dead: 0
55  33.9041   0.0540963   0.872357  32.7107 	Dead: 0
56  33.9264   0.0560806   0.904355  32.7107 	Dead: 0
57  33.9543   0.0594727   0.959056  32.7107 	Dead: 0
58  33.9504   0.0597236   0.963103  32.7107 	Dead: 0
59  33.871    0.0521072   0.840281  32.7107 	Dead: 0
60  33.8552   0.0526082   0.84836   32.7107 	Dead: 0
61  33.8936   0.0554194   0.893694  32.7107 	Dead: 0
62  33.8749   0.0533975   0.861088  32.7107 	Dead: 0
63  33.8877   0.0542027   0.874073  32.7107 	Dead: 0
64  33.8789   0.0530474   0.855443  32.7026 	Dead: 0
65  33.8799   0.0541697   0.873541  32.7026 	Dead: 0
66  33.8431   0.0516141   0.832329  32.7026 	Dead: 0
67  33.8693   0.0572802   0.923701  32.7026 	Dead: 0
68  33.8749   0.0582387   0.939157  32.7026 	Dead: 0
69  33.8607   0.0592073   0.954777  32.7026 	Dead: 0
70  33.8371   0.0571473   0.921557  32.7026 	Dead: 0
71  33.8053   0.05134     0.827909  32.7026 	Dead: 0
72  33.8293   0.0540926   0.872297  32.7026 	Dead: 0
73  33.8454   0.0593419   0.956947  32.6557 	Dead: 0
74  33.8189   0.0559983   0.903028  32.6557 	Dead: 0
75  33.8178   0.0571475   0.921561  32.6557 	Dead: 0
76  33.7747   0.052178    0.841422  32.6557 	Dead: 0
77  33.7606   0.0519165   0.837205  32.6557 	Dead: 0
78  33.788    0.0567976   0.915918  32.6557 	Dead: 0
79  33.7923   0.0546963   0.882033  32.6557 	Dead: 0
80  33.8004   0.0596932   0.962612  32.6557 	Dead: 0
81  33.7603   0.0523815   0.844705  32.6557 	Dead: 0
82  33.8047   0.0552522   0.890997  32.6557 	Dead: 0
83  33.7573   0.0543142   0.875871  32.6557 	Dead: 0
84  33.7675   0.056387    0.909296  32.6557 	Dead: 0
85  33.744    0.0514562   0.829782  32.6557 	Dead: 0
86  33.7357   0.0506797   0.81726   32.6557 	Dead: 0
87  33.7189   0.0502034   0.809579  32.6557 	Dead: 0
88  33.708    0.0516714   0.833253  32.6557 	Dead: 0
89  33.7316   0.0540335   0.871345  32.6557 	Dead: 0
90  33.7248   0.0552332   0.890691  32.6557 	Dead: 0
91  33.7238   0.053814    0.867804  32.6557 	Dead: 0
92  33.7225   0.0497299   0.801944  32.6557 	Dead: 0
93  33.729    0.0516014   0.832125  32.6557 	Dead: 0
94  33.7009   0.0500301   0.806785  32.6557 	Dead: 0
95  33.6924   0.0496353   0.80042   32.6557 	Dead: 0
96  33.743    0.0554875   0.894791  32.6557 	Dead: 0
97  33.7052   0.0500098   0.806459  32.6557 	Dead: 0
98  33.7087   0.0512564   0.826561  32.6557 	Dead: 0
99  33.6748   0.0482007   0.777284  32.6557 	Dead: 0
100 33.7141   0.0517019   0.833745  32.6345 	Dead: 0
