0   30.0543   0.139263    2.24576   23.0514 	Dead: 0
1   28.4172   0.139155    2.24401   22.5535 	Dead: 0
2   26.8988   0.116901    1.88515   21.4429 	Dead: 0
3   25.7273   0.106842    1.72293   20.8931 	Dead: 0
4   24.8969   0.10115     1.63115   20.5392 	Dead: 0
5   24.0717   0.0993323   1.60183   19.409  	Dead: 0
6   23.3169   0.0913278   1.47275   19.2054 	Dead: 0
7   22.8471   0.0904313   1.4583    18.461  	Dead: 0
8   22.4845   0.092713    1.49509   18.461  	Dead: 0
9   22.151    0.0923544   1.48931   18.461  	Dead: 0
10  21.8344   0.0970513   1.56505   17.0124 	Dead: 0
11  21.5746   0.102777    1.65738   16.9835 	Dead: 0
12  21.2094   0.100273    1.617     16.9835 	Dead: 0
13  20.9707   0.102892    1.65924   16.3897 	Dead: 0
14  20.7104   0.106657    1.71995   16.0278 	Dead: 0
15  20.3025   0.106637    1.71963   15.5694 	Dead: 0
16  19.9334   0.108974    1.75731   15.5388 	Dead: 0
17  19.5042   0.105737    1.70512   13.9845 	Dead: 0
18  19.0021   0.104788    1.68982   13.9845 	Dead: 0
19  18.4717   0.103867    1.67496   13.8165 	Dead: 0
20  18.0003   0.101139    1.63096   13.3061 	Dead: 0
21  17.5895   0.099224    1.60009   13.1038 	Dead: 0
22  17.3013   0.108416    1.74832   13.1038 	Dead: 0
23  16.8838   0.105475    1.70089   11.546  	Dead: 0
24  16.5094   0.106555    1.7183    11.546  	Dead: 0
25  16.0826   0.105957    1.70867   11.3768 	Dead: 0
26  15.7622   0.107415    1.73218   11.3768 	Dead: 0
27  15.3352   0.103646    1.6714    11.1281 	Dead: 0
28  15.0855   0.105225    1.69686   11.1281 	Dead: 0
29  14.7504   0.106647    1.71979   11.1281 	Dead: 0
30  14.4626   0.106663    1.72004   10.1878 	Dead: 0
31  14.151    0.105847    1.70689   9.3278  	Dead: 0
32  13.864    0.105967    1.70883   9.3278  	Dead: 0
33  13.6628   0.108766    1.75396   7.80212 	Dead: 0
34  13.3905   0.10977     1.77016   7.80212 	Dead: 0
35  13.1741   0.111114    1.79182   7.80212 	Dead: 0
36  12.9336   0.111105    1.79167   7.80212 	Dead: 0
37  12.7685   0.11314     1.8245    7.80212 	Dead: 0
38  12.6016   0.114692    1.84952   7.80212 	Dead: 0
39  12.4157   0.11628     1.87513   7.80212 	Dead: 0
40  12.39     0.127312    2.05304   7.73528 	Dead: 0
41  12.1197   0.121903    1.96581   7.73528 	Dead: 0
42  11.7541   0.116031    1.87112   7.06369 	Dead: 0
43  11.5354   0.127045    2.04873   6.76386 	Dead: 0
44  11.148    0.129167    2.08295   6.60619 	Dead: 0
45  10.8447   0.127585    2.05744   6.20054 	Dead: 0
46  10.5323   0.120761    1.94739   5.8593  	Dead: 0
47  10.1995   0.11927     1.92335   5.8593  	Dead: 0
48  9.83347   0.112297    1.8109    5.8593  	Dead: 0
49  9.70258   0.119895    1.93343   5.60955 	Dead: 0
50  9.41522   0.108618    1.75158   4.54363 	Dead: 0
51  9.27299   0.115565    1.86359   4.54363 	Dead: 0
52  8.99219   0.113693    1.83341   4.54363 	Dead: 0
53  8.8347    0.112491    1.81402   4.54363 	Dead: 0
54  8.65339   0.112651    1.81661   4.54363 	Dead: 0
55  8.53375   0.116327    1.87589   4.54363 	Dead: 0
56  8.46437   0.120558    1.94411   4.54363 	Dead: 0
57  8.29734   0.115518    1.86284   4.54363 	Dead: 0
58  8.26705   0.118671    1.91369   4.54363 	Dead: 0
59  8.09248   0.115398    1.86091   4.54363 	Dead: 0
60  7.92134   0.1129      1.82062   4.54363 	Dead: 0
61  7.77689   0.109316    1.76284   4.54363 	Dead: 0
62  7.72112   0.106038    1.70997   4.54363 	Dead: 0
63  7.70919   0.111184    1.79295   4.54363 	Dead: 0
64  7.51462   0.102049    1.64564   4.54363 	Dead: 0
65  7.51125   0.105676    1.70414   4.54363 	Dead: 0
66  7.4588    0.109411    1.76436   4.34246 	Dead: 0
67  7.37997   0.110297    1.77865   3.69437 	Dead: 0
68  7.39424   0.119236    1.9228    3.69437 	Dead: 0
69  7.33035   0.112264    1.81037   3.69437 	Dead: 0
70  7.18516   0.106354    1.71507   3.69437 	Dead: 0
71  7.03778   0.101329    1.63402   3.69437 	Dead: 0
72  6.9482    0.0997418   1.60844   3.69437 	Dead: 0
73  6.9758    0.106482    1.71713   3.69437 	Dead: 0
74  6.92219   0.105604    1.70296   3.69437 	Dead: 0
75  6.84264   0.102563    1.65393   3.69437 	Dead: 0
76  6.8822    0.107323    1.73069   3.69437 	Dead: 0
77  6.8484    0.105293    1.69795   3.69437 	Dead: 0
78  6.67263   0.0965216   1.55651   3.69437 	Dead: 0
79  6.72013   0.103037    1.66158   3.69437 	Dead: 0
80  6.65715   0.102712    1.65633   3.69437 	Dead: 0
81  6.55293   0.0990447   1.59719   3.69437 	Dead: 0
82  6.5078    0.0959866   1.54788   3.69437 	Dead: 0
83  6.51906   0.101593    1.63829   3.69437 	Dead: 0
84  6.44151   0.0942178   1.51936   3.69437 	Dead: 0
85  6.45233   0.102163    1.64747   3.69437 	Dead: 0
86  6.44112   0.0985049   1.58849   3.69437 	Dead: 0
87  6.32492   0.0956537   1.54251   3.69437 	Dead: 0
88  6.31782   0.0948987   1.53034   3.69437 	Dead: 0
89  6.29443   0.091683    1.47848   3.69437 	Dead: 0
90  6.29611   0.0947738   1.52832   3.69437 	Dead: 0
91  6.21285   0.0926347   1.49383   3.69437 	Dead: 0
92  6.25513   0.10162     1.63873   3.69437 	Dead: 0
93  6.18541   0.0977268   1.57594   3.69437 	Dead: 0
94  6.14963   0.0907765   1.46386   3.69437 	Dead: 0
95  6.1303    0.0905662   1.46047   3.69437 	Dead: 0
96  6.10754   0.0900094   1.45149   3.69437 	Dead: 0
97  6.09487   0.0923585   1.48937   3.69437 	Dead: 0
98  6.07349   0.0908494   1.46504   3.69437 	Dead: 0
99  6.0516    0.0925211   1.492     3.69437 	Dead: 0
100 6.04104   0.0912667   1.47177   3.69437 	Dead: 0
