0   30.0206   0.140915    2.2724    24.1743 	Dead: 0
1   28.3999   0.129368    2.08618   22.4041 	Dead: 0
2   27.0757   0.121781    1.96384   21.6084 	Dead: 0
3   25.9531   0.118456    1.91022   20.1362 	Dead: 0
4   24.6553   0.113213    1.82567   18.1983 	Dead: 0
5   23.5247   0.103458    1.66837   18.1203 	Dead: 0
6   22.5567   0.0976952   1.57543   18.1203 	Dead: 0
7   21.7668   0.0954272   1.53886   17.2882 	Dead: 0
8   21.1612   0.0929268   1.49854   16.3213 	Dead: 0
9   20.6324   0.0877235   1.41463   16.3213 	Dead: 0
10  20.1867   0.0908566   1.46515   15.9733 	Dead: 0
11  19.8937   0.0978526   1.57797   15.9075 	Dead: 0
12  19.5087   0.0967204   1.55971   15.4758 	Dead: 0
13  19.1259   0.0933352   1.50512   13.9919 	Dead: 0
14  18.8218   0.0970817   1.56554   13.9919 	Dead: 0
15  18.4446   0.0991182   1.59838   13.0679 	Dead: 0
16  18.2143   0.100338    1.61805   13.0679 	Dead: 0
17  17.832    0.100498    1.62063   13.0154 	Dead: 0
18  17.5294   0.109013    1.75795   13.0154 	Dead: 0
19  17.1619   0.109048    1.75851   12.3541 	Dead: 0
20  16.792    0.110582    1.78324   11.2452 	Dead: 0
21  16.3744   0.104293    1.68183   11.2452 	Dead: 0
22  15.9579   0.105318    1.69837   10.8631 	Dead: 0
23  15.6831   0.108327    1.74688   10.8631 	Dead: 0
24  15.336    0.107005    1.72557   10.8631 	Dead: 0
25  15.0806   0.110757    1.78606   10.459  	Dead: 0
26  14.6891   0.106745    1.72137   10.459  	Dead: 0
27  14.4057   0.110159    1.77643   9.16541 	Dead: 0
28  14.0725   0.110597    1.78349   9.16541 	Dead: 0
29  13.7145   0.103035    1.66154   9.16541 	Dead: 0
30  13.4888   0.108653    1.75214   9.16541 	Dead: 0
31  13.2041   0.111062    1.79098   8.34304 	Dead: 0
32  12.8985   0.112021    1.80646   8.34304 	Dead: 0
33  12.5571   0.104669    1.6879    8.11086 	Dead: 0
34  12.299    0.107473    1.73312   7.67663 	Dead: 0
35  12.031    0.104874    1.6912    7.67663 	Dead: 0
36  11.6964   0.100325    1.61784   7.67663 	Dead: 0
37  11.36     0.102427    1.65174   7.25018 	Dead: 0
38  11.1642   0.107832    1.73891   5.73945 	Dead: 0
39  10.9954   0.110099    1.77546   5.73945 	Dead: 0
40  10.6386   0.106183    1.71231   5.73945 	Dead: 0
41  10.4405   0.105588    1.70271   5.73945 	Dead: 0
42  10.2014   0.105284    1.69781   5.73945 	Dead: 0
43  9.94368   0.10615     1.71178   5.73945 	Dead: 0
44  9.76621   0.107217    1.72899   5.73945 	Dead: 0
45  9.53054   0.105642    1.70359   5.73945 	Dead: 0
46  9.37643   0.105958    1.70868   5.39364 	Dead: 0
47  9.22224   0.105699    1.7045    5.39364 	Dead: 0
48  9.03974   0.105514    1.70152   5.39364 	Dead: 0
49  8.80389   0.103893    1.67538   5.39364 	Dead: 0
50  8.67168   0.107166    1.72816   4.95269 	Dead: 0
51  8.54185   0.105768    1.70561   4.95269 	Dead: 0
52  8.40296   0.110494    1.78183   4.94552 	Dead: 0
53  8.2154    0.103951    1.67632   4.94552 	Dead: 0
54  8.09229   0.104277    1.68156   4.94552 	Dead: 0
55  8.01273   0.104659    1.68773   4.61997 	Dead: 0
56  7.95587   0.110214    1.77731   4.61997 	Dead: 0
57  7.73731   0.10208     1.64614   4.61997 	Dead: 0
58  7.66361   0.106336    1.71478   4.61997 	Dead: 0
59  7.54731   0.103437    1.66802   4.48053 	Dead: 0
60  7.33081   0.0961291   1.55018   4.45229 	Dead: 0
61  7.29947   0.106201    1.7126    4.45229 	Dead: 0
62  7.17087   0.106726    1.72106   4.45229 	Dead: 0
63  6.93052   0.0976459   1.57464   4.10007 	Dead: 0
64  6.82876   0.0941346   1.51802   4.10007 	Dead: 0
65  6.78429   0.0948297   1.52922   4.10007 	Dead: 0
66  6.64707   0.0910886   1.46889   3.94008 	Dead: 0
67  6.55601   0.088504    1.42722   3.94008 	Dead: 0
68  6.5402    0.0937257   1.51142   3.94008 	Dead: 0
69  6.45587   0.0920109   1.48377   3.94008 	Dead: 0
70  6.46677   0.0946556   1.52642   3.94008 	Dead: 0
71  6.44642   0.0925896   1.4931    3.71999 	Dead: 0
72  6.38262   0.0874332   1.40995   3.71999 	Dead: 0
73  6.31135   0.0878649   1.41691   3.71999 	Dead: 0
74  6.24493   0.0873614   1.40879   3.71999 	Dead: 0
75  6.22988   0.0868695   1.40086   3.71999 	Dead: 0
76  6.18843   0.0863192   1.39198   3.71999 	Dead: 0
77  6.17919   0.0859127   1.38543   3.71999 	Dead: 0
78  6.15126   0.0871973   1.40614   3.71999 	Dead: 0
79  6.08483   0.0839579   1.35391   3.71999 	Dead: 0
80  6.09467   0.0847774   1.36712   3.71999 	Dead: 0
81  6.12372   0.0915088   1.47567   3.71999 	Dead: 0
82  6.0506    0.0879715   1.41863   3.71999 	Dead: 0
83  6.01554   0.0852112   1.37412   3.71999 	Dead: 0
84  6.04035   0.0903046   1.45625   3.71999 	Dead: 0
85  5.95686   0.0870535   1.40383   3.71999 	Dead: 0
86  5.93633   0.0855528   1.37962   3.71999 	Dead: 0
87  5.90742   0.0839272   1.35341   3.71999 	Dead: 0
88  5.97413   0.0895992   1.44488   3.71999 	Dead: 0
89  5.93898   0.0890788   1.43648   3.71999 	Dead: 0
90  5.8431    0.0809997   1.3062    3.71999 	Dead: 0
91  5.91286   0.0841102   1.35636   3.71999 	Dead: 0
92  5.82813   0.0803306   1.29541   3.71999 	Dead: 0
93  5.80135   0.080616    1.30001   3.71999 	Dead: 0
94  5.76886   0.0808731   1.30416   3.71999 	Dead: 0
95  5.80531   0.0858373   1.38421   3.71999 	Dead: 0
96  5.77165   0.0844773   1.36228   3.61369 	Dead: 0
97  5.74655   0.0818683   1.32021   3.61369 	Dead: 0
98  5.71532   0.0834925   1.3464    3.61369 	Dead: 0
99  5.76439   0.0856616   1.38138   3.60183 	Dead: 0
100 5.70048   0.0810779   1.30746   3.60183 	Dead: 0
