0   9.4512    0.0489169   0.788834  13      
1   12.5916   0.0709281   1.14379   16.6    
2   14.4686   0.0953588   1.53776   19      
3   16.3224   0.129684    2.09129   22.2    
4   17.6976   0.161246    2.60026   24      
5   18.8448   0.185828    2.99666   27.2    
6   19.6504   0.200924    3.2401    27.2    
7   20.0608   0.225828    3.6417    30.2    
8   20.6038   0.23663     3.8159    30.2    
9   21.1188   0.238878    3.85214   32      
10  21.568    0.258523    4.16894   32      
11  21.708    0.269693    4.34906   32      
12  22.0656   0.276356    4.45651   32      
13  22.3762   0.279761    4.51143   32      
14  22.411    0.294574    4.75029   32      
15  22.6316   0.294675    4.75193   32      
16  22.9232   0.291431    4.69962   32      
17  23.024    0.304531    4.91086   32      
18  23.154    0.315362    5.08553   34.2    
19  23.399    0.307037    4.95128   34.2    
20  23.7134   0.310505    5.00721   35      
21  23.837    0.319924    5.15909   35      
22  23.864    0.328448    5.29656   36.4    
23  24.0724   0.329357    5.31121   36.4    
24  24.4118   0.328947    5.30461   37.2    
25  24.2088   0.335883    5.41646   37.2    
26  24.6148   0.337353    5.44015   37.2    
27  24.4738   0.351466    5.66774   37.2    
28  24.8866   0.354184    5.71157   38.2    
29  24.8986   0.353947    5.70774   38.2    
30  25.2786   0.351774    5.6727    38.2    
31  25.2336   0.355385    5.73095   38.2    
32  25.163    0.355223    5.72833   38.2    
33  25.1594   0.369175    5.95332   38.2    
34  25.296    0.368402    5.94085   38.2    
35  25.5546   0.366838    5.91562   38.2    
36  25.189    0.376701    6.07469   38.2    
37  25.468    0.381772    6.15645   38.2    
38  25.3418   0.388866    6.27085   38.2    
39  25.4302   0.380975    6.1436    40      
40  25.5442   0.388052    6.25772   40      
41  25.7974   0.375583    6.05665   40      
42  25.8836   0.378335    6.10103   40      
43  25.857    0.390141    6.29142   41.2    
44  25.799    0.385924    6.22341   41.2    
45  25.9902   0.387851    6.25448   41.2    
46  25.8598   0.387402    6.24724   41.2    
47  26.178    0.380709    6.13931   41.2    
48  26.0134   0.387416    6.24748   41.2    
49  26.1842   0.397477    6.40971   41.2    
50  25.7642   0.406514    6.55545   41.2    
51  26.2456   0.361822    5.83474   41.2    
52  26.074    0.360801    5.81827   41.2    
53  25.9918   0.361326    5.82675   41.2    
54  25.7404   0.369782    5.9631    41.2    
55  25.9952   0.365       5.88599   41.2    
56  25.8738   0.372982    6.0147    41.2    
57  26.1882   0.362979    5.8534    41.2    
58  26.1172   0.365917    5.90078   41.2    
59  26.3128   0.355732    5.73654   41.2    
60  26.044    0.366079    5.90339   41.2    
61  26.2208   0.363761    5.86601   41.2    
62  26.1882   0.367236    5.92205   41.2    
63  26.2372   0.37313     6.01709   41.2    
64  26.1026   0.3674      5.92469   41.2    
65  26.2064   0.36277     5.85004   41.2    
66  26.196    0.367177    5.9211    41.2    
67  26.2046   0.374935    6.0462    41.2    
68  26.3398   0.368825    5.94767   41.2    
69  26.5008   0.36624     5.90598   41.2    
70  26.228    0.374849    6.04481   41.2    
71  26.0722   0.383859    6.19011   41.2    
72  26.22     0.379979    6.12754   41.2    
73  26.292    0.369204    5.95378   41.2    
74  26.3296   0.370913    5.98134   41.2    
75  26.5312   0.372701    6.01018   41.2    
76  26.2028   0.380799    6.14077   41.2    
77  26.3308   0.375717    6.05881   41.2    
78  26.5694   0.369384    5.95668   41.2    
79  26.3862   0.378174    6.09843   41.2    
80  26.7476   0.371029    5.98321   41.2    
81  26.5956   0.369337    5.95593   41.2    
82  26.434    0.381548    6.15285   41.2    
83  26.5594   0.378018    6.09591   41.2    
84  26.664    0.376298    6.06818   41.2    
85  26.5538   0.384987    6.2083    41.2    
86  26.5986   0.380221    6.13144   41.2    
87  26.5704   0.383043    6.17695   41.2    
88  26.4928   0.382742    6.1721    41.2    
89  26.5124   0.379502    6.11986   41.2    
90  26.905    0.379909    6.12642   41.2    
91  26.7238   0.379023    6.11213   41.2    
92  26.6842   0.387081    6.24207   41.2    
93  26.7596   0.387989    6.25671   41.2    
94  26.692    0.391426    6.31213   41.2    
95  26.814    0.386254    6.22874   41.2    
96  26.9138   0.389667    6.28377   42.6    
97  26.7696   0.392276    6.32585   42.6    
98  26.959    0.392608    6.3312    42.6    
99  26.9576   0.397861    6.4159    42.6    
100 26.8988   0.394104    6.35533   42.6    
