0   9.3212    0.0475848   0.767353  12.2    
1   12.4444   0.0737107   1.18866   15.8    
2   13.7494   0.097267    1.56853   18.4    
3   14.7326   0.128065    2.06517   20      
4   15.412    0.146875    2.36851   21      
5   16.0974   0.157342    2.5373    21.6    
6   16.4466   0.17849     2.87834   23.4    
7   16.7806   0.196411    3.16733   25      
8   17.1624   0.204123    3.29169   25.6    
9   17.269    0.222033    3.5805    25.6    
10  17.6096   0.213733    3.44667   25.6    
11  17.7656   0.224369    3.61817   25.6    
12  18.0522   0.230373    3.715     26      
13  18.4898   0.235968    3.80521   26.2    
14  18.9342   0.237602    3.83157   26.4    
15  19.5384   0.248118    4.00115   27.6    
16  20.3086   0.247918    3.99793   28.2    
17  20.8188   0.261067    4.20997   29.4    
18  21.7264   0.256207    4.1316    31      
19  21.9468   0.287298    4.63297   36.2    
20  22.9374   0.27703     4.46738   36.2    
21  23.3348   0.288911    4.65898   36.2    
22  23.7956   0.307121    4.95263   36.2    
23  24.2418   0.304605    4.91206   36.2    
24  24.5748   0.307987    4.96659   36.2    
25  24.7826   0.321467    5.18398   36.2    
26  25.1342   0.326877    5.27122   36.2    
27  25.364    0.345025    5.56387   37.4    
28  25.7298   0.327077    5.27444   37.4    
29  25.8698   0.349307    5.63292   37.4    
30  26.183    0.335533    5.4108    37.4    
31  26.2576   0.344628    5.55748   38      
32  26.397    0.361399    5.82792   39.6    
33  26.8988   0.342497    5.52311   39.6    
34  26.8026   0.365354    5.89169   39.6    
35  27.0852   0.359273    5.79363   40      
36  27.032    0.375631    6.05743   40      
37  27.1668   0.363617    5.86369   40      
38  27.119    0.380757    6.14009   40      
39  27.2618   0.374489    6.03901   40      
40  27.4634   0.378948    6.11092   41      
41  27.4054   0.385467    6.21604   41      
42  27.6582   0.371166    5.98542   41      
43  27.7      0.376596    6.07299   41      
44  27.73     0.378523    6.10407   41      
45  27.6738   0.381971    6.15967   41      
46  27.6198   0.39425     6.35768   41      
47  27.647    0.39385     6.35123   41      
48  27.7528   0.386439    6.23172   41      
49  27.8194   0.382143    6.16245   41      
50  27.6022   0.397123    6.404     41      
51  27.7818   0.392109    6.32315   41      
52  27.9098   0.386312    6.22967   41      
53  27.9514   0.380956    6.14329   41      
54  27.8904   0.383692    6.18742   41      
55  27.9328   0.395427    6.37666   41      
56  27.9254   0.395673    6.38062   41      
57  27.8556   0.395402    6.37625   41      
58  27.7764   0.397713    6.41352   41      
59  28.0932   0.38404     6.19302   41      
60  28.1196   0.388885    6.27117   41      
61  28.0604   0.399097    6.43584   41      
62  27.9766   0.399631    6.44445   41      
63  28.3808   0.391207    6.3086    41      
64  28.2542   0.395553    6.37869   41      
65  28.3954   0.385523    6.21695   41      
66  28.4462   0.393237    6.34134   41      
67  28.4966   0.391142    6.30756   41      
68  28.619    0.388429    6.2638    41      
69  28.6098   0.39714     6.40428   41      
70  28.2708   0.405187    6.53404   41.4    
71  28.417    0.397485    6.40984   41.4    
72  28.5134   0.406371    6.55314   41.4    
73  28.6584   0.405103    6.5327    41.6    
74  28.677    0.406972    6.56284   41.6    
75  28.6408   0.410986    6.62757   41.6    
76  28.6702   0.407516    6.5716    41.6    
77  28.8332   0.401046    6.46726   41.6    
78  28.8502   0.401576    6.47581   41.6    
79  28.769    0.411478    6.6355    41.6    
80  28.945    0.407267    6.56759   41.6    
81  28.9244   0.409412    6.60218   42      
82  28.9852   0.402688    6.49375   42      
83  28.8978   0.418867    6.75465   42      
84  28.7926   0.412511    6.65215   42      
85  28.8892   0.407899    6.57778   42      
86  29.045    0.402203    6.48592   42      
87  28.953    0.414194    6.67929   42      
88  29.0132   0.417533    6.73314   42      
89  29.158    0.404952    6.53026   42      
90  29.0524   0.42098     6.78872   42      
91  29.2144   0.40578     6.54362   42      
92  28.9978   0.40892     6.59424   43.2    
93  29.034    0.419191    6.75988   43.2    
94  29.148    0.414881    6.69037   43.2    
95  29.0292   0.412609    6.65373   43.2    
96  28.928    0.420155    6.77542   43.6    
97  29.069    0.420896    6.78738   43.6    
98  29.1544   0.428102    6.90357   44.8    
99  29.2386   0.415223    6.69589   44.8    
100 29.2328   0.423432    6.82827   44.8    
