0   7.8442    0.0330753   0.533373  9.8     
1   10.325    0.0425752   0.686568  14      
2   13.442    0.0558048   0.899909  17      
3   15.6316   0.0700584   1.12976   19.2    
4   17.5086   0.0922221   1.48717   24.6    
5   20.9456   0.12477     2.01204   29.2    
6   23.593    0.150194    2.42203   35      
7   26.4026   0.197074    3.17802   37.6    
8   30.4218   0.294238    4.74489   47      
9   34.7754   0.340449    5.49009   59.6    
10  36.9288   0.383495    6.18424   59.6    
11  38.4768   0.406086    6.54855   59.6    
12  39.4802   0.431193    6.95341   59.6    
13  40.0178   0.455181    7.34024   63.4    
14  40.367    0.468923    7.56185   63.4    
15  41.1126   0.472418    7.61822   63.4    
16  41.2928   0.47757     7.7013    63.4    
17  41.3038   0.496267    8.0028    63.4    
18  41.5142   0.499623    8.05692   63.4    
19  42.04     0.497525    8.02309   63.4    
20  42.1872   0.505216    8.14711   63.4    
21  42.2386   0.515961    8.32038   63.4    
22  42.405    0.520536    8.39417   63.4    
23  42.8644   0.517916    8.35191   63.4    
24  42.8916   0.528643    8.5249    63.4    
25  42.96     0.533423    8.60198   63.4    
26  42.912    0.532064    8.58007   63.4    
27  43.0864   0.539928    8.70688   63.4    
28  43.2044   0.533757    8.60736   63.4    
29  43.3342   0.542792    8.75306   63.4    
30  43.0024   0.548776    8.84956   63.4    
31  43.2878   0.547836    8.83441   63.4    
32  43.18     0.557406    8.98873   63.4    
33  43.408    0.549244    8.85711   63.4    
34  43.3552   0.558468    9.00586   63.4    
35  43.0452   0.555297    8.95471   63.4    
36  43.4316   0.544949    8.78785   63.4    
37  43.509    0.556405    8.97259   63.4    
38  43.4028   0.552095    8.90308   63.4    
39  43.7224   0.550995    8.88535   63.4    
40  43.1958   0.568652    9.17008   63.4    
41  43.3152   0.568805    9.17256   63.4    
42  43.2766   0.563634    9.08917   63.4    
43  43.6998   0.573629    9.25034   63.4    
44  43.9008   0.569907    9.19033   63.4    
45  43.5962   0.568173    9.16236   63.4    
46  43.8886   0.551786    8.8981    63.4    
47  43.9562   0.555626    8.96002   63.8    
48  43.9456   0.5687      9.17086   63.8    
49  43.7812   0.568169    9.1623    63.8    
50  43.9348   0.558922    9.01318   63.8    
51  43.6616   0.565213    9.11463   63.8    
52  43.805    0.569583    9.1851    63.8    
53  43.672    0.578561    9.32988   63.8    
54  43.9146   0.575072    9.27361   63.8    
55  43.6446   0.568803    9.17251   63.8    
56  43.4252   0.583966    9.41704   63.8    
57  43.5266   0.578239    9.32468   63.8    
58  43.571    0.580461    9.36051   63.8    
59  43.7432   0.563372    9.08494   63.8    
60  43.8788   0.561375    9.05273   63.8    
61  43.7284   0.574875    9.27044   63.8    
62  43.581    0.579048    9.33773   63.8    
63  43.5366   0.585987    9.44963   63.8    
64  43.6246   0.584171    9.42034   63.8    
65  43.7856   0.572582    9.23346   63.8    
66  43.3228   0.582718    9.39691   63.8    
67  43.6302   0.568002    9.1596    63.8    
68  43.7634   0.576359    9.29437   63.8    
69  43.811    0.575109    9.27421   63.8    
70  43.5992   0.583502    9.40955   63.8    
71  43.837    0.569075    9.17691   63.8    
72  43.9412   0.565271    9.11557   63.8    
73  44.1974   0.56009     9.03201   63.8    
74  43.3552   0.599009    9.65962   63.8    
75  43.8182   0.575594    9.28202   63.8    
76  44.067    0.569051    9.17651   63.8    
77  43.5364   0.583793    9.41425   63.8    
78  44.0522   0.572407    9.23064   63.8    
79  43.857    0.574083    9.25766   63.8    
80  43.812    0.573774    9.25268   63.8    
81  44.0002   0.576503    9.29668   63.8    
82  44.2032   0.570289    9.19649   63.8    
83  43.6434   0.587841    9.47952   63.8    
84  43.9812   0.573627    9.25032   63.8    
85  43.9614   0.575616    9.28239   63.8    
86  43.801    0.575999    9.28855   63.8    
87  43.937    0.573118    9.2421    63.8    
88  43.9682   0.579089    9.3384    63.8    
89  44.062    0.565433    9.11818   63.8    
90  44.2206   0.556061    8.96704   63.8    
91  44.1482   0.565824    9.12448   63.8    
92  43.8664   0.578909    9.33549   63.8    
93  43.998    0.579361    9.34277   63.8    
94  44.0786   0.578343    9.32636   63.8    
95  44.096    0.576677    9.2995    63.8    
96  43.8796   0.589484    9.50602   63.8    
97  44.2182   0.574614    9.26622   63.8    
98  43.977    0.577438    9.31177   63.8    
99  43.8628   0.574218    9.25985   63.8    
100 43.917    0.593468    9.57026   63.8    
