0   7.8624    0.0339576   0.5476    9.8     
1   10.3844   0.0421933   0.680409  12.6    
2   12.7234   0.055742    0.898895  16.8    
3   15.2632   0.072479    1.1688    18.8    
4   17.3142   0.0846044   1.36433   21.2    
5   18.989    0.105243    1.69715   22.8    
6   20.3932   0.122623    1.97742   25.2    
7   22.356    0.137164    2.21191   27.8    
8   23.6822   0.163291    2.63323   31      
9   25.4332   0.171067    2.75863   37.4    
10  27.7712   0.217635    3.50958   39.6    
11  32.5676   0.281893    4.5458    45.2    
12  35.7818   0.316671    5.10664   49.8    
13  37.049    0.351227    5.66388   50.2    
14  37.9596   0.383251    6.18031   50.2    
15  38.7178   0.408038    6.58002   52      
16  40.0586   0.43201     6.96659   56.6    
17  40.7174   0.447137    7.21053   56.6    
18  41.5678   0.468535    7.55559   61      
19  41.4024   0.500707    8.0744    61      
20  42.564    0.494338    7.97169   61      
21  42.5112   0.520824    8.39881   61      
22  42.9674   0.510983    8.24011   61.4    
23  42.9002   0.527112    8.5002    61.4    
24  43.3202   0.532465    8.58654   62.4    
25  43.3362   0.541708    8.73558   62.4    
26  43.6208   0.534604    8.62102   62.4    
27  43.5534   0.550306    8.87424   62.4    
28  43.9002   0.552864    8.91549   63.4    
29  43.615    0.556614    8.97596   63.4    
30  43.3724   0.563644    9.08932   63.4    
31  43.5278   0.573339    9.24566   63.4    
32  43.7294   0.564454    9.10239   63.4    
33  44.0534   0.561778    9.05924   63.4    
34  44.1658   0.549697    8.86441   63.4    
35  44.2534   0.558538    9.00699   63.4    
36  43.93     0.577862    9.3186    63.4    
37  44.4446   0.559909    9.02909   63.8    
38  44.6982   0.559615    9.02434   63.8    
39  44.3836   0.57507     9.27357   63.8    
40  44.439    0.572091    9.22553   67.4    
41  44.379    0.586974    9.46555   67.4    
42  44.1262   0.59194     9.54562   67.4    
43  44.226    0.575262    9.27667   67.4    
44  44.2876   0.577932    9.31974   67.4    
45  44.3066   0.57399     9.25616   67.4    
46  44.4794   0.576618    9.29854   67.4    
47  44.4928   0.575773    9.28492   67.4    
48  44.5586   0.585994    9.44974   67.4    
49  44.5774   0.585052    9.43455   67.4    
50  44.7606   0.579053    9.33782   67.4    
51  44.3306   0.607451    9.79576   67.4    
52  44.6138   0.596718    9.62268   67.4    
53  44.9312   0.589184    9.50117   67.4    
54  44.4856   0.598236    9.64716   67.4    
55  44.6804   0.595135    9.59715   67.4    
56  44.7294   0.599964    9.67502   67.4    
57  44.7122   0.60741     9.79509   67.4    
58  44.837    0.600777    9.68813   67.4    
59  44.837    0.587481    9.47373   67.4    
60  44.8804   0.601292    9.69644   67.4    
61  44.6008   0.601385    9.69794   67.4    
62  44.6748   0.597261    9.63142   67.4    
63  44.8392   0.59546     9.60239   67.4    
64  44.523    0.612484    9.87692   67.4    
65  44.746    0.594421    9.58563   67.4    
66  44.8822   0.59377     9.57514   67.4    
67  44.4398   0.600775    9.6881    67.4    
68  44.5722   0.613318    9.89037   67.4    
69  45.0176   0.583728    9.4132    67.4    
70  44.463    0.60752     9.79687   67.4    
71  44.6486   0.607964    9.80403   67.4    
72  44.6708   0.60563     9.76639   67.4    
73  44.6924   0.613021    9.88558   67.4    
74  44.7032   0.616577    9.94293   67.4    
75  44.7874   0.617941    9.96491   67.4    
76  44.857    0.602969    9.72347   67.4    
77  45.0406   0.612656    9.87969   67.4    
78  44.985    0.60001     9.67576   67.4    
79  45.2854   0.603839    9.7375    67.4    
80  45.1986   0.595514    9.60326   67.4    
81  45.1818   0.598319    9.6485    67.4    
82  45.2174   0.59469     9.58997   67.4    
83  44.973    0.597636    9.63748   67.4    
84  45.1822   0.592356    9.55233   67.4    
85  45.3726   0.59391     9.5774    67.4    
86  44.834    0.614643    9.91174   67.4    
87  45.0468   0.609301    9.82559   67.4    
88  45.2254   0.597484    9.63503   67.4    
89  45.1272   0.60952     9.82912   67.4    
90  45.2884   0.612117    9.87099   67.4    
91  45.242    0.616623    9.94367   67.4    
92  45.3644   0.605823    9.7695    67.4    
93  45.0738   0.611726    9.8647    67.4    
94  45.0312   0.619598    9.99164   67.4    
95  44.9854   0.610869    9.85087   67.4    
96  44.873    0.620211    10.0015   67.4    
97  44.9188   0.62059     10.0076   67.4    
98  44.9072   0.61944     9.98908   67.4    
99  45.4482   0.598368    9.64928   67.4    
100 45.2972   0.602543    9.71661   67.4    
