0   9.4612    0.0471458   0.760273  12      
1   12.2866   0.0662144   1.06777   17.2    
2   14.3884   0.101958    1.64417   19      
3   15.7514   0.135297    2.1818    22.4    
4   16.4492   0.149722    2.41442   22.4    
5   17.1578   0.160493    2.58811   22.8    
6   17.5256   0.174242    2.80982   23      
7   18.0244   0.175707    2.83345   24.6    
8   18.3188   0.183252    2.95513   26.4    
9   18.894    0.197002    3.17686   27.4    
10  19.2166   0.212709    3.43014   27.4    
11  19.66     0.222139    3.58221   27.8    
12  20.0614   0.236407    3.8123    27.8    
13  20.5082   0.231703    3.73644   27.8    
14  20.7842   0.249692    4.02654   29.2    
15  21.3834   0.240009    3.87038   33.6    
16  21.5748   0.266031    4.29002   33.6    
17  21.9088   0.268346    4.32735   33.6    
18  22.4948   0.269008    4.33802   33.6    
19  22.7096   0.278333    4.4884    33.6    
20  23.0104   0.28058     4.52464   33.6    
21  23.0038   0.300828    4.85115   33.6    
22  23.4806   0.292461    4.71623   35      
23  23.8278   0.295066    4.75824   35      
24  24.072    0.301912    4.86863   35      
25  24.352    0.300978    4.85358   35.6    
26  24.332    0.313388    5.0537    36.4    
27  24.7908   0.311287    5.01982   36.4    
28  24.7976   0.31198     5.03099   36.8    
29  24.9868   0.320943    5.17553   36.8    
30  25.2348   0.326023    5.25744   36.8    
31  25.266    0.333417    5.37668   36.8    
32  25.511    0.333612    5.37983   36.8    
33  25.4268   0.341228    5.50265   36.8    
34  25.898    0.332124    5.35583   37.6    
35  25.8752   0.341482    5.50674   37.6    
36  25.96     0.345297    5.56826   37.6    
37  26.195    0.335318    5.40734   37.6    
38  26.1656   0.346355    5.58533   37.6    
39  26.3244   0.342478    5.52279   37.6    
40  26.1532   0.35495     5.72393   37.6    
41  26.5888   0.347025    5.59613   37.6    
42  26.4724   0.351866    5.6742    37.6    
43  26.5076   0.361601    5.83117   37.6    
44  26.6722   0.35748     5.76473   38.8    
45  26.6682   0.363788    5.86645   38.8    
46  26.6894   0.364458    5.87725   38.8    
47  26.732    0.361057    5.82241   38.8    
48  26.8936   0.361583    5.83089   38.8    
49  26.8352   0.37272     6.01049   39.2    
50  26.9782   0.370887    5.98093   39.2    
51  27.1376   0.361322    5.82669   39.2    
52  27.1896   0.364119    5.87179   39.2    
53  27.0844   0.368654    5.94491   39.2    
54  26.9338   0.385568    6.21766   39.2    
55  26.9844   0.380609    6.13769   39.2    
56  26.9484   0.377698    6.09076   39.2    
57  27.1726   0.378563    6.10471   39.2    
58  27.1178   0.382288    6.16477   39.2    
59  27.3132   0.378178    6.0985    39.2    
60  27.2254   0.386349    6.23026   40.2    
61  27.4208   0.38352     6.18464   40.2    
62  27.4036   0.388919    6.2717    40.2    
63  27.2078   0.401043    6.46723   44      
64  27.4568   0.392433    6.32837   44      
65  27.1252   0.398773    6.43062   44      
66  27.5242   0.391153    6.30773   44      
67  27.4372   0.391471    6.31285   44      
68  27.3256   0.388703    6.26823   44      
69  27.4788   0.396344    6.39145   44      
70  27.584    0.386035    6.22519   44      
71  27.43     0.394114    6.35548   44      
72  27.6956   0.389556    6.28199   44      
73  27.8356   0.386977    6.24039   44      
74  27.587    0.400588    6.45988   44      
75  27.5      0.402014    6.48288   44      
76  27.8198   0.391849    6.31896   44      
77  27.6636   0.395077    6.37101   44      
78  27.7758   0.40457     6.5241    44      
79  27.736    0.395055    6.37066   44      
80  27.5402   0.404319    6.52005   44      
81  27.7504   0.402014    6.48288   44      
82  27.7716   0.408501    6.58749   44      
83  28.2512   0.385922    6.22338   44      
84  27.9406   0.400617    6.46035   44      
85  27.826    0.404004    6.51496   44      
86  28.1042   0.395455    6.37711   44      
87  27.9294   0.398519    6.42652   46.2    
88  27.9042   0.408842    6.59299   46.2    
89  27.9452   0.404137    6.51711   46.2    
90  27.9704   0.406968    6.56276   46.2    
91  28.0578   0.410471    6.61925   46.2    
92  27.9594   0.409213    6.59897   46.2    
93  28.123    0.416131    6.71053   46.2    
94  28.169    0.40339     6.50507   46.2    
95  28.214    0.398526    6.42662   46.2    
96  27.9476   0.411973    6.64347   46.2    
97  28.0272   0.410836    6.62514   46.2    
98  28.33     0.395789    6.3825    46.2    
99  28.1212   0.407068    6.56439   46.2    
100 28.0404   0.418666    6.75141   46.2    
