0   7.865     0.0342119   0.551702  10      
1   10.16     0.0438208   0.706654  13.2    
2   12.9478   0.0525965   0.848172  15.6    
3   15.0664   0.0643964   1.03846   18      
4   16.479    0.0807248   1.30177   20      
5   18.9424   0.0963726   1.5541    24.4    
6   21.194    0.113662    1.83291   25.4    
7   22.3808   0.127548    2.05684   28.4    
8   24.1288   0.151881    2.44924   33.8    
9   26.612    0.189834    3.06127   35.4    
10  29.8592   0.219685    3.54263   40      
11  32.2548   0.228855    3.69052   42      
12  33.3366   0.262876    4.23913   46.4    
13  34.264    0.291294    4.69741   48.4    
14  35.6614   0.317376    5.118     49.8    
15  37.4632   0.359806    5.80223   53      
16  38.4228   0.39193     6.32026   53.8    
17  39.4176   0.409932    6.61056   58.2    
18  40.0692   0.428345    6.90749   58.2    
19  40.5872   0.454748    7.33327   59.4    
20  41.05     0.460287    7.42259   59.4    
21  41.3622   0.472324    7.6167    59.4    
22  41.5806   0.471618    7.60531   59.4    
23  41.6322   0.487419    7.86012   59.4    
24  41.9734   0.487864    7.86729   59.4    
25  42.076    0.496727    8.01022   59.4    
26  42.4488   0.500771    8.07544   59.4    
27  42.5144   0.505076    8.14486   59.4    
28  42.3848   0.513805    8.28561   60.4    
29  42.5004   0.521853    8.4154    60.4    
30  42.5608   0.518059    8.35421   60.4    
31  42.9058   0.526026    8.4827    60.4    
32  42.8654   0.530451    8.55405   60.4    
33  42.9018   0.529574    8.53991   60.4    
34  43.2076   0.531889    8.57724   60.4    
35  43.2386   0.534459    8.61869   60.4    
36  42.7646   0.554709    8.94523   60.4    
37  43.2006   0.530527    8.55529   60.4    
38  43.2474   0.537454    8.66699   60.4    
39  43.2462   0.550542    8.87805   61.8    
40  43.4476   0.538226    8.67943   61.8    
41  43.4122   0.543847    8.77007   61.8    
42  43.4196   0.54498     8.78835   61.8    
43  43.48     0.553382    8.92384   61.8    
44  43.786    0.540965    8.7236    61.8    
45  43.6346   0.539063    8.69294   61.8    
46  43.6668   0.548876    8.85117   61.8    
47  43.8286   0.543716    8.76796   61.8    
48  43.7374   0.55404     8.93444   62.8    
49  43.6322   0.560446    9.03775   62.8    
50  43.5298   0.569612    9.18557   62.8    
51  43.677    0.562552    9.07171   62.8    
52  43.9964   0.542221    8.74386   62.8    
53  44.0012   0.560163    9.0332    62.8    
54  43.8158   0.568847    9.17322   62.8    
55  43.9278   0.567281    9.14798   62.8    
56  43.6772   0.56963     9.18585   62.8    
57  44.0572   0.560925    9.04547   62.8    
58  44.1122   0.57368     9.25116   64.4    
59  44.0384   0.572164    9.22672   64.4    
60  43.9138   0.568439    9.16665   64.4    
61  43.744    0.584695    9.42879   64.4    
62  43.9426   0.569035    9.17627   64.4    
63  44.0624   0.576887    9.30287   64.4    
64  43.9712   0.561449    9.05393   64.4    
65  43.8814   0.584596    9.42719   64.4    
66  44.0338   0.577904    9.31928   64.4    
67  43.8848   0.595407    9.60153   64.4    
68  44.14     0.582415    9.39203   64.4    
69  43.7498   0.600269    9.67993   64.4    
70  43.9214   0.592089    9.54803   64.4    
71  44.2694   0.5826      9.39501   64.4    
72  44.0872   0.582409    9.39193   64.4    
73  44.3148   0.575337    9.27788   64.4    
74  44.1282   0.589937    9.51332   64.4    
75  43.97     0.583565    9.41057   64.4    
76  44.3862   0.577121    9.30665   64.4    
77  44.3288   0.583296    9.40623   64.4    
78  44.0892   0.590791    9.5271    64.4    
79  44.0512   0.593457    9.57008   64.4    
80  44.2184   0.579261    9.34116   64.4    
81  44.0842   0.592139    9.54883   64.4    
82  44.2924   0.582981    9.40116   64.4    
83  44.202    0.58065     9.36355   64.4    
84  44.1322   0.576837    9.30207   64.4    
85  44.4252   0.596687    9.62218   64.4    
86  44.64     0.581492    9.37713   64.4    
87  44.1384   0.608546    9.81342   64.4    
88  44.256    0.594014    9.57908   64.4    
89  44.2218   0.588486    9.48993   64.4    
90  44.3018   0.581646    9.37962   64.4    
91  44.1678   0.604457    9.74747   64.4    
92  44.562    0.594131    9.58096   64.4    
93  44.1258   0.600169    9.67832   64.4    
94  44.2618   0.591607    9.54026   64.4    
95  44.3002   0.58463     9.42775   64.4    
96  44.4716   0.593325    9.56796   64.4    
97  44.4462   0.58971     9.50966   64.4    
98  44.7572   0.582091    9.3868    64.4    
99  44.3794   0.587633    9.47617   64.4    
100 44.4512   0.587261    9.47016   64.4    
