0   5212.56   4.98351     80.3641   4962    	Dead: 0
1   4989.76   4.28632     69.1212   4733    	Dead: 0
2   4826.92   3.28399     52.9576   4653    	Dead: 0
3   4673.31   3.08412     49.7345   4531    	Dead: 0
4   4550.97   2.60007     41.9287   4381    	Dead: 0
5   4449.21   2.25639     36.3865   4329    	Dead: 0
6   4355.4    2.11223     34.0618   4255    	Dead: 0
7   4283.7    1.87803     30.2851   4190    	Dead: 0
8   4215.38   1.92612     31.0607   4122    	Dead: 0
9   4147.65   1.78195     28.7357   4042    	Dead: 0
10  4087.63   1.67217     26.9654   3992    	Dead: 0
11  4033.83   1.53157     24.698    3934    	Dead: 0
12  3981.63   1.4909      24.0423   3912    	Dead: 0
13  3927.89   1.41061     22.7476   3852    	Dead: 0
14  3883.08   1.30014     20.966    3812    	Dead: 0
15  3850.63   1.01153     16.3119   3806    	Dead: 0
16  3826.58   1.04025     16.7751   3778    	Dead: 0
17  3804.54   1.06553     17.1827   3744    	Dead: 0
18  3779.12   1.16107     18.7234   3727    	Dead: 0
19  3755.23   1.07537     17.3414   3693    	Dead: 0
20  3733.09   1.11777     18.0251   3675    	Dead: 0
21  3712.28   1.08167     17.443    3662    	Dead: 0
22  3696.86   1.0105      16.2953   3654    	Dead: 0
23  3684.19   0.965729    15.5734   3635    	Dead: 0
24  3674.03   1.09285     17.6233   3624    	Dead: 0
25  3664.3    1.03506     16.6913   3618    	Dead: 0
26  3657.56   1.14323     18.4357   3605    	Dead: 0
27  3649.93   1.14704     18.4971   3605    	Dead: 0
28  3643.52   1.20283     19.3968   3602    	Dead: 0
29  3636.69   1.14698     18.4962   3597    	Dead: 0
30  3630.8    1.15371     18.6047   3585    	Dead: 0
31  3623.88   1.16998     18.8671   3585    	Dead: 0
32  3617.11   1.16092     18.721    3579    	Dead: 0
33  3608.84   1.1841      19.0947   3570    	Dead: 0
34  3600.34   1.14518     18.4672   3556    	Dead: 0
35  3592.39   1.16354     18.7632   3553    	Dead: 0
36  3581      1.05293     16.9796   3541    	Dead: 0
37  3571.61   1.13546     18.3104   3530    	Dead: 0
38  3562.14   1.00037     16.132    3514    	Dead: 0
39  3555.52   1.024       16.513    3514    	Dead: 0
40  3549.66   1.06085     17.1072   3514    	Dead: 0
41  3543.11   1.08827     17.5495   3503    	Dead: 0
42  3536      1.0835      17.4725   3503    	Dead: 0
43  3530      1.17323     18.9195   3483    	Dead: 0
44  3522.91   1.13681     18.3322   3478    	Dead: 0
45  3515.6    1.2136      19.5706   3467    	Dead: 0
46  3506.66   1.24262     20.0385   3457    	Dead: 0
47  3498.11   1.27852     20.6175   3449    	Dead: 0
48  3489.46   1.24608     20.0943   3448    	Dead: 0
49  3482.72   1.3091      21.1106   3437    	Dead: 0
50  3476.28   1.3262      21.3862   3433    	Dead: 0
51  3470.17   1.36507     22.0131   3422    	Dead: 0
52  3462.97   1.33419     21.5151   3422    	Dead: 0
53  3457.37   1.35017     21.7728   3411    	Dead: 0
54  3452.39   1.36081     21.9444   3411    	Dead: 0
55  3448.18   1.4012      22.5958   3403    	Dead: 0
56  3442.63   1.36069     21.9425   3400    	Dead: 0
57  3438.41   1.29858     20.9409   3399    	Dead: 0
58  3436.24   1.40486     22.6547   3395    	Dead: 0
59  3432.61   1.36031     21.9364   3392    	Dead: 0
60  3430.76   1.43952     23.2137   3387    	Dead: 0
61  3427.42   1.47648     23.8096   3381    	Dead: 0
62  3424.81   1.48699     23.9791   3381    	Dead: 0
63  3419.95   1.51867     24.4901   3374    	Dead: 0
64  3418.2    1.61815     26.0943   3372    	Dead: 0
65  3412.6    1.56106     25.1737   3370    	Dead: 0
66  3411.33   1.6705      26.9384   3370    	Dead: 0
67  3407.4    1.68633     27.1938   3363    	Dead: 0
68  3403.27   1.69432     27.3227   3358    	Dead: 0
69  3400.23   1.72773     27.8614   3358    	Dead: 0
70  3396.18   1.68289     27.1382   3352    	Dead: 0
71  3395.34   1.7969      28.9768   3352    	Dead: 0
72  3392.75   1.78512     28.7869   3346    	Dead: 0
73  3389.13   1.7039      27.4771   3346    	Dead: 0
74  3383.56   1.64796     26.5749   3343    	Dead: 0
75  3381.11   1.68834     27.2262   3339    	Dead: 0
76  3380.56   1.86907     30.1405   3334    	Dead: 0
77  3376.31   1.73        27.898    3333    	Dead: 0
78  3374.01   1.79276     28.9101   3332    	Dead: 0
79  3370.28   1.75524     28.3049   3326    	Dead: 0
80  3368.73   1.83277     29.5552   3326    	Dead: 0
81  3365.21   1.8126      29.23     3323    	Dead: 0
82  3361.24   1.79064     28.8759   3313    	Dead: 0
83  3358.01   1.877       30.2685   3313    	Dead: 0
84  3351.64   1.68348     27.1478   3305    	Dead: 0
85  3348.75   1.85968     29.9891   3295    	Dead: 0
86  3343.6    1.91602     30.8977   3286    	Dead: 0
87  3341.84   2.08172     33.5698   3286    	Dead: 0
88  3334.83   2.02446     32.6464   3277    	Dead: 0
89  3330.02   1.98775     32.0545   3277    	Dead: 0
90  3325.97   2.05436     33.1286   3276    	Dead: 0
91  3318.12   1.96454     31.6802   3275    	Dead: 0
92  3319.24   2.2253      35.8852   3274    	Dead: 0
93  3314.14   2.1374      34.4678   3265    	Dead: 0
94  3311.39   2.17705     35.107    3265    	Dead: 0
95  3308.03   2.21506     35.7201   3265    	Dead: 0
96  3305.41   2.12523     34.2714   3265    	Dead: 0
97  3304.67   2.18242     35.1938   3260    	Dead: 0
98  3300.45   2.07124     33.4009   3260    	Dead: 0
99  3299.8    2.18929     35.3046   3260    	Dead: 0
100 3297.32   2.18637     35.2575   3260    	Dead: 0
