0   5204.68   5.05148     81.4602   4956    	Dead: 0
1   4971.26   4.23329     68.266    4741    	Dead: 0
2   4789.68   3.55996     57.4079   4608    	Dead: 0
3   4646.7    3.02345     48.7561   4465    	Dead: 0
4   4515.72   2.98987     48.2147   4360    	Dead: 0
5   4412.48   2.32966     37.5681   4276    	Dead: 0
6   4310.12   2.45643     39.6124   4206    	Dead: 0
7   4219      2.23041     35.9676   4118    	Dead: 0
8   4139.28   2.05706     33.1722   4042    	Dead: 0
9   4069.14   1.76425     28.4503   3965    	Dead: 0
10  4010.97   1.53209     24.7064   3938    	Dead: 0
11  3961.77   1.42302     22.9477   3881    	Dead: 0
12  3919.37   1.37699     22.2054   3841    	Dead: 0
13  3882.46   1.24257     20.0376   3823    	Dead: 0
14  3851.41   1.19287     19.2362   3780    	Dead: 0
15  3823.12   1.16857     18.8444   3768    	Dead: 0
16  3791.52   1.27795     20.6083   3727    	Dead: 0
17  3764.85   1.06605     17.1911   3711    	Dead: 0
18  3745.3    1.05525     17.0169   3703    	Dead: 0
19  3727.33   0.976847    15.7526   3687    	Dead: 0
20  3712.25   0.993616    16.023    3657    	Dead: 0
21  3696.38   0.994344    16.0348   3652    	Dead: 0
22  3682.2    0.968294    15.6147   3636    	Dead: 0
23  3669.3    0.943742    15.2188   3631    	Dead: 0
24  3658.07   0.975771    15.7353   3618    	Dead: 0
25  3646.38   1.00496     16.2059   3603    	Dead: 0
26  3633.64   0.925606    14.9263   3594    	Dead: 0
27  3625.19   0.958476    15.4564   3590    	Dead: 0
28  3618.19   0.986556    15.9092   3577    	Dead: 0
29  3612.12   0.969039    15.6267   3577    	Dead: 0
30  3606.25   0.973687    15.7017   3577    	Dead: 0
31  3600.56   1.04548     16.8594   3560    	Dead: 0
32  3592.14   1.00028     16.1305   3553    	Dead: 0
33  3583.02   1.01208     16.3207   3536    	Dead: 0
34  3570.2    1.00489     16.2049   3528    	Dead: 0
35  3556.62   0.997805    16.0906   3514    	Dead: 0
36  3544.05   0.872585    14.0713   3507    	Dead: 0
37  3534.96   0.901112    14.5313   3501    	Dead: 0
38  3526.69   0.967867    15.6078   3491    	Dead: 0
39  3517.54   0.89615     14.4513   3489    	Dead: 0
40  3511.25   0.924205    14.9037   3482    	Dead: 0
41  3505.41   0.892349    14.39     3477    	Dead: 0
42  3500.6    0.906738    14.6221   3470    	Dead: 0
43  3495.23   0.98829     15.9372   3447    	Dead: 0
44  3487.61   0.901213    14.533    3441    	Dead: 0
45  3481.62   1.00657     16.2319   3441    	Dead: 0
46  3475.7    1.11383     17.9616   3428    	Dead: 0
47  3467.61   1.09192     17.6083   3427    	Dead: 0
48  3462.11   1.17866     19.0071   3412    	Dead: 0
49  3457.17   1.23083     19.8484   3412    	Dead: 0
50  3451.95   1.21059     19.522    3401    	Dead: 0
51  3446.5    1.24625     20.097    3399    	Dead: 0
52  3442.09   1.30551     21.0527   3399    	Dead: 0
53  3436.35   1.28635     20.7438   3399    	Dead: 0
54  3433.57   1.32797     21.4148   3394    	Dead: 0
55  3430.04   1.31219     21.1604   3389    	Dead: 0
56  3428.16   1.37649     22.1973   3389    	Dead: 0
57  3425.39   1.361       21.9476   3389    	Dead: 0
58  3424.3    1.4192      22.886    3381    	Dead: 0
59  3421.48   1.41483     22.8156   3381    	Dead: 0
60  3420.81   1.47075     23.7174   3381    	Dead: 0
61  3419.91   1.46931     23.694    3381    	Dead: 0
62  3417.06   1.418       22.8667   3372    	Dead: 0
63  3416.03   1.47192     23.7363   3371    	Dead: 0
64  3413.68   1.46878     23.6856   3371    	Dead: 0
65  3411.59   1.4366      23.1666   3371    	Dead: 0
66  3408.7    1.43578     23.1533   3365    	Dead: 0
67  3407.2    1.56618     25.2562   3361    	Dead: 0
68  3403.98   1.51185     24.38     3353    	Dead: 0
69  3401.4    1.54272     24.8779   3351    	Dead: 0
70  3398.97   1.51975     24.5074   3351    	Dead: 0
71  3397.1    1.56236     25.1947   3350    	Dead: 0
72  3396.27   1.7089      27.5577   3350    	Dead: 0
73  3393.9    1.64839     26.5819   3350    	Dead: 0
74  3390.05   1.65805     26.7378   3340    	Dead: 0
75  3386.73   1.65066     26.6185   3335    	Dead: 0
76  3384.67   1.70143     27.4372   3335    	Dead: 0
77  3381.85   1.64337     26.501    3335    	Dead: 0
78  3379.37   1.69262     27.2952   3335    	Dead: 0
79  3378.61   1.74197     28.0911   3322    	Dead: 0
80  3375.49   1.73253     27.9388   3322    	Dead: 0
81  3374.2    1.76129     28.4026   3322    	Dead: 0
82  3371.88   1.78525     28.789    3322    	Dead: 0
83  3372.34   1.89763     30.6012   3322    	Dead: 0
84  3370.37   1.86445     30.0662   3322    	Dead: 0
85  3368.49   1.85749     29.9539   3322    	Dead: 0
86  3367.39   1.91866     30.9403   3313    	Dead: 0
87  3366.5    1.96315     31.6577   3313    	Dead: 0
88  3364.74   1.8962      30.5782   3311    	Dead: 0
89  3364.14   1.98982     32.0878   3311    	Dead: 0
90  3362.54   2.05096     33.0737   3311    	Dead: 0
91  3361.84   1.97859     31.9067   3311    	Dead: 0
92  3360.24   1.99309     32.1405   3308    	Dead: 0
93  3359.83   2.10232     33.9021   3306    	Dead: 0
94  3356.54   2.0464      33.0003   3306    	Dead: 0
95  3356.96   2.15889     34.8143   3306    	Dead: 0
96  3355.26   2.12943     34.3392   3306    	Dead: 0
97  3353.97   2.09938     33.8545   3303    	Dead: 0
98  3352.85   2.14723     34.6263   3299    	Dead: 0
99  3351.66   2.16054     34.8409   3291    	Dead: 0
100 3350.33   2.12039     34.1934   3291    	Dead: 0
