0   5335.85   5.29848     85.4432   5087    	Dead: 0
1   5139.7    4.52767     73.0132   4941    	Dead: 0
2   4984.94   4.15181     66.952    4760    	Dead: 0
3   4863.12   3.82276     61.6458   4676    	Dead: 0
4   4761.1    3.70868     59.8061   4577    	Dead: 0
5   4687.41   3.44825     55.6065   4522    	Dead: 0
6   4626.15   3.21685     51.875    4432    	Dead: 0
7   4560.69   3.66795     59.1494   4359    	Dead: 0
8   4486.71   3.3816      54.5317   4309    	Dead: 0
9   4427.95   3.24475     52.3249   4259    	Dead: 0
10  4383.5    3.30659     53.3221   4237    	Dead: 0
11  4340.52   3.28637     52.9959   4176    	Dead: 0
12  4304.3    3.21455     51.8379   4134    	Dead: 0
13  4274.49   3.21269     51.8079   4132    	Dead: 0
14  4247.9    3.135       50.555    4117    	Dead: 0
15  4224.94   3.25228     52.4462   4069    	Dead: 0
16  4205.08   3.14645     50.7397   4035    	Dead: 0
17  4185.62   3.18238     51.3191   4035    	Dead: 0
18  4171.31   3.33693     53.8114   4034    	Dead: 0
19  4157.99   3.32268     53.5816   4034    	Dead: 0
20  4141.75   3.32998     53.6993   4018    	Dead: 0
21  4127.08   3.4807      56.1298   3988    	Dead: 0
22  4113.61   3.23314     52.1376   3988    	Dead: 0
23  4099.86   3.33435     53.7697   3964    	Dead: 0
24  4087.2    3.4287      55.2913   3948    	Dead: 0
25  4073.72   3.41478     55.0667   3917    	Dead: 0
26  4064.35   3.48694     56.2304   3917    	Dead: 0
27  4053.07   3.41994     55.1499   3917    	Dead: 0
28  4044.29   3.50785     56.5676   3902    	Dead: 0
29  4036.51   3.60766     58.1772   3902    	Dead: 0
30  4026.66   3.52621     56.8637   3893    	Dead: 0
31  4019.68   3.68578     59.4369   3893    	Dead: 0
32  4010.03   3.6157      58.3067   3877    	Dead: 0
33  4004.23   3.79454     61.1908   3877    	Dead: 0
34  3995.67   3.71948     59.9804   3877    	Dead: 0
35  3991.1    3.74377     60.372    3866    	Dead: 0
36  3982.07   3.78094     60.9714   3839    	Dead: 0
37  3975.76   3.74864     60.4505   3836    	Dead: 0
38  3967.5    3.68524     59.4282   3836    	Dead: 0
39  3963.19   3.82272     61.6453   3836    	Dead: 0
40  3955.46   3.78151     60.9807   3831    	Dead: 0
41  3951.43   3.89175     62.7583   3826    	Dead: 0
42  3947.74   3.99536     64.4292   3821    	Dead: 0
43  3938.67   3.9076      63.0139   3821    	Dead: 0
44  3935.37   4.02941     64.9783   3821    	Dead: 0
45  3930.64   3.9299      63.3736   3810    	Dead: 0
46  3925.84   3.98954     64.3353   3775    	Dead: 0
47  3926.07   4.16741     67.2037   3775    	Dead: 0
48  3918.45   3.92847     63.3505   3775    	Dead: 0
49  3916.59   4.12404     66.5042   3775    	Dead: 0
50  3913.75   4.111       66.294    3775    	Dead: 0
51  3912.34   4.24393     68.4376   3775    	Dead: 0
52  3905.83   4.11912     66.4249   3772    	Dead: 0
53  3901.23   4.11593     66.3735   3772    	Dead: 0
54  3898.67   4.14119     66.7808   3772    	Dead: 0
55  3894.28   4.091       65.9714   3770    	Dead: 0
56  3892.06   4.14972     66.9184   3742    	Dead: 0
57  3886.77   4.0564      65.4135   3742    	Dead: 0
58  3885.79   4.2024      67.7679   3742    	Dead: 0
59  3883.31   4.25355     68.5928   3736    	Dead: 0
60  3881.36   4.24837     68.5093   3736    	Dead: 0
61  3880.69   4.45572     71.853    3736    	Dead: 0
62  3878.12   4.35224     70.1843   3736    	Dead: 0
63  3874.44   4.39114     70.8115   3736    	Dead: 0
64  3873.7    4.41711     71.2304   3736    	Dead: 0
65  3870.35   4.28324     69.0715   3720    	Dead: 0
66  3869.23   4.44325     71.6518   3720    	Dead: 0
67  3867.39   4.53327     73.1035   3720    	Dead: 0
68  3863.24   4.4336      71.4963   3702    	Dead: 0
69  3863.81   4.6127      74.3845   3702    	Dead: 0
70  3860.73   4.59995     74.1788   3702    	Dead: 0
71  3857.81   4.61611     74.4394   3702    	Dead: 0
72  3856.34   4.62815     74.6335   3702    	Dead: 0
73  3855.56   4.69747     75.7514   3702    	Dead: 0
74  3854.67   4.67836     75.4432   3702    	Dead: 0
75  3854.73   4.65088     75        3702    	Dead: 0
76  3852.3    4.59999     74.1794   3702    	Dead: 0
77  3853.79   4.73868     76.4159   3702    	Dead: 0
78  3852.16   4.85805     78.3409   3651    	Dead: 0
79  3847.98   4.76919     76.9079   3651    	Dead: 0
80  3850.7    4.82337     77.7817   3651    	Dead: 0
81  3844.34   4.68083     75.4831   3651    	Dead: 0
82  3846.19   4.72933     76.2652   3651    	Dead: 0
83  3845.22   4.86853     78.5099   3651    	Dead: 0
84  3844.6    4.90029     79.0221   3651    	Dead: 0
85  3841.96   4.86981     78.5305   3651    	Dead: 0
86  3839.8    4.84591     78.1452   3651    	Dead: 0
87  3838.09   4.7885      77.2193   3651    	Dead: 0
88  3839.83   5.04225     81.3113   3651    	Dead: 0
89  3834.31   4.80266     77.4477   3651    	Dead: 0
90  3835.97   4.8382      78.0209   3651    	Dead: 0
91  3833.01   4.90213     79.0517   3651    	Dead: 0
92  3832.13   5.01529     80.8766   3651    	Dead: 0
93  3831.58   4.95114     79.842    3651    	Dead: 0
94  3832.45   5.14355     82.9449   3651    	Dead: 0
95  3828.14   5.05309     81.4861   3651    	Dead: 0
96  3825.36   5.10519     82.3262   3651    	Dead: 0
97  3825.78   5.17315     83.4222   3651    	Dead: 0
98  3826.46   5.22641     84.2811   3651    	Dead: 0
99  3823.31   5.20117     83.8741   3651    	Dead: 0
100 3823.36   5.17735     83.49     3651    	Dead: 0
