0   5314.09   5.23438     84.4096   5022    	Dead: 0
1   4992.97   3.85311     62.1353   4791    	Dead: 0
2   4776.09   3.8181      61.5706   4580    	Dead: 0
3   4617.05   3.62066     58.3867   4416    	Dead: 0
4   4481.87   3.32589     53.6333   4317    	Dead: 0
5   4391.93   3.19135     51.4637   4258    	Dead: 0
6   4324.18   3.36332     54.2369   4183    	Dead: 0
7   4254      3.43003     55.3126   4099    	Dead: 0
8   4213.28   3.36754     54.3049   4069    	Dead: 0
9   4178.03   3.41892     55.1335   4031    	Dead: 0
10  4146.83   3.23112     52.105    4012    	Dead: 0
11  4122.46   3.47453     56.0303   3980    	Dead: 0
12  4090.2    3.21398     51.8286   3969    	Dead: 0
13  4071.76   3.53712     57.0395   3952    	Dead: 0
14  4050.71   3.34349     53.9171   3931    	Dead: 0
15  4036.38   3.58142     57.7539   3915    	Dead: 0
16  4019.99   3.63454     58.6105   3868    	Dead: 0
17  4006.76   3.68973     59.5005   3868    	Dead: 0
18  3996.7    3.80125     61.2989   3859    	Dead: 0
19  3988.79   4.02273     64.8706   3834    	Dead: 0
20  3985.51   4.13406     66.6659   3834    	Dead: 0
21  3975.76   4.00343     64.5593   3834    	Dead: 0
22  3968.98   4.18952     67.5602   3834    	Dead: 0
23  3965.7    4.27848     68.9948   3834    	Dead: 0
24  3961.1    4.14484     66.8397   3833    	Dead: 0
25  3957.83   4.25186     68.5656   3833    	Dead: 0
26  3956.79   4.38964     70.7873   3826    	Dead: 0
27  3949.18   4.32798     69.7931   3826    	Dead: 0
28  3945.57   4.26274     68.741    3821    	Dead: 0
29  3940.71   4.43671     71.5464   3806    	Dead: 0
30  3936.88   4.55278     73.4182   3805    	Dead: 0
31  3934.61   4.6413      74.8456   3779    	Dead: 0
32  3929.87   4.68104     75.4864   3779    	Dead: 0
33  3925.93   4.66833     75.2815   3779    	Dead: 0
34  3922.16   4.83347     77.9445   3779    	Dead: 0
35  3921.93   4.91456     79.2522   3779    	Dead: 0
36  3917.39   4.9718      80.1752   3779    	Dead: 0
37  3914.65   4.91864     79.3179   3761    	Dead: 0
38  3906.32   4.93599     79.5978   3750    	Dead: 0
39  3902.36   5.14188     82.9179   3750    	Dead: 0
40  3898.03   5.06378     81.6585   3750    	Dead: 0
41  3895.5    5.19994     83.8542   3743    	Dead: 0
42  3891.07   5.22686     84.2883   3743    	Dead: 0
43  3888.07   5.42002     87.4032   3743    	Dead: 0
44  3887.86   5.50693     88.8048   3716    	Dead: 0
45  3884.45   5.43402     87.6291   3716    	Dead: 0
46  3883.01   5.49472     88.6079   3716    	Dead: 0
47  3882.89   5.55162     89.5254   3716    	Dead: 0
48  3883.29   5.68319     91.6471   3702    	Dead: 0
49  3883.2    5.79628     93.4708   3702    	Dead: 0
50  3875.48   5.77302     93.0957   3702    	Dead: 0
51  3875.78   5.8959      95.0773   3702    	Dead: 0
52  3873.68   5.86221     94.5339   3702    	Dead: 0
53  3874.68   6.01851     97.0545   3702    	Dead: 0
54  3875.14   5.97162     96.2983   3702    	Dead: 0
55  3873.56   6.02745     97.1986   3702    	Dead: 0
56  3875.74   6.17309     99.5473   3702    	Dead: 0
57  3872.82   6.11805     98.6597   3702    	Dead: 0
58  3870.2    6.10384     98.4305   3702    	Dead: 0
59  3870.99   6.19077     99.8324   3702    	Dead: 0
60  3869.25   6.32415     101.983   3702    	Dead: 0
61  3865.62   6.29302     101.481   3702    	Dead: 0
62  3866.08   6.26973     101.106   3702    	Dead: 0
63  3864.66   6.42702     103.642   3679    	Dead: 0
64  3860.08   6.3694      102.713   3679    	Dead: 0
65  3862.55   6.27395     101.174   3679    	Dead: 0
66  3862.29   6.33591     102.173   3672    	Dead: 0
67  3858.21   6.46577     104.267   3672    	Dead: 0
68  3856.76   6.43772     103.815   3672    	Dead: 0
69  3859.23   6.55968     105.781   3672    	Dead: 0
70  3861.42   6.59869     106.411   3672    	Dead: 0
71  3857.74   6.65706     107.352   3672    	Dead: 0
72  3852.08   6.5329      105.35    3672    	Dead: 0
73  3859.04   6.86362     110.683   3672    	Dead: 0
74  3856.94   6.83449     110.213   3672    	Dead: 0
75  3858.72   6.9303      111.758   3652    	Dead: 0
76  3850.35   6.9083      111.403   3652    	Dead: 0
77  3850.53   6.97626     112.499   3652    	Dead: 0
78  3848.39   7.03144     113.389   3652    	Dead: 0
79  3850.35   7.18745     115.905   3652    	Dead: 0
80  3845.4    7.15135     115.323   3652    	Dead: 0
81  3849.44   7.3536      118.584   3652    	Dead: 0
82  3839.97   7.2492      116.901   3652    	Dead: 0
83  3845.05   7.43886     119.959   3652    	Dead: 0
84  3842.71   7.54512     121.673   3652    	Dead: 0
85  3839.82   7.719       124.477   3646    	Dead: 0
86  3841.25   7.84305     126.477   3646    	Dead: 0
87  3837.38   7.90096     127.411   3646    	Dead: 0
88  3832.44   8.01554     129.259   3640    	Dead: 0
89  3832.35   7.93166     127.906   3640    	Dead: 0
90  3833.3    8.16098     131.604   3640    	Dead: 0
91  3832.25   8.21193     132.426   3640    	Dead: 0
92  3829.29   7.99871     128.987   3640    	Dead: 0
93  3828.87   8.19964     132.227   3640    	Dead: 0
94  3828.54   8.10651     130.726   3640    	Dead: 0
95  3831.37   8.20794     132.361   3640    	Dead: 0
96  3823.7    8.18626     132.012   3640    	Dead: 0
97  3826.55   8.32603     134.266   3640    	Dead: 0
98  3828.04   8.27567     133.453   3640    	Dead: 0
99  3829.65   8.35591     134.747   3639    	Dead: 0
100 3826.84   8.40371     135.518   3639    	Dead: 0
