0   5310.48   5.38595     86.8539   5069    	Dead: 0
1   4961.43   4.20334     67.7831   4725    	Dead: 0
2   4723.35   3.83904     61.9083   4521    	Dead: 0
3   4540.52   3.3423      53.898    4379    	Dead: 0
4   4429.14   3.12792     50.4408   4270    	Dead: 0
5   4364.84   3.32486     53.6167   4223    	Dead: 0
6   4296.08   3.11116     50.1705   4182    	Dead: 0
7   4241.66   3.28128     52.9139   4103    	Dead: 0
8   4188.43   3.25313     52.46     4060    	Dead: 0
9   4143.74   3.16622     51.0584   4015    	Dead: 0
10  4108.81   3.25354     52.4666   3972    	Dead: 0
11  4082.64   3.30714     53.331    3957    	Dead: 0
12  4056.35   3.23544     52.1747   3932    	Dead: 0
13  4037.86   3.28359     52.9513   3923    	Dead: 0
14  4018.06   3.2937      53.1142   3911    	Dead: 0
15  4003      3.41494     55.0693   3870    	Dead: 0
16  3988.75   3.3071      53.3304   3860    	Dead: 0
17  3978.21   3.42119     55.1701   3860    	Dead: 0
18  3969.06   3.39807     54.7973   3853    	Dead: 0
19  3964.58   3.58606     57.8289   3849    	Dead: 0
20  3957.38   3.55533     57.3333   3843    	Dead: 0
21  3951.49   3.72125     60.0089   3839    	Dead: 0
22  3942.03   3.52489     56.8424   3829    	Dead: 0
23  3939.53   3.83326     61.8151   3799    	Dead: 0
24  3930.62   3.68165     59.3702   3799    	Dead: 0
25  3922.28   3.78987     61.1155   3787    	Dead: 0
26  3912.42   3.59734     58.0108   3787    	Dead: 0
27  3904.62   3.59037     57.8983   3783    	Dead: 0
28  3900.24   3.70008     59.6674   3764    	Dead: 0
29  3893.41   3.69444     59.5766   3764    	Dead: 0
30  3882.95   3.56024     57.4124   3747    	Dead: 0
31  3877.76   3.69465     59.58     3747    	Dead: 0
32  3871.05   3.68279     59.3887   3747    	Dead: 0
33  3863.2    3.6979      59.6324   3747    	Dead: 0
34  3853.72   3.69957     59.6593   3728    	Dead: 0
35  3848.93   3.71724     59.9442   3717    	Dead: 0
36  3839.91   3.75497     60.5527   3717    	Dead: 0
37  3833.25   3.87613     62.5066   3715    	Dead: 0
38  3825.9    3.83242     61.8017   3657    	Dead: 0
39  3824.03   3.93224     63.4113   3657    	Dead: 0
40  3816.64   3.92743     63.3337   3657    	Dead: 0
41  3813.48   4.00363     64.5625   3657    	Dead: 0
42  3807.72   3.94879     63.6782   3657    	Dead: 0
43  3803.97   4.05202     65.3429   3657    	Dead: 0
44  3795.55   3.87028     62.4121   3657    	Dead: 0
45  3793.38   4.0453      65.2345   3657    	Dead: 0
46  3791.06   4.2121      67.9244   3657    	Dead: 0
47  3786.02   4.06259     65.5133   3651    	Dead: 0
48  3786.81   4.21754     68.012    3651    	Dead: 0
49  3784.66   4.3459      70.082    3635    	Dead: 0
50  3780.71   4.25424     68.6038   3635    	Dead: 0
51  3778.91   4.35296     70.1959   3635    	Dead: 0
52  3777.88   4.32564     69.7554   3635    	Dead: 0
53  3776.45   4.51342     72.7835   3635    	Dead: 0
54  3769.28   4.34007     69.9879   3635    	Dead: 0
55  3767.63   4.55559     73.4635   3635    	Dead: 0
56  3765.44   4.62725     74.619    3621    	Dead: 0
57  3763.32   4.70555     75.8817   3621    	Dead: 0
58  3760.92   4.7408      76.4502   3621    	Dead: 0
59  3761.33   4.96496     80.065    3621    	Dead: 0
60  3756.02   4.98779     80.4331   3621    	Dead: 0
61  3757.85   5.13801     82.8556   3621    	Dead: 0
62  3756.69   5.37289     86.6432   3614    	Dead: 0
63  3747.13   5.25268     84.7047   3609    	Dead: 0
64  3748.48   5.31412     85.6955   3609    	Dead: 0
65  3750.07   5.54483     89.4159   3609    	Dead: 0
66  3749.92   5.6513      91.1329   3609    	Dead: 0
67  3742.73   5.50518     88.7766   3605    	Dead: 0
68  3745.43   5.78712     93.3232   3595    	Dead: 0
69  3742.92   5.71748     92.2001   3595    	Dead: 0
70  3741.38   5.72906     92.3869   3595    	Dead: 0
71  3737.94   5.7448      92.6407   3595    	Dead: 0
72  3737.55   5.77607     93.145    3595    	Dead: 0
73  3740.2    5.86689     94.6095   3586    	Dead: 0
74  3742.11   6.00787     96.883    3586    	Dead: 0
75  3737.46   5.83908     94.1609   3586    	Dead: 0
76  3737.26   6.0264      97.1817   3586    	Dead: 0
77  3736.31   6.18509     99.7407   3586    	Dead: 0
78  3738.78   6.12743     98.811    3586    	Dead: 0
79  3734.85   6.15791     99.3025   3586    	Dead: 0
80  3735.54   6.17568     99.5891   3586    	Dead: 0
81  3736.47   6.13499     98.9329   3586    	Dead: 0
82  3736.03   6.11434     98.5998   3586    	Dead: 0
83  3729.71   6.12722     98.8075   3586    	Dead: 0
84  3731.23   6.1857      99.7506   3586    	Dead: 0
85  3734.64   6.28453     101.344   3586    	Dead: 0
86  3731.36   6.3116      101.781   3586    	Dead: 0
87  3729.82   6.28818     101.403   3586    	Dead: 0
88  3733.05   6.41031     103.373   3578    	Dead: 0
89  3732.25   6.35137     102.422   3578    	Dead: 0
90  3733.31   6.33434     102.148   3576    	Dead: 0
91  3731.91   6.32243     101.956   3576    	Dead: 0
92  3735.84   6.42504     103.61    3576    	Dead: 0
93  3731      6.32677     102.025   3576    	Dead: 0
94  3731.8    6.38544     102.972   3576    	Dead: 0
95  3733.68   6.43552     103.779   3576    	Dead: 0
96  3730.1    6.368       102.69    3576    	Dead: 0
97  3733.45   6.50709     104.933   3576    	Dead: 0
98  3730.73   6.44454     103.925   3576    	Dead: 0
99  3733.13   6.53937     105.454   3576    	Dead: 0
100 3727.24   6.34085     102.253   3576    	Dead: 0
