0   5311.02   5.09559     82.1715   5098    	Dead: 0
1   4986.38   4.28426     69.088    4712    	Dead: 0
2   4765.84   3.76104     60.6505   4569    	Dead: 0
3   4604.98   3.3309      53.7141   4458    	Dead: 0
4   4510.59   3.28655     52.999    4348    	Dead: 0
5   4399.76   3.408       54.9574   4215    	Dead: 0
6   4311.44   3.5097      56.5974   4141    	Dead: 0
7   4250.27   3.56478     57.4857   4094    	Dead: 0
8   4205.87   3.50037     56.447    4049    	Dead: 0
9   4170.75   3.46162     55.8221   4021    	Dead: 0
10  4126.05   3.42022     55.1544   3984    	Dead: 0
11  4087.37   3.32869     53.6785   3952    	Dead: 0
12  4067.77   3.63165     58.564    3917    	Dead: 0
13  4050.62   3.62388     58.4387   3909    	Dead: 0
14  4034.59   3.65271     58.9036   3909    	Dead: 0
15  4017.72   3.61713     58.3298   3870    	Dead: 0
16  4002.07   3.63027     58.5417   3870    	Dead: 0
17  3989.28   3.73428     60.2191   3856    	Dead: 0
18  3979.1    3.83237     61.8008   3856    	Dead: 0
19  3970.74   4.00076     64.5163   3806    	Dead: 0
20  3960.15   3.86627     62.3475   3806    	Dead: 0
21  3953.75   3.98728     64.2989   3777    	Dead: 0
22  3940.38   4.06388     65.5341   3777    	Dead: 0
23  3931.43   4.05554     65.3996   3777    	Dead: 0
24  3920.35   4.09129     65.9761   3767    	Dead: 0
25  3908.95   3.98962     64.3366   3740    	Dead: 0
26  3905.71   4.26637     68.7995   3740    	Dead: 0
27  3893.79   4.26828     68.8303   3740    	Dead: 0
28  3883.98   4.17675     67.3542   3720    	Dead: 0
29  3880.34   4.31404     69.5683   3720    	Dead: 0
30  3877.65   4.37641     70.574    3720    	Dead: 0
31  3874.05   4.62451     74.5748   3720    	Dead: 0
32  3863.8    4.48866     72.3842   3720    	Dead: 0
33  3858.26   4.5215      72.9138   3720    	Dead: 0
34  3855.61   4.71564     76.0444   3707    	Dead: 0
35  3848.63   4.61601     74.4378   3707    	Dead: 0
36  3845.62   4.66828     75.2806   3706    	Dead: 0
37  3840.73   4.62405     74.5674   3706    	Dead: 0
38  3835.21   4.55976     73.5307   3699    	Dead: 0
39  3831.09   4.65257     75.0273   3673    	Dead: 0
40  3828.2    4.77871     77.0615   3673    	Dead: 0
41  3829.3    4.96469     80.0606   3673    	Dead: 0
42  3819.03   4.73479     76.3533   3673    	Dead: 0
43  3817.9    4.91658     79.2848   3670    	Dead: 0
44  3819.33   5.20545     83.943    3670    	Dead: 0
45  3814.79   5.15023     83.0526   3655    	Dead: 0
46  3811.84   5.12603     82.6624   3655    	Dead: 0
47  3811.79   5.31958     85.7836   3655    	Dead: 0
48  3810.97   5.38709     86.8722   3655    	Dead: 0
49  3804.56   5.14706     83.0015   3649    	Dead: 0
50  3809.92   5.62812     90.759    3649    	Dead: 0
51  3805.61   5.47941     88.361    3649    	Dead: 0
52  3803.81   5.60484     90.3836   3649    	Dead: 0
53  3804.7    5.61265     90.5096   3649    	Dead: 0
54  3801.31   5.7562      92.8245   3630    	Dead: 0
55  3800.63   5.74829     92.697    3630    	Dead: 0
56  3803.21   5.87955     94.8137   3630    	Dead: 0
57  3798.56   5.8004      93.5372   3630    	Dead: 0
58  3799.11   5.8735      94.7161   3630    	Dead: 0
59  3796.48   5.97437     96.3427   3630    	Dead: 0
60  3797.72   6.01134     96.9389   3627    	Dead: 0
61  3794.74   6.04448     97.4734   3613    	Dead: 0
62  3792.18   6.06912     97.8706   3613    	Dead: 0
63  3794.92   6.2037      100.041   3613    	Dead: 0
64  3792.78   6.18131     99.6798   3613    	Dead: 0
65  3788.15   6.15015     99.1773   3613    	Dead: 0
66  3786.95   6.12829     98.8249   3613    	Dead: 0
67  3787.19   6.29215     101.467   3613    	Dead: 0
68  3785.54   6.49038     104.664   3613    	Dead: 0
69  3782.43   6.31704     101.869   3613    	Dead: 0
70  3782      6.43086     103.704   3613    	Dead: 0
71  3784.38   6.52606     105.239   3609    	Dead: 0
72  3782.84   6.63807     107.046   3609    	Dead: 0
73  3774.17   6.42974     103.686   3586    	Dead: 0
74  3779.47   6.57053     105.956   3586    	Dead: 0
75  3781.1    6.70091     108.059   3586    	Dead: 0
76  3782.24   6.6644      107.47    3586    	Dead: 0
77  3779.61   6.66085     107.413   3586    	Dead: 0
78  3777.25   6.56186     105.817   3586    	Dead: 0
79  3782.68   6.77137     109.195   3586    	Dead: 0
80  3779.03   6.68714     107.837   3586    	Dead: 0
81  3775.57   6.79847     109.632   3586    	Dead: 0
82  3774.78   6.75603     108.948   3586    	Dead: 0
83  3772.66   6.74076     108.701   3586    	Dead: 0
84  3771.26   6.82834     110.114   3586    	Dead: 0
85  3771.82   6.86857     110.763   3586    	Dead: 0
86  3771.71   6.83381     110.202   3586    	Dead: 0
87  3771.89   6.88214     110.981   3586    	Dead: 0
88  3767.54   6.81994     109.978   3586    	Dead: 0
89  3773.74   6.98413     112.626   3586    	Dead: 0
90  3770.52   6.89671     111.216   3586    	Dead: 0
91  3770.95   7.04156     113.552   3586    	Dead: 0
92  3764.36   7.00327     112.935   3581    	Dead: 0
93  3765.41   6.91043     111.438   3581    	Dead: 0
94  3768.47   7.10289     114.541   3581    	Dead: 0
95  3766.29   7.01125     113.063   3581    	Dead: 0
96  3766.63   7.08498     114.252   3581    	Dead: 0
97  3762.34   7.01374     113.104   3581    	Dead: 0
98  3761.66   7.10201     114.527   3567    	Dead: 0
99  3764.62   7.22329     116.483   3567    	Dead: 0
100 3764.8    7.12647     114.921   3567    	Dead: 0
