0   5313.92   5.24336     84.5544   5029    	Dead: 0
1   4995.61   3.98227     64.218    4769    	Dead: 0
2   4795.89   3.61611     58.3134   4623    	Dead: 0
3   4640.46   3.47787     56.0842   4444    	Dead: 0
4   4526.77   3.28999     53.0544   4370    	Dead: 0
5   4430.45   3.44409     55.5394   4252    	Dead: 0
6   4366.25   3.52602     56.8606   4180    	Dead: 0
7   4322.82   3.48289     56.1651   4174    	Dead: 0
8   4278.14   3.44321     55.5252   4130    	Dead: 0
9   4222.82   3.41367     55.0489   4081    	Dead: 0
10  4171.02   3.26615     52.6699   3996    	Dead: 0
11  4136.31   3.4835      56.1749   3996    	Dead: 0
12  4104.49   3.47737     56.0761   3971    	Dead: 0
13  4080.97   3.54881     57.2281   3948    	Dead: 0
14  4064.51   3.69574     59.5975   3935    	Dead: 0
15  4046.06   3.84895     62.0682   3892    	Dead: 0
16  4026.49   3.75768     60.5964   3892    	Dead: 0
17  4007.61   3.6515      58.884    3873    	Dead: 0
18  3992.7    3.7096      59.821    3850    	Dead: 0
19  3979.43   3.94903     63.682    3848    	Dead: 0
20  3967.23   3.90906     63.0375   3831    	Dead: 0
21  3955.84   3.88411     62.6352   3831    	Dead: 0
22  3946.8    4.1244      66.5101   3824    	Dead: 0
23  3932.58   3.83428     61.8317   3820    	Dead: 0
24  3926.12   4.152       66.9552   3796    	Dead: 0
25  3917.09   4.18174     67.4347   3796    	Dead: 0
26  3906.64   4.11014     66.2801   3749    	Dead: 0
27  3899.69   4.26323     68.7489   3749    	Dead: 0
28  3893.56   4.46271     71.9657   3749    	Dead: 0
29  3885.5    4.47047     72.0908   3745    	Dead: 0
30  3873.29   4.3055      69.4306   3745    	Dead: 0
31  3865.04   4.25512     68.6181   3745    	Dead: 0
32  3858.9    4.2885      69.1563   3745    	Dead: 0
33  3857.7    4.56529     73.6198   3728    	Dead: 0
34  3848.99   4.45057     71.77     3728    	Dead: 0
35  3846.34   4.67822     75.441    3724    	Dead: 0
36  3841.39   4.70484     75.8703   3693    	Dead: 0
37  3837.31   4.75253     76.6393   3693    	Dead: 0
38  3831.94   5.02032     80.9577   3691    	Dead: 0
39  3828.13   5.27361     85.0422   3691    	Dead: 0
40  3825.24   5.42552     87.4919   3686    	Dead: 0
41  3818.19   5.90526     95.2283   3676    	Dead: 0
42  3812.08   6.0336      97.2978   3666    	Dead: 0
43  3807.27   6.22872     100.444   3642    	Dead: 0
44  3800      6.28037     101.277   3638    	Dead: 0
45  3796.22   6.50475     104.896   3638    	Dead: 0
46  3792.38   6.7732      109.225   3638    	Dead: 0
47  3790.25   6.87693     110.897   3638    	Dead: 0
48  3786.81   7.08269     114.216   3638    	Dead: 0
49  3781.28   7.0788      114.153   3624    	Dead: 0
50  3779.07   7.27425     117.305   3622    	Dead: 0
51  3775.67   7.36301     118.736   3616    	Dead: 0
52  3768.83   7.37964     119.004   3616    	Dead: 0
53  3763.37   7.45818     120.271   3616    	Dead: 0
54  3758.26   7.38863     119.149   3613    	Dead: 0
55  3753.89   7.44819     120.109   3613    	Dead: 0
56  3754.74   7.70759     124.293   3601    	Dead: 0
57  3755.26   7.88703     127.186   3601    	Dead: 0
58  3745.11   7.64241     123.242   3584    	Dead: 0
59  3746.96   7.96542     128.45    3584    	Dead: 0
60  3741.9    7.95385     128.264   3579    	Dead: 0
61  3739.58   7.99778     128.972   3560    	Dead: 0
62  3745.66   8.20671     132.341   3560    	Dead: 0
63  3742.34   8.14196     131.297   3560    	Dead: 0
64  3727.64   7.83811     126.397   3556    	Dead: 0
65  3732.28   8.24737     132.997   3556    	Dead: 0
66  3733.41   8.28771     133.648   3556    	Dead: 0
67  3727.04   8.17947     131.902   3556    	Dead: 0
68  3732.96   8.39166     135.324   3556    	Dead: 0
69  3726.35   8.38188     135.166   3556    	Dead: 0
70  3726.68   8.39787     135.424   3549    	Dead: 0
71  3721.76   8.38218     135.171   3547    	Dead: 0
72  3719.72   8.39656     135.403   3528    	Dead: 0
73  3719.1    8.57545     138.288   3528    	Dead: 0
74  3713.55   8.48725     136.865   3523    	Dead: 0
75  3713.26   8.6739      139.875   3523    	Dead: 0
76  3711.79   8.74272     140.985   3523    	Dead: 0
77  3702.75   8.43295     135.99    3523    	Dead: 0
78  3704.74   8.67284     139.858   3523    	Dead: 0
79  3698.88   8.55334     137.931   3523    	Dead: 0
80  3701.2    8.62822     139.139   3523    	Dead: 0
81  3700.65   8.79727     141.865   3523    	Dead: 0
82  3702.95   9.14465     147.467   3523    	Dead: 0
83  3695.86   8.97968     144.806   3523    	Dead: 0
84  3692.89   9.03006     145.619   3523    	Dead: 0
85  3692.04   9.0314      145.64    3523    	Dead: 0
86  3693.97   9.22462     148.756   3519    	Dead: 0
87  3685.23   9.1145      146.98    3512    	Dead: 0
88  3694.15   9.11751     147.029   3512    	Dead: 0
89  3690.36   9.19108     148.215   3512    	Dead: 0
90  3683.31   9.18725     148.154   3512    	Dead: 0
91  3687.19   9.33884     150.598   3512    	Dead: 0
92  3684.86   9.32701     150.407   3512    	Dead: 0
93  3688.88   9.32235     150.332   3512    	Dead: 0
94  3691.39   9.25248     149.205   3512    	Dead: 0
95  3678.92   9.18748     148.157   3512    	Dead: 0
96  3678.6    9.25377     149.226   3512    	Dead: 0
97  3674.03   9.05383     146.002   3512    	Dead: 0
98  3684.7    9.48565     152.966   3512    	Dead: 0
99  3676.02   9.14783     147.518   3512    	Dead: 0
100 3679.05   9.24394     149.068   3512    	Dead: 0
