0   19.4133   0.283518    4.57202   5.44719 	Dead: 0
1   16.3472   0.281179    4.53429   5.44719 	Dead: 0
2   13.0799   0.255801    4.12504   4.62146 	Dead: 0
3   10.5018   0.227241    3.66449   4.62146 	Dead: 0
4   8.67277   0.179958    2.90201   3.73826 	Dead: 0
5   7.69924   0.141354    2.27947   3.73826 	Dead: 0
6   7.34626   0.130402    2.10287   3.73826 	Dead: 0
7   7.12309   0.136661    2.2038    3.73826 	Dead: 0
8   6.98853   0.131826    2.12583   3.73826 	Dead: 0
9   6.81339   0.119044    1.9197    3.73826 	Dead: 0
10  6.7291    0.11844     1.90996   3.73826 	Dead: 0
11  6.58955   0.115527    1.86299   3.73826 	Dead: 0
12  6.59916   0.125514    2.02404   3.73826 	Dead: 0
13  6.53646   0.119481    1.92676   3.73826 	Dead: 0
14  6.57512   0.117449    1.89399   3.73826 	Dead: 0
15  6.53577   0.122143    1.96969   3.73826 	Dead: 0
16  6.38461   0.110995    1.7899    3.73826 	Dead: 0
17  6.35769   0.116081    1.87192   3.73826 	Dead: 0
18  6.35092   0.110517    1.7822    3.73826 	Dead: 0
19  6.31356   0.115894    1.86891   3.73826 	Dead: 0
20  6.30425   0.113068    1.82334   3.73826 	Dead: 0
21  6.31642   0.117895    1.90117   3.73826 	Dead: 0
22  6.24092   0.112455    1.81346   3.73826 	Dead: 0
23  6.24245   0.109125    1.75974   3.73826 	Dead: 0
24  6.26821   0.1129      1.82063   3.73826 	Dead: 0
25  6.23242   0.110579    1.7832    3.73826 	Dead: 0
26  6.22407   0.114258    1.84252   3.73826 	Dead: 0
27  6.2227    0.119813    1.9321    3.73826 	Dead: 0
28  6.15211   0.112169    1.80884   3.73826 	Dead: 0
29  6.16925   0.115097    1.85605   3.73826 	Dead: 0
30  6.0869    0.104525    1.68557   3.73826 	Dead: 0
31  6.13562   0.107348    1.7311    3.73826 	Dead: 0
32  6.19137   0.115003    1.85454   3.73826 	Dead: 0
33  6.11905   0.111248    1.79398   3.73826 	Dead: 0
34  6.14593   0.112384    1.8123    3.73826 	Dead: 0
35  6.07372   0.108983    1.75746   3.73826 	Dead: 0
36  6.09666   0.109585    1.76717   3.73826 	Dead: 0
37  6.0671    0.11039     1.78016   3.73826 	Dead: 0
38  6.03697   0.110168    1.77656   3.73826 	Dead: 0
39  6.10627   0.112451    1.81339   3.73826 	Dead: 0
40  6.13422   0.114668    1.84914   3.73826 	Dead: 0
41  6.07021   0.110466    1.78138   3.73826 	Dead: 0
42  6.04402   0.108811    1.75469   3.73826 	Dead: 0
43  6.03039   0.110408    1.78045   3.73826 	Dead: 0
44  6.02929   0.114095    1.8399    3.73826 	Dead: 0
45  5.97915   0.104801    1.69001   3.69322 	Dead: 0
46  5.96534   0.108753    1.75375   3.69322 	Dead: 0
47  6.04885   0.10845     1.74887   3.69322 	Dead: 0
48  6.01866   0.108241    1.7455    3.69322 	Dead: 0
49  5.92639   0.103738    1.67287   3.69322 	Dead: 0
50  5.96161   0.106977    1.72511   3.69322 	Dead: 0
51  5.96869   0.111418    1.79673   3.69322 	Dead: 0
52  5.95954   0.104168    1.67982   3.69322 	Dead: 0
53  5.93325   0.10489     1.69145   3.69322 	Dead: 0
54  5.9431    0.106985    1.72524   3.69322 	Dead: 0
55  5.86152   0.103911    1.67566   3.69322 	Dead: 0
56  5.88778   0.102709    1.65629   3.69322 	Dead: 0
57  5.84445   0.100062    1.61359   3.69322 	Dead: 0
58  5.84691   0.102547    1.65368   3.69322 	Dead: 0
59  5.85979   0.102007    1.64497   3.69322 	Dead: 0
60  5.89685   0.102515    1.65316   3.69322 	Dead: 0
61  5.94018   0.10768     1.73644   3.69322 	Dead: 0
62  5.88183   0.107258    1.72965   3.69322 	Dead: 0
63  5.76214   0.0962034   1.55138   3.69322 	Dead: 0
64  5.8286    0.101108    1.63047   3.69322 	Dead: 0
65  5.79667   0.0949318   1.53087   3.06797 	Dead: 0
66  5.87572   0.105021    1.69356   3.06797 	Dead: 0
67  5.8362    0.103418    1.66772   3.06797 	Dead: 0
68  5.85615   0.104967    1.6927    3.06797 	Dead: 0
69  5.7417    0.0972406   1.5681    3.06797 	Dead: 0
70  5.7803    0.100285    1.6172    3.06797 	Dead: 0
71  5.80337   0.099483    1.60426   3.06797 	Dead: 0
72  5.82653   0.102397    1.65126   3.06797 	Dead: 0
73  5.76051   0.096508    1.55629   3.06797 	Dead: 0
74  5.80776   0.104211    1.68051   3.06797 	Dead: 0
75  5.79802   0.101772    1.64118   3.06797 	Dead: 0
76  5.78891   0.100659    1.62322   3.06797 	Dead: 0
77  5.81513   0.106994    1.72539   3.06797 	Dead: 0
78  5.80039   0.102645    1.65525   3.06797 	Dead: 0
79  5.79834   0.100409    1.6192    3.06797 	Dead: 0
80  5.7756    0.0991788   1.59936   3.06797 	Dead: 0
81  5.85845   0.109339    1.76319   3.06797 	Dead: 0
82  5.75386   0.0990755   1.59769   3.06797 	Dead: 0
83  5.77452   0.101671    1.63954   3.06797 	Dead: 0
84  5.81513   0.104814    1.69023   3.06797 	Dead: 0
85  5.82073   0.107165    1.72815   3.06797 	Dead: 0
86  5.75277   0.101615    1.63865   3.06797 	Dead: 0
87  5.78001   0.101766    1.64108   3.06797 	Dead: 0
88  5.72945   0.102113    1.64668   3.06797 	Dead: 0
89  5.73643   0.101973    1.64441   3.06797 	Dead: 0
90  5.75372   0.102615    1.65476   3.06797 	Dead: 0
91  5.70371   0.0968679   1.56209   3.06797 	Dead: 0
92  5.72809   0.0972269   1.56788   3.06797 	Dead: 0
93  5.76823   0.102085    1.64622   3.06797 	Dead: 0
94  5.7274    0.100822    1.62586   3.06797 	Dead: 0
95  5.75529   0.104656    1.68768   3.06797 	Dead: 0
96  5.71155   0.0995351   1.6051    3.06797 	Dead: 0
97  5.6805    0.0971123   1.56603   3.06797 	Dead: 0
98  5.72682   0.0997367   1.60835   3.06797 	Dead: 0
99  5.67324   0.0980454   1.58108   3.06797 	Dead: 0
100 5.6675    0.0980651   1.5814    3.06797 	Dead: 0
