0   4404.58   3.742       60.3435   4188    	Dead: 0
1   4198.65   2.69128     43.3995   4072    	Dead: 0
2   4105.76   2.33084     37.5872   3987    	Dead: 0
3   4048.4    2.43811     39.3169   3917    	Dead: 0
4   4009.02   2.45985     39.6676   3903    	Dead: 0
5   3953.5    2.37231     38.2559   3854    	Dead: 0
6   3914.1    2.18651     35.2596   3807    	Dead: 0
7   3891.8    2.24143     36.1454   3796    	Dead: 0
8   3874.41   2.20939     35.6286   3788    	Dead: 0
9   3860.9    2.22162     35.8258   3788    	Dead: 0
10  3851.26   2.40641     38.8058   3773    	Dead: 0
11  3844.81   2.5992      41.9148   3739    	Dead: 0
12  3837.09   2.67974     43.2135   3734    	Dead: 0
13  3825.45   2.67015     43.0588   3733    	Dead: 0
14  3813.33   2.76777     44.6331   3733    	Dead: 0
15  3800.89   2.99044     48.2238   3709    	Dead: 0
16  3791.14   3.04746     49.1433   3706    	Dead: 0
17  3782.09   3.05721     49.3006   3700    	Dead: 0
18  3779.66   3.48153     56.1431   3678    	Dead: 0
19  3776.59   3.52203     56.7963   3678    	Dead: 0
20  3772.89   3.63571     58.6295   3678    	Dead: 0
21  3767.69   3.67246     59.222    3678    	Dead: 0
22  3764.79   3.80512     61.3613   3678    	Dead: 0
23  3762.25   4.09693     66.0672   3675    	Dead: 0
24  3758.35   4.09467     66.0306   3673    	Dead: 0
25  3757.68   4.21571     67.9825   3662    	Dead: 0
26  3755.13   4.17371     67.3052   3659    	Dead: 0
27  3751.98   4.42904     71.4227   3659    	Dead: 0
28  3747      4.39417     70.8604   3656    	Dead: 0
29  3744.59   4.50095     72.5824   3655    	Dead: 0
30  3737.39   4.46596     72.018    3634    	Dead: 0
31  3734.38   4.52237     72.9278   3634    	Dead: 0
32  3728.42   4.50751     72.6881   3634    	Dead: 0
33  3727.33   4.54336     73.2662   3634    	Dead: 0
34  3728.85   4.66982     75.3056   3630    	Dead: 0
35  3726.74   4.71206     75.9866   3630    	Dead: 0
36  3726.2    4.74194     76.4685   3628    	Dead: 0
37  3722.56   4.79418     77.311    3628    	Dead: 0
38  3719.8    4.76086     76.7736   3628    	Dead: 0
39  3721.49   4.94852     79.7999   3625    	Dead: 0
40  3715.5    4.83996     78.0491   3625    	Dead: 0
41  3716.08   4.95736     79.9424   3625    	Dead: 0
42  3712.33   5.01038     80.7973   3624    	Dead: 0
43  3713.04   5.15056     83.0579   3617    	Dead: 0
44  3713.84   5.27647     85.0884   3613    	Dead: 0
45  3712.9    5.31139     85.6515   3613    	Dead: 0
46  3712.8    5.42853     87.5405   3613    	Dead: 0
47  3711.47   5.40286     87.1266   3609    	Dead: 0
48  3709.03   5.41202     87.2742   3609    	Dead: 0
49  3709.42   5.49088     88.546    3609    	Dead: 0
50  3705.57   5.40191     87.1112   3603    	Dead: 0
51  3709.43   5.63336     90.8436   3603    	Dead: 0
52  3707.29   5.54865     89.4776   3602    	Dead: 0
53  3704      5.5356      89.2672   3602    	Dead: 0
54  3701.7    5.62349     90.6844   3601    	Dead: 0
55  3705.56   5.5561      89.5977   3601    	Dead: 0
56  3704.51   5.81682     93.802    3601    	Dead: 0
57  3700.23   5.69333     91.8106   3600    	Dead: 0
58  3700.94   5.81991     93.8519   3600    	Dead: 0
59  3700.11   5.76305     92.935    3592    	Dead: 0
60  3700.31   5.98076     96.4457   3592    	Dead: 0
61  3701.34   6.09804     98.3369   3592    	Dead: 0
62  3697.95   5.9792      96.4206   3587    	Dead: 0
63  3703.93   6.26402     101.014   3587    	Dead: 0
64  3697.45   6.19139     99.8423   3587    	Dead: 0
65  3698.47   6.2521      100.821   3587    	Dead: 0
66  3700.72   6.1622      99.3716   3585    	Dead: 0
67  3695.72   6.20642     100.085   3585    	Dead: 0
68  3696.01   6.25717     100.903   3582    	Dead: 0
69  3694.23   6.37988     102.882   3582    	Dead: 0
70  3694      6.34087     102.253   3582    	Dead: 0
71  3694.43   6.26123     100.969   3582    	Dead: 0
72  3691.03   6.34614     102.338   3578    	Dead: 0
73  3689.33   6.39884     103.188   3578    	Dead: 0
74  3688.17   6.45806     104.143   3578    	Dead: 0
75  3692.99   6.5938      106.332   3573    	Dead: 0
76  3690.17   6.49148     104.682   3573    	Dead: 0
77  3691.72   6.51661     105.087   3573    	Dead: 0
78  3687.53   6.47806     104.465   3573    	Dead: 0
79  3688.97   6.59727     106.388   3573    	Dead: 0
80  3686.34   6.50504     104.9     3569    	Dead: 0
81  3683.98   6.59384     106.332   3569    	Dead: 0
82  3683.14   6.45965     104.168   3569    	Dead: 0
83  3685.96   6.68041     107.728   3562    	Dead: 0
84  3680.47   6.6101      106.595   3562    	Dead: 0
85  3680.76   6.60636     106.534   3562    	Dead: 0
86  3684.18   6.81402     109.883   3562    	Dead: 0
87  3684.25   6.92848     111.729   3562    	Dead: 0
88  3682.68   6.91028     111.435   3562    	Dead: 0
89  3679.32   6.90887     111.412   3562    	Dead: 0
90  3678.68   6.93462     111.828   3561    	Dead: 0
91  3677.44   6.86683     110.735   3559    	Dead: 0
92  3675.35   6.98455     112.633   3557    	Dead: 0
93  3680.26   7.06626     113.951   3556    	Dead: 0
94  3678.13   7.22454     116.503   3556    	Dead: 0
95  3677.22   6.88981     111.105   3556    	Dead: 0
96  3674.54   7.02577     113.298   3556    	Dead: 0
97  3676.32   7.15733     115.419   3556    	Dead: 0
98  3674.64   7.21542     116.356   3551    	Dead: 0
99  3670.82   7.22857     116.568   3551    	Dead: 0
100 3671.03   7.28499     117.478   3551    	Dead: 0
