0   4390.45   3.69241     59.5437   4213    	Dead: 0
1   4257.88   3.10005     49.9914   4080    	Dead: 0
2   4178.3    2.57401     41.5085   4017    	Dead: 0
3   4131.22   2.40388     38.765    4017    	Dead: 0
4   4093.45   2.3135      37.3076   4001    	Dead: 0
5   4066.78   2.29163     36.9549   3966    	Dead: 0
6   4044.51   2.19161     35.342    3957    	Dead: 0
7   4028.45   2.3664      38.1606   3939    	Dead: 0
8   4014.58   2.3366      37.6801   3927    	Dead: 0
9   4005.77   2.49129     40.1746   3909    	Dead: 0
10  3996.43   2.47521     39.9153   3909    	Dead: 0
11  3987.81   2.40861     38.8413   3893    	Dead: 0
12  3979.89   2.49886     40.2967   3893    	Dead: 0
13  3970.09   2.5772      41.5599   3869    	Dead: 0
14  3955.62   2.52051     40.6458   3858    	Dead: 0
15  3937.51   2.3818      38.409    3838    	Dead: 0
16  3922.55   2.45987     39.6678   3817    	Dead: 0
17  3902.22   2.28693     36.879    3795    	Dead: 0
18  3883.8    2.33531     37.6593   3795    	Dead: 0
19  3866.66   2.23651     36.066    3784    	Dead: 0
20  3857.8    2.25127     36.304    3777    	Dead: 0
21  3848.96   2.2506      36.2932   3752    	Dead: 0
22  3842.06   2.30387     37.1522   3752    	Dead: 0
23  3836.39   2.40102     38.7188   3752    	Dead: 0
24  3829.66   2.47704     39.9447   3741    	Dead: 0
25  3822.86   2.50882     40.4573   3737    	Dead: 0
26  3818.41   2.62237     42.2883   3737    	Dead: 0
27  3809.87   2.53731     40.9166   3728    	Dead: 0
28  3802.98   2.44329     39.4006   3726    	Dead: 0
29  3798.82   2.6673      43.0129   3714    	Dead: 0
30  3791.97   2.63845     42.5476   3703    	Dead: 0
31  3785.64   2.67747     43.1768   3703    	Dead: 0
32  3781.26   2.76086     44.5217   3697    	Dead: 0
33  3775.6    2.79587     45.0862   3687    	Dead: 0
34  3770.54   2.83331     45.69     3687    	Dead: 0
35  3766.27   2.99965     48.3723   3677    	Dead: 0
36  3760.83   3.08608     49.7661   3675    	Dead: 0
37  3758.95   3.22534     52.0119   3657    	Dead: 0
38  3753.75   3.16676     51.0671   3657    	Dead: 0
39  3749.2    3.18166     51.3074   3651    	Dead: 0
40  3742.78   3.20015     51.6056   3651    	Dead: 0
41  3740.58   3.34736     53.9796   3648    	Dead: 0
42  3737.48   3.36981     54.3416   3635    	Dead: 0
43  3734.92   3.45268     55.6779   3635    	Dead: 0
44  3733.16   3.57068     57.5808   3633    	Dead: 0
45  3730.03   3.67548     59.2708   3626    	Dead: 0
46  3723.88   3.53227     56.9614   3626    	Dead: 0
47  3723.8    3.65207     58.8933   3626    	Dead: 0
48  3721.87   3.73369     60.2094   3626    	Dead: 0
49  3719.67   3.79833     61.2518   3622    	Dead: 0
50  3715.08   3.76383     60.6954   3621    	Dead: 0
51  3714.97   3.89652     62.8353   3621    	Dead: 0
52  3712.58   3.9225      63.2543   3618    	Dead: 0
53  3712.24   3.93975     63.5325   3618    	Dead: 0
54  3711.93   3.9513      63.7187   3618    	Dead: 0
55  3705.47   3.80916     61.4265   3618    	Dead: 0
56  3706.98   3.92312     63.2642   3618    	Dead: 0
57  3704.54   3.93875     63.5162   3618    	Dead: 0
58  3705.98   3.96623     63.9594   3617    	Dead: 0
59  3704.26   3.98626     64.2824   3611    	Dead: 0
60  3703.84   4.06025     65.4756   3611    	Dead: 0
61  3703.52   4.0845      65.8666   3611    	Dead: 0
62  3702.75   4.13112     66.6184   3609    	Dead: 0
63  3698.65   3.98006     64.1825   3609    	Dead: 0
64  3699.86   4.17668     67.3531   3605    	Dead: 0
65  3698.53   4.1449      66.8406   3605    	Dead: 0
66  3699.5    4.1718      67.2745   3605    	Dead: 0
67  3700.62   4.27571     68.95     3605    	Dead: 0
68  3696.47   4.12495     66.5189   3605    	Dead: 0
69  3697.17   4.18577     67.4998   3605    	Dead: 0
70  3698.12   4.24037     68.3803   3605    	Dead: 0
71  3697.08   4.17595     67.3413   3605    	Dead: 0
72  3696.7    4.25245     68.575    3605    	Dead: 0
73  3694.11   4.24662     68.4809   3605    	Dead: 0
74  3694.36   4.15292     66.97     3605    	Dead: 0
75  3692.74   4.22309     68.1015   3592    	Dead: 0
76  3690.63   4.16109     67.1017   3592    	Dead: 0
77  3691.96   4.28734     69.1377   3592    	Dead: 0
78  3690.45   4.31036     69.5088   3592    	Dead: 0
79  3689.47   4.34144     70.01     3592    	Dead: 0
80  3688.92   4.37636     70.5732   3592    	Dead: 0
81  3689.29   4.36573     70.4018   3592    	Dead: 0
82  3689.06   4.36537     70.3959   3592    	Dead: 0
83  3689.78   4.39673     70.9017   3592    	Dead: 0
84  3687.3    4.34874     70.1278   3592    	Dead: 0
85  3687.62   4.49248     72.4457   3592    	Dead: 0
86  3688.36   4.42056     71.286    3592    	Dead: 0
87  3687.95   4.50158     72.5925   3592    	Dead: 0
88  3688.66   4.53954     73.2046   3592    	Dead: 0
89  3685.5    4.49799     72.5346   3592    	Dead: 0
90  3687.39   4.52847     73.0261   3592    	Dead: 0
91  3685.73   4.47704     72.1967   3592    	Dead: 0
92  3684.4    4.49457     72.4794   3592    	Dead: 0
93  3684.97   4.55633     73.4754   3592    	Dead: 0
94  3685.44   4.62334     74.556    3584    	Dead: 0
95  3684.3    4.65025     74.9899   3584    	Dead: 0
96  3684.24   4.61982     74.4993   3584    	Dead: 0
97  3685.01   4.68084     75.4832   3584    	Dead: 0
98  3682.49   4.49509     72.4878   3584    	Dead: 0
99  3685.29   4.58342     73.9123   3584    	Dead: 0
100 3683.52   4.70885     75.9349   3584    	Dead: 0
