0   4408.96   3.84305     61.9731   4226    	Dead: 0
1   4214.84   2.62194     42.2814   4105    	Dead: 0
2   4117.23   2.43876     39.3275   4001    	Dead: 0
3   4062.89   2.55862     41.2604   3942    	Dead: 0
4   3999.99   2.49507     40.2355   3889    	Dead: 0
5   3940.51   2.00039     32.2583   3856    	Dead: 0
6   3907.84   2.12796     34.3156   3807    	Dead: 0
7   3890.56   2.22658     35.9059   3801    	Dead: 0
8   3878.11   2.31981     37.4093   3798    	Dead: 0
9   3868.7    2.38981     38.538    3784    	Dead: 0
10  3859.56   2.37696     38.3309   3765    	Dead: 0
11  3854.13   2.57991     41.6036   3747    	Dead: 0
12  3845.34   2.55135     41.1431   3747    	Dead: 0
13  3833.05   2.66555     42.9847   3747    	Dead: 0
14  3819.78   2.54504     41.0412   3739    	Dead: 0
15  3803.76   2.45224     39.5448   3719    	Dead: 0
16  3789.86   2.45951     39.662    3704    	Dead: 0
17  3778.94   2.56781     41.4086   3684    	Dead: 0
18  3767.14   2.49756     40.2756   3681    	Dead: 0
19  3757.89   2.62735     42.3687   3666    	Dead: 0
20  3751      2.68883     43.36     3663    	Dead: 0
21  3743.08   2.79497     45.0717   3662    	Dead: 0
22  3737.44   2.88398     46.507    3662    	Dead: 0
23  3731.63   3.00116     48.3967   3651    	Dead: 0
24  3728.77   3.20929     51.753    3651    	Dead: 0
25  3723.45   3.15886     50.9399   3651    	Dead: 0
26  3721.8    3.2505      52.4176   3642    	Dead: 0
27  3717.11   3.25037     52.4155   3636    	Dead: 0
28  3710.75   3.29221     53.0902   3631    	Dead: 0
29  3708.93   3.42475     55.2275   3628    	Dead: 0
30  3704.95   3.44476     55.5501   3623    	Dead: 0
31  3703.8    3.569       57.5538   3619    	Dead: 0
32  3703.33   3.63394     58.601    3619    	Dead: 0
33  3698.91   3.44574     55.5661   3619    	Dead: 0
34  3697.33   3.56334     57.4624   3619    	Dead: 0
35  3692.26   3.53509     57.0068   3609    	Dead: 0
36  3691.03   3.64371     58.7585   3609    	Dead: 0
37  3692.7    3.83926     61.9119   3609    	Dead: 0
38  3693.22   3.9657      63.9508   3606    	Dead: 0
39  3691.89   3.97064     64.0305   3602    	Dead: 0
40  3688.75   4.01812     64.7962   3602    	Dead: 0
41  3687.98   3.95167     63.7247   3592    	Dead: 0
42  3684.62   4.03626     65.0887   3592    	Dead: 0
43  3687.21   4.06632     65.5735   3585    	Dead: 0
44  3681.45   3.93907     63.5215   3583    	Dead: 0
45  3680.91   3.95383     63.7594   3583    	Dead: 0
46  3676.85   3.97524     64.1048   3583    	Dead: 0
47  3673.17   4.10956     66.2708   3583    	Dead: 0
48  3671.59   3.98186     64.2116   3582    	Dead: 0
49  3670.7    4.14846     66.8981   3582    	Dead: 0
50  3669.9    4.13695     66.7125   3579    	Dead: 0
51  3665.13   4.21246     67.9302   3576    	Dead: 0
52  3661.42   4.17835     67.3801   3576    	Dead: 0
53  3660.1    4.24708     68.4885   3573    	Dead: 0
54  3660.25   4.31755     69.6248   3573    	Dead: 0
55  3660.55   4.45078     71.7733   3573    	Dead: 0
56  3660.93   4.56626     73.6355   3571    	Dead: 0
57  3660.02   4.5458      73.3055   3569    	Dead: 0
58  3657.7    4.60687     74.2904   3569    	Dead: 0
59  3658.08   4.67482     75.3862   3566    	Dead: 0
60  3656.34   4.59462     74.0929   3561    	Dead: 0
61  3653.26   4.73964     76.4314   3561    	Dead: 0
62  3652.36   4.72299     76.1629   3561    	Dead: 0
63  3653.53   4.70817     75.924    3561    	Dead: 0
64  3649.3    4.74267     76.4803   3561    	Dead: 0
65  3648.89   4.73834     76.4105   3557    	Dead: 0
66  3650.36   4.85228     78.2478   3557    	Dead: 0
67  3649.85   4.86553     78.4616   3557    	Dead: 0
68  3647.49   5.00433     80.6998   3557    	Dead: 0
69  3648.22   5.06028     81.602    3557    	Dead: 0
70  3646.16   5.0401      81.2766   3553    	Dead: 0
71  3643.23   4.94068     79.6733   3553    	Dead: 0
72  3645.05   5.05967     81.5923   3548    	Dead: 0
73  3645.46   5.14703     83.001    3548    	Dead: 0
74  3642.66   5.02258     80.9941   3548    	Dead: 0
75  3638.74   5.05899     81.5813   3548    	Dead: 0
76  3642.6    5.21799     84.1453   3548    	Dead: 0
77  3643.32   5.1941      83.7601   3544    	Dead: 0
78  3640.42   5.1435      82.9441   3541    	Dead: 0
79  3638.69   5.32722     85.9067   3541    	Dead: 0
80  3640.32   5.36162     86.4614   3541    	Dead: 0
81  3641.78   5.31274     85.6732   3533    	Dead: 0
82  3637.7    5.23708     84.4532   3533    	Dead: 0
83  3637.82   5.24736     84.619    3532    	Dead: 0
84  3634.42   5.48683     88.4807   3531    	Dead: 0
85  3629.41   5.4005      87.0885   3531    	Dead: 0
86  3631.04   5.57603     89.9191   3523    	Dead: 0
87  3630.83   5.64003     90.9511   3519    	Dead: 0
88  3628.16   5.69911     91.9038   3519    	Dead: 0
89  3623.32   5.67262     91.4767   3518    	Dead: 0
90  3625.75   5.86118     94.5174   3518    	Dead: 0
91  3627.18   5.88266     94.8638   3518    	Dead: 0
92  3624.59   5.81446     93.764    3518    	Dead: 0
93  3623.03   5.91254     95.3456   3515    	Dead: 0
94  3623.34   6.06993     97.8836   3515    	Dead: 0
95  3622.33   6.05905     97.7082   3515    	Dead: 0
96  3624.14   6.12966     98.8468   3515    	Dead: 0
97  3623.27   6.16574     99.4288   3514    	Dead: 0
98  3620.54   6.11932     98.6802   3514    	Dead: 0
99  3618.55   6.16306     99.3856   3514    	Dead: 0
100 3618.26   6.16414     99.4029   3514    	Dead: 0
