0   4385.53   3.62309     58.4259   4206    	Dead: 0
1   4265.05   3.05121     49.2038   4102    	Dead: 0
2   4195.12   2.66823     43.028    4053    	Dead: 0
3   4148.63   2.48443     40.0639   4041    	Dead: 0
4   4112.22   2.45866     39.6484   4010    	Dead: 0
5   4082.38   2.34324     37.7872   3973    	Dead: 0
6   4058.17   2.42556     39.1145   3943    	Dead: 0
7   4037.08   2.42745     39.1451   3932    	Dead: 0
8   4020.44   2.37147     38.2423   3932    	Dead: 0
9   4004.63   2.43802     39.3156   3918    	Dead: 0
10  3990.05   2.52614     40.7365   3892    	Dead: 0
11  3978.45   2.57722     41.5603   3885    	Dead: 0
12  3970.29   2.66478     42.9722   3885    	Dead: 0
13  3963.82   2.79772     45.1161   3865    	Dead: 0
14  3953.73   2.59324     41.8185   3846    	Dead: 0
15  3951.22   2.76513     44.5904   3846    	Dead: 0
16  3944.77   2.86369     46.1799   3846    	Dead: 0
17  3941.1    2.87753     46.4031   3846    	Dead: 0
18  3935.06   2.80674     45.2615   3808    	Dead: 0
19  3933.28   2.99216     48.2515   3808    	Dead: 0
20  3927.4    2.96967     47.889    3808    	Dead: 0
21  3921.43   2.92517     47.1713   3808    	Dead: 0
22  3912.29   2.75065     44.3571   3808    	Dead: 0
23  3907.02   2.78371     44.8901   3808    	Dead: 0
24  3901.74   2.75176     44.3749   3808    	Dead: 0
25  3898.66   2.83886     45.7795   3808    	Dead: 0
26  3889.92   2.72124     43.8826   3808    	Dead: 0
27  3883.97   2.57222     41.4796   3808    	Dead: 0
28  3879.67   2.60831     42.0617   3808    	Dead: 0
29  3873.74   2.57575     41.5366   3797    	Dead: 0
30  3870      2.71515     43.7845   3796    	Dead: 0
31  3863.82   2.626       42.3469   3774    	Dead: 0
32  3861.72   2.80691     45.2642   3765    	Dead: 0
33  3855.53   2.66854     43.0328   3765    	Dead: 0
34  3850.43   2.70157     43.5655   3765    	Dead: 0
35  3846.92   2.69726     43.496    3765    	Dead: 0
36  3841.58   2.65894     42.8781   3757    	Dead: 0
37  3839.48   2.8818      46.4719   3757    	Dead: 0
38  3833.36   2.72134     43.8843   3757    	Dead: 0
39  3832.47   2.89725     46.7211   3757    	Dead: 0
40  3825.01   2.64242     42.6116   3754    	Dead: 0
41  3820.92   2.74645     44.2893   3738    	Dead: 0
42  3816.82   2.80358     45.2106   3738    	Dead: 0
43  3812.78   2.90582     46.8593   3738    	Dead: 0
44  3806.8    2.86147     46.1441   3729    	Dead: 0
45  3801.01   2.69215     43.4136   3722    	Dead: 0
46  3794.83   2.73267     44.0671   3722    	Dead: 0
47  3791.74   2.85765     46.0824   3718    	Dead: 0
48  3787.4    2.85616     46.0584   3699    	Dead: 0
49  3781.78   2.85007     45.9602   3699    	Dead: 0
50  3779.21   3.02907     48.8468   3699    	Dead: 0
51  3773.83   2.96801     47.8622   3685    	Dead: 0
52  3772.72   3.09912     49.9764   3685    	Dead: 0
53  3768.12   3.10466     50.0657   3685    	Dead: 0
54  3767.21   3.2762      52.8321   3685    	Dead: 0
55  3760.48   2.97844     48.0303   3685    	Dead: 0
56  3760.25   3.1999      51.6016   3684    	Dead: 0
57  3754.86   3.14516     50.7189   3679    	Dead: 0
58  3753.6    3.22671     52.0339   3678    	Dead: 0
59  3751.68   3.2323      52.1241   3676    	Dead: 0
60  3745.48   3.17961     51.2745   3652    	Dead: 0
61  3746.39   3.29976     53.212    3652    	Dead: 0
62  3740.33   3.20335     51.6573   3652    	Dead: 0
63  3738.15   3.17383     51.1812   3652    	Dead: 0
64  3738.64   3.27613     52.8308   3652    	Dead: 0
65  3737.29   3.34283     53.9065   3636    	Dead: 0
66  3735.39   3.22523     52.01     3636    	Dead: 0
67  3734.78   3.39268     54.7104   3636    	Dead: 0
68  3732.75   3.38294     54.5534   3636    	Dead: 0
69  3732.95   3.53055     56.9337   3636    	Dead: 0
70  3728.55   3.32417     53.6056   3636    	Dead: 0
71  3729.78   3.4669      55.9073   3636    	Dead: 0
72  3727.49   3.48725     56.2354   3636    	Dead: 0
73  3724.98   3.30343     53.2712   3636    	Dead: 0
74  3725.05   3.4526      55.6766   3636    	Dead: 0
75  3722.69   3.42677     55.2601   3636    	Dead: 0
76  3724.13   3.59183     57.9218   3636    	Dead: 0
77  3721.17   3.49557     56.3695   3636    	Dead: 0
78  3722.65   3.52002     56.7639   3635    	Dead: 0
79  3719.12   3.56632     57.5105   3635    	Dead: 0
80  3717.76   3.53186     56.9548   3635    	Dead: 0
81  3716.45   3.74022     60.3148   3635    	Dead: 0
82  3714.17   3.66649     59.1258   3625    	Dead: 0
83  3712.42   3.71312     59.8778   3617    	Dead: 0
84  3709.35   3.59324     57.9446   3617    	Dead: 0
85  3708.76   3.74078     60.3239   3617    	Dead: 0
86  3705.93   3.60331     58.1069   3617    	Dead: 0
87  3705.78   3.73382     60.2115   3617    	Dead: 0
88  3705.71   3.80396     61.3426   3617    	Dead: 0
89  3702.11   3.82818     61.7332   3617    	Dead: 0
90  3704.28   3.93519     63.4588   3617    	Dead: 0
91  3701.24   3.74232     60.3486   3617    	Dead: 0
92  3700.96   3.79642     61.221    3617    	Dead: 0
93  3697.5    3.73208     60.1836   3617    	Dead: 0
94  3699.03   3.92256     63.2551   3610    	Dead: 0
95  3695.24   3.75237     60.5107   3610    	Dead: 0
96  3695.91   3.86556     62.336    3610    	Dead: 0
97  3696.1    3.99874     64.4836   3610    	Dead: 0
98  3692.37   3.83612     61.8612   3605    	Dead: 0
99  3689.04   3.76649     60.7385   3605    	Dead: 0
100 3692.41   4.01746     64.7856   3601    	Dead: 0
