0   4408.05   3.78639     61.0593   4211    	Dead: 0
1   4207.03   2.66519     42.9789   4073    	Dead: 0
2   4118.93   2.55727     41.2385   3966    	Dead: 0
3   4043.38   2.37072     38.2302   3917    	Dead: 0
4   3995.4    2.24505     36.2036   3900    	Dead: 0
5   3971.71   2.33143     37.5967   3854    	Dead: 0
6   3953.33   2.38446     38.4518   3854    	Dead: 0
7   3939.47   2.35116     37.9148   3835    	Dead: 0
8   3920.64   2.36065     38.0678   3835    	Dead: 0
9   3894.64   2.18959     35.3093   3808    	Dead: 0
10  3868.42   2.11919     34.1741   3799    	Dead: 0
11  3848.08   2.14328     34.5625   3740    	Dead: 0
12  3835.86   2.37626     38.3195   3735    	Dead: 0
13  3826.82   2.47882     39.9734   3735    	Dead: 0
14  3819.65   2.45825     39.6417   3735    	Dead: 0
15  3814.07   2.54601     41.057    3735    	Dead: 0
16  3808.36   2.53685     40.9092   3735    	Dead: 0
17  3805.53   2.76644     44.6117   3731    	Dead: 0
18  3803.49   2.8329      45.6833   3731    	Dead: 0
19  3799.11   2.81184     45.3437   3725    	Dead: 0
20  3795.47   2.71563     43.7922   3705    	Dead: 0
21  3789.58   2.79615     45.0908   3705    	Dead: 0
22  3787.11   2.85317     46.0102   3699    	Dead: 0
23  3780.9    2.75284     44.3924   3690    	Dead: 0
24  3776.44   3.02513     48.7832   3690    	Dead: 0
25  3770.87   2.95604     47.6691   3668    	Dead: 0
26  3763.86   2.99068     48.2277   3667    	Dead: 0
27  3759.43   3.2731      52.782    3667    	Dead: 0
28  3753.43   3.28176     52.9217   3655    	Dead: 0
29  3750.11   3.62992     58.5361   3655    	Dead: 0
30  3744.24   3.55489     57.3261   3653    	Dead: 0
31  3741.6    3.69811     59.6357   3647    	Dead: 0
32  3740.73   4.13779     66.726    3647    	Dead: 0
33  3736.49   4.06697     65.584    3640    	Dead: 0
34  3737.39   4.22146     68.0752   3640    	Dead: 0
35  3734.36   4.0648      65.549    3640    	Dead: 0
36  3727.47   4.09648     66.0598   3640    	Dead: 0
37  3728.71   4.29844     69.3167   3634    	Dead: 0
38  3723.96   4.2239      68.1146   3634    	Dead: 0
39  3724.51   4.34348     70.0429   3634    	Dead: 0
40  3716.99   4.16555     67.1737   3634    	Dead: 0
41  3717.93   4.41196     71.1473   3634    	Dead: 0
42  3712.85   4.36083     70.3227   3630    	Dead: 0
43  3715.64   4.6099      74.3392   3628    	Dead: 0
44  3712.64   4.53311     73.1009   3623    	Dead: 0
45  3710.15   4.5719      73.7264   3623    	Dead: 0
46  3712.32   4.53437     73.1212   3623    	Dead: 0
47  3713      4.70082     75.8055   3622    	Dead: 0
48  3706.57   4.63641     74.7667   3617    	Dead: 0
49  3708.65   4.70111     75.81     3617    	Dead: 0
50  3706.29   4.70947     75.9449   3616    	Dead: 0
51  3706.18   4.67697     75.4207   3611    	Dead: 0
52  3704.97   4.71167     75.9804   3611    	Dead: 0
53  3704.94   4.8306      77.8983   3608    	Dead: 0
54  3702.35   4.8385      78.0256   3608    	Dead: 0
55  3705.1    5.07715     81.8742   3608    	Dead: 0
56  3704.07   4.96263     80.0273   3608    	Dead: 0
57  3700.02   4.78912     77.2294   3604    	Dead: 0
58  3701.15   4.92157     79.3653   3594    	Dead: 0
59  3699.32   5.01708     80.9054   3594    	Dead: 0
60  3697.19   4.95549     79.9122   3594    	Dead: 0
61  3698.43   5.00625     80.7308   3594    	Dead: 0
62  3698.28   4.90201     79.0498   3594    	Dead: 0
63  3695.73   5.10289     82.2893   3591    	Dead: 0
64  3700.14   5.23556     84.4286   3591    	Dead: 0
65  3692.85   5.0802      81.9233   3591    	Dead: 0
66  3694.93   5.10357     82.3001   3591    	Dead: 0
67  3694.18   5.13319     82.7779   3591    	Dead: 0
68  3692.12   5.3485      86.2499   3591    	Dead: 0
69  3692.23   5.18874     83.6736   3589    	Dead: 0
70  3689.87   5.19447     83.7661   3583    	Dead: 0
71  3688.93   5.29646     85.4106   3583    	Dead: 0
72  3688.29   5.31392     85.6923   3583    	Dead: 0
73  3684.8    5.35999     86.4352   3583    	Dead: 0
74  3683.31   5.4315      87.5884   3582    	Dead: 0
75  3683      5.32954     85.9442   3580    	Dead: 0
76  3680.93   5.44912     87.8725   3580    	Dead: 0
77  3682.45   5.49773     88.6564   3579    	Dead: 0
78  3679.42   5.4547      87.9624   3579    	Dead: 0
79  3681.41   5.63034     90.7949   3571    	Dead: 0
80  3678.94   5.45627     87.9878   3571    	Dead: 0
81  3674.75   5.5412      89.3574   3571    	Dead: 0
82  3674.78   5.43804     87.6938   3570    	Dead: 0
83  3675.69   5.62558     90.7182   3570    	Dead: 0
84  3673.49   5.70271     91.9619   3570    	Dead: 0
85  3670.38   5.63877     90.9309   3570    	Dead: 0
86  3676.08   5.7199      92.239    3570    	Dead: 0
87  3674.51   5.70946     92.0708   3569    	Dead: 0
88  3672.1    5.69384     91.8189   3561    	Dead: 0
89  3674.15   5.80045     93.538    3561    	Dead: 0
90  3673.7    5.80834     93.6653   3561    	Dead: 0
91  3670.33   5.80232     93.5682   3559    	Dead: 0
92  3671.57   5.83623     94.115    3559    	Dead: 0
93  3668.82   5.90191     95.1742   3559    	Dead: 0
94  3666.76   5.86678     94.6078   3555    	Dead: 0
95  3665.92   5.91046     95.312    3555    	Dead: 0
96  3664.18   6.04322     97.453    3555    	Dead: 0
97  3662.01   5.92814     95.5972   3555    	Dead: 0
98  3659.49   5.91952     95.4581   3555    	Dead: 0
99  3660.47   6.05225     97.5986   3555    	Dead: 0
100 3661.49   6.05563     97.653    3554    	Dead: 0
