0   6181.85   4.54474     73.2885   5940    	Dead: 0
1   5903.19   3.18188     51.311    5703    	Dead: 0
2   5713.74   3.08464     49.743    5544    	Dead: 0
3   5536.99   3.05962     49.3394   5374    	Dead: 0
4   5410.97   2.61725     42.2059   5263    	Dead: 0
5   5298.91   2.80745     45.2729   5171    	Dead: 0
6   5165.09   2.65789     42.8611   5031    	Dead: 0
7   5048.24   2.49381     40.2151   4893    	Dead: 0
8   4931.46   2.44641     39.4509   4818    	Dead: 0
9   4843.16   2.25725     36.4004   4733    	Dead: 0
10  4780.35   2.1147      34.1016   4684    	Dead: 0
11  4723.01   2.08388     33.6046   4634    	Dead: 0
12  4648.15   2.0912      33.7226   4539    	Dead: 0
13  4589.34   2.00291     32.299    4495    	Dead: 0
14  4539.66   2.05221     33.0939   4447    	Dead: 0
15  4491.16   2.09422     33.7715   4397    	Dead: 0
16  4451.53   2.0125      32.4536   4367    	Dead: 0
17  4412.2    1.9758      31.8618   4313    	Dead: 0
18  4379.95   2.02125     32.5947   4305    	Dead: 0
19  4348.8    2.0674      33.339    4270    	Dead: 0
20  4316.7    2.02985     32.7334   4249    	Dead: 0
21  4291.48   2.09891     33.8471   4220    	Dead: 0
22  4267.57   2.1307      34.3597   4176    	Dead: 0
23  4243.18   2.20776     35.6023   4138    	Dead: 0
24  4222.05   2.27988     36.7654   4137    	Dead: 0
25  4203.54   2.25022     36.287    4130    	Dead: 0
26  4186.99   2.19834     35.4505   4102    	Dead: 0
27  4168      2.17144     35.0167   4092    	Dead: 0
28  4153.43   2.35287     37.9423   4077    	Dead: 0
29  4138.56   2.25657     36.3895   4072    	Dead: 0
30  4128.56   2.33077     37.586    4062    	Dead: 0
31  4114.4    2.33309     37.6234   4028    	Dead: 0
32  4101.62   2.31171     37.2786   4024    	Dead: 0
33  4086.97   2.36465     38.1324   4013    	Dead: 0
34  4072.78   2.42627     39.1261   3994    	Dead: 0
35  4060.28   2.37935     38.3694   3984    	Dead: 0
36  4049.12   2.42621     39.125    3963    	Dead: 0
37  4037.03   2.46454     39.7431   3958    	Dead: 0
38  4020.81   2.49291     40.2007   3920    	Dead: 0
39  4004.32   2.48523     40.0769   3916    	Dead: 0
40  3989.87   2.58783     41.7314   3903    	Dead: 0
41  3975.63   2.6181      42.2195   3898    	Dead: 0
42  3963.72   2.68525     43.3024   3886    	Dead: 0
43  3955.56   2.76201     44.5403   3879    	Dead: 0
44  3945.06   2.77739     44.7882   3863    	Dead: 0
45  3935.45   2.71951     43.8548   3857    	Dead: 0
46  3927.84   2.71895     43.8458   3847    	Dead: 0
47  3923.24   2.81719     45.43     3841    	Dead: 0
48  3917.61   2.80069     45.1639   3833    	Dead: 0
49  3913.31   2.87479     46.3588   3833    	Dead: 0
50  3906.6    2.78829     44.9639   3833    	Dead: 0
51  3904.82   2.8983      46.738    3833    	Dead: 0
52  3899.54   2.77933     44.8195   3833    	Dead: 0
53  3897.48   2.78225     44.8666   3829    	Dead: 0
54  3892.35   2.75278     44.3913   3822    	Dead: 0
55  3889.59   2.76523     44.5922   3813    	Dead: 0
56  3884.94   2.81359     45.372    3803    	Dead: 0
57  3876.26   2.55767     41.245    3783    	Dead: 0
58  3875.07   2.83679     45.746    3783    	Dead: 0
59  3869.05   2.74977     44.3428   3783    	Dead: 0
60  3862.51   2.7386      44.1626   3783    	Dead: 0
61  3859.41   2.87682     46.3916   3766    	Dead: 0
62  3852.28   2.75974     44.5035   3766    	Dead: 0
63  3848.93   2.79027     44.9958   3766    	Dead: 0
64  3845.03   2.78499     44.9107   3766    	Dead: 0
65  3839.8    2.86635     46.2228   3766    	Dead: 0
66  3835.89   2.85306     46.0084   3763    	Dead: 0
67  3832.38   2.73944     44.1762   3763    	Dead: 0
68  3828.24   2.70671     43.6484   3752    	Dead: 0
69  3826.36   2.78852     44.9677   3752    	Dead: 0
70  3823.93   2.82915     45.6229   3752    	Dead: 0
71  3822.08   2.89653     46.7095   3752    	Dead: 0
72  3818.22   2.75676     44.4554   3752    	Dead: 0
73  3815.55   2.78528     44.9155   3740    	Dead: 0
74  3815.43   2.85968     46.1152   3740    	Dead: 0
75  3812.23   2.77989     44.8285   3735    	Dead: 0
76  3813.15   2.91171     46.9542   3732    	Dead: 0
77  3809.41   2.83988     45.796    3732    	Dead: 0
78  3809.03   2.87941     46.4334   3732    	Dead: 0
79  3805.34   2.84256     45.8392   3732    	Dead: 0
80  3802.7    2.92804     47.2176   3727    	Dead: 0
81  3798.3    2.95864     47.711    3715    	Dead: 0
82  3793.97   2.79521     45.0756   3715    	Dead: 0
83  3792.58   2.90802     46.8947   3715    	Dead: 0
84  3786.51   2.71612     43.8001   3709    	Dead: 0
85  3786.18   2.8279      45.6028   3709    	Dead: 0
86  3780.1    2.75777     44.4718   3707    	Dead: 0
87  3777.51   2.91178     46.9554   3697    	Dead: 0
88  3771.07   2.82393     45.5387   3687    	Dead: 0
89  3764.43   2.85219     45.9944   3685    	Dead: 0
90  3759.48   2.91248     46.9666   3675    	Dead: 0
91  3754.89   2.81128     45.3347   3672    	Dead: 0
92  3750.63   2.85887     46.1021   3672    	Dead: 0
93  3746.5    2.77186     44.699    3672    	Dead: 0
94  3745.94   2.87256     46.3228   3650    	Dead: 0
95  3744.74   3.01439     48.61     3650    	Dead: 0
96  3741.8    3.05951     49.3377   3650    	Dead: 0
97  3738.11   2.97423     47.9625   3650    	Dead: 0
98  3732.64   2.8791      46.4284   3650    	Dead: 0
99  3731.42   2.96005     47.7338   3650    	Dead: 0
100 3729.56   3.01172     48.567    3650    	Dead: 0
