0   6183.18   4.62703     74.6155   5907    	Dead: 0
1   6015.74   3.62561     58.4666   5826    	Dead: 0
2   5886.82   3.56266     57.4515   5704    	Dead: 0
3   5773.54   3.35878     54.1636   5620    	Dead: 0
4   5684.56   3.00256     48.4193   5541    	Dead: 0
5   5604.7    2.94084     47.424    5456    	Dead: 0
6   5521.56   2.9138      46.988    5377    	Dead: 0
7   5436.29   2.87645     46.3857   5293    	Dead: 0
8   5366.2    2.6794      43.2081   5217    	Dead: 0
9   5305.25   2.37933     38.3691   5174    	Dead: 0
10  5247.91   2.36248     38.0974   5117    	Dead: 0
11  5192.01   2.21211     35.6725   5087    	Dead: 0
12  5144.45   2.21475     35.7151   5030    	Dead: 0
13  5096.78   2.12816     34.3187   4982    	Dead: 0
14  5055.36   2.05443     33.1298   4950    	Dead: 0
15  5018.06   2.0467      33.0051   4926    	Dead: 0
16  4980.63   2.20236     35.5153   4859    	Dead: 0
17  4940.58   2.2211      35.8175   4841    	Dead: 0
18  4900.94   2.23158     35.9864   4787    	Dead: 0
19  4858.92   2.34024     37.7387   4763    	Dead: 0
20  4818.23   2.06456     33.293    4699    	Dead: 0
21  4781.79   2.13738     34.4673   4686    	Dead: 0
22  4741.53   2.00374     32.3122   4638    	Dead: 0
23  4711.02   1.81128     29.2087   4638    	Dead: 0
24  4683.39   1.95684     31.556    4579    	Dead: 0
25  4653.04   2.01451     32.486    4542    	Dead: 0
26  4620.73   2.15842     34.8067   4496    	Dead: 0
27  4587.71   2.11265     34.0686   4496    	Dead: 0
28  4560.03   1.89444     30.5498   4474    	Dead: 0
29  4531.33   2.06249     33.2598   4444    	Dead: 0
30  4502.35   1.89273     30.5221   4420    	Dead: 0
31  4482.6    1.8518      29.8621   4399    	Dead: 0
32  4465.74   1.92206     30.9952   4369    	Dead: 0
33  4448.85   1.94581     31.3781   4365    	Dead: 0
34  4434.61   1.97871     31.9087   4350    	Dead: 0
35  4417.9    1.96092     31.6218   4346    	Dead: 0
36  4405.19   2.04215     32.9317   4317    	Dead: 0
37  4387.6    2.06226     33.256    4294    	Dead: 0
38  4369.87   1.98859     32.0681   4294    	Dead: 0
39  4354.5    2.00438     32.3227   4279    	Dead: 0
40  4339.5    2.00747     32.3724   4253    	Dead: 0
41  4325.47   1.86611     30.093    4251    	Dead: 0
42  4315.04   1.91267     30.8437   4244    	Dead: 0
43  4303.72   1.93112     31.1412   4222    	Dead: 0
44  4292.02   2.00669     32.3599   4204    	Dead: 0
45  4280.25   1.99195     32.1222   4204    	Dead: 0
46  4266.69   2.00329     32.3051   4182    	Dead: 0
47  4252.26   2.08579     33.6354   4177    	Dead: 0
48  4240.74   2.09278     33.7482   4164    	Dead: 0
49  4229.02   2.0664      33.3228   4146    	Dead: 0
50  4217.74   1.96561     31.6975   4127    	Dead: 0
51  4207.98   2.02313     32.625    4127    	Dead: 0
52  4197.78   2.0305      32.7439   4127    	Dead: 0
53  4188.02   2.06429     33.2887   4104    	Dead: 0
54  4178.05   2.07976     33.5383   4065    	Dead: 0
55  4166.36   2.04048     32.9047   4065    	Dead: 0
56  4154.67   2.03706     32.8497   4065    	Dead: 0
57  4139.96   1.96033     31.6123   4049    	Dead: 0
58  4125.85   2.01102     32.4297   4031    	Dead: 0
59  4111.28   1.97491     31.8474   4021    	Dead: 0
60  4097.23   1.97784     31.8947   4018    	Dead: 0
61  4085.47   2.00342     32.3072   4011    	Dead: 0
62  4073.11   1.93445     31.1949   3990    	Dead: 0
63  4063.05   1.98645     32.0335   3990    	Dead: 0
64  4052.96   1.93255     31.1643   3979    	Dead: 0
65  4046.25   1.96376     31.6676   3974    	Dead: 0
66  4037.95   1.83873     29.6514   3974    	Dead: 0
67  4032.52   1.90237     30.6776   3967    	Dead: 0
68  4027.61   1.99766     32.2143   3966    	Dead: 0
69  4021.52   1.95284     31.4915   3956    	Dead: 0
70  4017.01   1.88632     30.4188   3956    	Dead: 0
71  4014.09   2.0078      32.3779   3956    	Dead: 0
72  4009.31   1.89555     30.5676   3956    	Dead: 0
73  4005.92   1.92988     31.1213   3948    	Dead: 0
74  4001.94   1.94278     31.3292   3932    	Dead: 0
75  3999.11   1.97157     31.7936   3932    	Dead: 0
76  3993.01   2.055       33.139    3923    	Dead: 0
77  3986.28   1.95439     31.5164   3922    	Dead: 0
78  3978.51   1.93357     31.1808   3919    	Dead: 0
79  3971.39   1.88037     30.3229   3904    	Dead: 0
80  3964.73   1.90683     30.7495   3888    	Dead: 0
81  3958.2    1.84405     29.7372   3888    	Dead: 0
82  3951.23   1.8902      30.4814   3880    	Dead: 0
83  3944.89   1.91502     30.8816   3880    	Dead: 0
84  3937.33   1.87295     30.2032   3868    	Dead: 0
85  3932.16   1.95932     31.5961   3865    	Dead: 0
86  3926.67   2.03024     32.7397   3862    	Dead: 0
87  3921.07   2.03331     32.7892   3851    	Dead: 0
88  3913.43   1.99464     32.1656   3848    	Dead: 0
89  3908.62   2.05217     33.0933   3847    	Dead: 0
90  3903.74   2.11698     34.1385   3840    	Dead: 0
91  3895.31   2.02531     32.6602   3834    	Dead: 0
92  3890.25   2.11799     34.1546   3820    	Dead: 0
93  3885.5    2.21951     35.7918   3814    	Dead: 0
94  3878.61   2.21147     35.6621   3809    	Dead: 0
95  3871.48   2.17023     34.9971   3809    	Dead: 0
96  3866.8    2.24415     36.1892   3784    	Dead: 0
97  3859.69   2.20419     35.5447   3784    	Dead: 0
98  3855.23   2.26758     36.567    3751    	Dead: 0
99  3849.72   2.22551     35.8886   3751    	Dead: 0
100 3843.1    2.36253     38.0982   3751    	Dead: 0
