0   6185.33   4.61606     74.4386   5965    	Dead: 0
1   5907.29   3.6318      58.5664   5729    	Dead: 0
2   5693.38   3.51027     56.6067   5542    	Dead: 0
3   5496.93   2.79718     45.1074   5319    	Dead: 0
4   5344.38   2.5096      40.4698   5213    	Dead: 0
5   5229.32   2.42533     39.1109   5108    	Dead: 0
6   5126      2.29525     37.0132   4987    	Dead: 0
7   5028.12   2.475       39.9119   4889    	Dead: 0
8   4935.06   2.40698     38.815    4812    	Dead: 0
9   4856.13   2.31703     37.3644   4734    	Dead: 0
10  4780.28   2.01332     32.4669   4663    	Dead: 0
11  4730.45   2.0876      33.6646   4619    	Dead: 0
12  4681.01   2.13254     34.3893   4591    	Dead: 0
13  4628.52   2.10443     33.9361   4526    	Dead: 0
14  4588.73   2.20863     35.6163   4493    	Dead: 0
15  4550      2.1663      34.9337   4449    	Dead: 0
16  4509.63   2.11337     34.0802   4424    	Dead: 0
17  4471      2.30293     37.1371   4371    	Dead: 0
18  4424.43   2.21552     35.7275   4327    	Dead: 0
19  4388.78   2.15001     34.6711   4303    	Dead: 0
20  4359.9    2.24745     36.2423   4267    	Dead: 0
21  4336.61   2.2367      36.0691   4261    	Dead: 0
22  4315.87   2.21531     35.7241   4221    	Dead: 0
23  4297.93   2.30665     37.1971   4192    	Dead: 0
24  4277.35   2.41771     38.9879   4183    	Dead: 0
25  4258.48   2.44149     39.3714   4149    	Dead: 0
26  4244.11   2.53946     40.9513   4149    	Dead: 0
27  4226.81   2.37898     38.3634   4146    	Dead: 0
28  4210.47   2.35418     37.9634   4139    	Dead: 0
29  4199.87   2.29222     36.9643   4132    	Dead: 0
30  4191.34   2.24941     36.274    4126    	Dead: 0
31  4181.09   2.17351     35.0501   4110    	Dead: 0
32  4171.86   2.40035     38.708    4078    	Dead: 0
33  4152.88   2.07198     33.4127   4074    	Dead: 0
34  4141.06   2.19535     35.4021   4068    	Dead: 0
35  4122.81   2.00572     32.3443   4052    	Dead: 0
36  4105.71   1.94101     31.3008   4047    	Dead: 0
37  4089.06   2.07753     33.5023   4017    	Dead: 0
38  4071.9    2.02652     32.6797   4003    	Dead: 0
39  4057.95   2.18968     35.3107   3986    	Dead: 0
40  4039.52   2.138       34.4774   3962    	Dead: 0
41  4022.34   2.18683     35.2648   3944    	Dead: 0
42  4003.4    2.13634     34.4507   3928    	Dead: 0
43  3986.76   2.13753     34.4699   3918    	Dead: 0
44  3972.39   2.12393     34.2505   3876    	Dead: 0
45  3960.42   2.20964     35.6326   3876    	Dead: 0
46  3943.42   2.14373     34.5698   3851    	Dead: 0
47  3927.54   2.23825     36.094    3851    	Dead: 0
48  3915.49   2.18139     35.177    3842    	Dead: 0
49  3901.2    2.25283     36.3291   3807    	Dead: 0
50  3878.37   2.17759     35.1158   3804    	Dead: 0
51  3861.86   2.116       34.1226   3781    	Dead: 0
52  3851.86   2.28492     36.8467   3779    	Dead: 0
53  3841.99   2.25414     36.3502   3778    	Dead: 0
54  3834.59   2.27457     36.6797   3769    	Dead: 0
55  3827.57   2.27649     36.7107   3765    	Dead: 0
56  3821.77   2.23768     36.0848   3745    	Dead: 0
57  3816.81   2.41324     38.9159   3745    	Dead: 0
58  3809.9    2.35871     38.0366   3739    	Dead: 0
59  3801.35   2.3521      37.9299   3729    	Dead: 0
60  3795.42   2.37676     38.3276   3729    	Dead: 0
61  3787.97   2.37439     38.2894   3719    	Dead: 0
62  3781.14   2.29476     37.0054   3706    	Dead: 0
63  3776.94   2.54163     40.9864   3706    	Dead: 0
64  3769.4    2.42221     39.0606   3700    	Dead: 0
65  3763.8    2.43056     39.1952   3699    	Dead: 0
66  3757.02   2.41948     39.0166   3675    	Dead: 0
67  3751.78   2.44495     39.4273   3675    	Dead: 0
68  3745.79   2.52799     40.7664   3675    	Dead: 0
69  3740.59   2.47591     39.9265   3666    	Dead: 0
70  3737.48   2.59086     41.7802   3666    	Dead: 0
71  3733.58   2.57428     41.5129   3666    	Dead: 0
72  3728.33   2.53539     40.8857   3655    	Dead: 0
73  3727.31   2.62414     42.3169   3651    	Dead: 0
74  3723.36   2.72199     43.8949   3651    	Dead: 0
75  3718.93   2.70367     43.5994   3643    	Dead: 0
76  3713.78   2.62499     42.3305   3638    	Dead: 0
77  3710.07   2.60863     42.0667   3638    	Dead: 0
78  3709.75   2.83991     45.7964   3632    	Dead: 0
79  3705.52   2.68515     43.3007   3632    	Dead: 0
80  3705.6    2.85738     46.078    3632    	Dead: 0
81  3700.17   2.7421      44.2191   3632    	Dead: 0
82  3696.5    2.73873     44.1648   3630    	Dead: 0
83  3694.74   2.85674     46.0678   3624    	Dead: 0
84  3688.84   2.79005     44.9924   3623    	Dead: 0
85  3681.1    2.47534     39.9174   3617    	Dead: 0
86  3676.36   2.51344     40.5318   3613    	Dead: 0
87  3668.45   2.44789     39.4747   3594    	Dead: 0
88  3662.63   2.4208      39.0378   3594    	Dead: 0
89  3655.05   2.35125     37.9162   3594    	Dead: 0
90  3650.15   2.29268     36.9718   3588    	Dead: 0
91  3644.62   2.26014     36.447    3579    	Dead: 0
92  3640.07   2.28918     36.9153   3579    	Dead: 0
93  3634.25   2.32655     37.5179   3571    	Dead: 0
94  3630.25   2.41421     38.9315   3568    	Dead: 0
95  3623.94   2.42585     39.1193   3554    	Dead: 0
96  3620.3    2.53489     40.8777   3551    	Dead: 0
97  3611.4    2.39465     38.6161   3551    	Dead: 0
98  3606.39   2.42802     39.1542   3544    	Dead: 0
99  3601.04   2.5582      41.2535   3542    	Dead: 0
100 3596.38   2.6279      42.3775   3532    	Dead: 0
