0   5554.52   3.01041     48.5458   5372    	Dead: 0
1   5417.48   2.66756     43.0171   5264    	Dead: 0
2   5302.24   2.50067     40.3258   5185    	Dead: 0
3   5198.34   2.6143      42.1582   5011    	Dead: 0
4   5073.5    2.60498     42.0079   4957    	Dead: 0
5   4975.58   2.00809     32.3825   4854    	Dead: 0
6   4904.07   1.93443     31.1947   4816    	Dead: 0
7   4847.24   1.66866     26.9088   4764    	Dead: 0
8   4793.87   1.71431     27.6449   4700    	Dead: 0
9   4736.1    1.77958     28.6975   4645    	Dead: 0
10  4685.35   1.58362     25.5374   4606    	Dead: 0
11  4641.19   1.60077     25.814    4547    	Dead: 0
12  4596.07   1.57102     25.3342   4526    	Dead: 0
13  4549.02   1.62457     26.1978   4436    	Dead: 0
14  4499.21   1.60638     25.9045   4408    	Dead: 0
15  4451.82   1.54036     24.8398   4385    	Dead: 0
16  4413.43   1.48504     23.9478   4336    	Dead: 0
17  4377.69   1.46901     23.6892   4300    	Dead: 0
18  4343.6    1.52924     24.6605   4260    	Dead: 0
19  4315.44   1.48633     23.9686   4248    	Dead: 0
20  4290.79   1.4681      23.6747   4222    	Dead: 0
21  4265.13   1.52303     24.5603   4185    	Dead: 0
22  4232.96   1.55136     25.0172   4161    	Dead: 0
23  4201.2    1.60219     25.8368   4107    	Dead: 0
24  4175.16   1.54597     24.9304   4084    	Dead: 0
25  4153.02   1.56119     25.1757   4080    	Dead: 0
26  4129.47   1.54835     24.9687   4055    	Dead: 0
27  4107.56   1.58668     25.5868   4034    	Dead: 0
28  4080.95   1.67236     26.9686   4000    	Dead: 0
29  4055.86   1.62677     26.2333   3979    	Dead: 0
30  4033.08   1.65445     26.6796   3954    	Dead: 0
31  4013.4    1.6532      26.6596   3940    	Dead: 0
32  3996.94   1.653       26.6563   3910    	Dead: 0
33  3980.79   1.7237      27.7964   3908    	Dead: 0
34  3964.47   1.66611     26.8677   3878    	Dead: 0
35  3950.39   1.75031     28.2255   3878    	Dead: 0
36  3933.67   1.67781     27.0563   3864    	Dead: 0
37  3918.41   1.70864     27.5536   3840    	Dead: 0
38  3903.03   1.67288     26.9769   3835    	Dead: 0
39  3887.15   1.73512     27.9805   3802    	Dead: 0
40  3871.6    1.73451     27.9707   3789    	Dead: 0
41  3857.47   1.63161     26.3114   3787    	Dead: 0
42  3844.11   1.61651     26.0678   3780    	Dead: 0
43  3835.6    1.68846     27.2282   3771    	Dead: 0
44  3824.56   1.76354     28.4389   3765    	Dead: 0
45  3815.05   1.74006     28.0601   3746    	Dead: 0
46  3806.12   1.8212      29.3687   3728    	Dead: 0
47  3796.32   1.77993     28.7031   3728    	Dead: 0
48  3788.75   1.84453     29.7449   3724    	Dead: 0
49  3779.79   1.78858     28.8426   3708    	Dead: 0
50  3771.09   1.72463     27.8113   3692    	Dead: 0
51  3764.47   1.89845     30.6144   3692    	Dead: 0
52  3753.91   1.84042     29.6787   3669    	Dead: 0
53  3743      1.77026     28.5473   3653    	Dead: 0
54  3730.58   1.80458     29.1007   3653    	Dead: 0
55  3715.07   1.78609     28.8024   3646    	Dead: 0
56  3703.14   1.74916     28.207    3644    	Dead: 0
57  3692.13   1.74623     28.1597   3613    	Dead: 0
58  3682.5    1.81881     29.3301   3613    	Dead: 0
59  3673.97   1.78282     28.7498   3599    	Dead: 0
60  3665.02   1.77596     28.6392   3579    	Dead: 0
61  3659.52   1.89004     30.4787   3579    	Dead: 0
62  3651.13   1.92539     31.0488   3571    	Dead: 0
63  3639.87   1.82065     29.3597   3571    	Dead: 0
64  3632.25   1.92699     31.0747   3569    	Dead: 0
65  3622.95   1.84141     29.6946   3554    	Dead: 0
66  3615.23   1.88336     30.371    3546    	Dead: 0
67  3606.83   1.83593     29.6061   3546    	Dead: 0
68  3601.31   1.88904     30.4627   3539    	Dead: 0
69  3594.45   1.87269     30.1991   3529    	Dead: 0
70  3589.5    1.85593     29.9287   3529    	Dead: 0
71  3584.37   1.90675     30.7482   3529    	Dead: 0
72  3579.67   1.82782     29.4754   3529    	Dead: 0
73  3574.89   1.82262     29.3915   3509    	Dead: 0
74  3570.31   1.95315     31.4965   3473    	Dead: 0
75  3564.1    1.92863     31.1011   3472    	Dead: 0
76  3558.74   1.83718     29.6264   3472    	Dead: 0
77  3553.27   1.88628     30.4182   3472    	Dead: 0
78  3548.74   1.92954     31.1158   3472    	Dead: 0
79  3544.23   1.92641     31.0653   3472    	Dead: 0
80  3540.19   1.99825     32.2237   3472    	Dead: 0
81  3535.66   2.03819     32.8679   3472    	Dead: 0
82  3532.55   2.08252     33.5827   3449    	Dead: 0
83  3528.28   2.16577     34.9252   3449    	Dead: 0
84  3524.51   2.16534     34.9182   3438    	Dead: 0
85  3521.19   2.22953     35.9533   3438    	Dead: 0
86  3515.66   2.23497     36.0411   3423    	Dead: 0
87  3512.7    2.27285     36.652    3423    	Dead: 0
88  3509.33   2.27051     36.6142   3423    	Dead: 0
89  3504.66   2.29895     37.0728   3423    	Dead: 0
90  3503.3    2.30056     37.0989   3423    	Dead: 0
91  3500.65   2.35912     38.0431   3421    	Dead: 0
92  3498.87   2.45178     39.5375   3418    	Dead: 0
93  3493.54   2.35029     37.9008   3418    	Dead: 0
94  3490.56   2.29394     36.9921   3418    	Dead: 0
95  3488.82   2.34374     37.7951   3416    	Dead: 0
96  3486.97   2.46034     39.6755   3413    	Dead: 0
97  3484.1    2.43285     39.2321   3413    	Dead: 0
98  3481.12   2.42216     39.0597   3413    	Dead: 0
99  3480.34   2.44675     39.4563   3413    	Dead: 0
100 3479.22   2.43584     39.2803   3411    	Dead: 0
