0   5554.89   2.99698     48.3294   5407    	Dead: 0
1   5414.15   2.86348     46.1765   5257    	Dead: 0
2   5285.99   2.79687     45.1023   5158    	Dead: 0
3   5166.24   2.2742      36.6737   5043    	Dead: 0
4   5079.06   2.20147     35.5009   4949    	Dead: 0
5   4991.72   2.18463     35.2293   4834    	Dead: 0
6   4905.08   2.07818     33.5127   4806    	Dead: 0
7   4830.11   1.99792     32.2184   4730    	Dead: 0
8   4763.2    1.95319     31.4971   4673    	Dead: 0
9   4696.85   1.75219     28.2558   4603    	Dead: 0
10  4643      1.66704     26.8827   4539    	Dead: 0
11  4594.56   1.68708     27.2058   4494    	Dead: 0
12  4547.35   1.60214     25.836    4462    	Dead: 0
13  4499.58   1.68229     27.1285   4417    	Dead: 0
14  4451.63   1.63425     26.3539   4380    	Dead: 0
15  4410.65   1.62837     26.2591   4322    	Dead: 0
16  4367.8    1.698       27.382    4282    	Dead: 0
17  4322.05   1.75884     28.3631   4220    	Dead: 0
18  4276.19   1.76818     28.5137   4181    	Dead: 0
19  4237.02   1.69503     27.3341   4153    	Dead: 0
20  4205.24   1.59784     25.7667   4137    	Dead: 0
21  4180.63   1.60743     25.9214   4093    	Dead: 0
22  4154.91   1.60908     25.948    4080    	Dead: 0
23  4124.73   1.5809      25.4936   4041    	Dead: 0
24  4095.04   1.52924     24.6606   4021    	Dead: 0
25  4067.58   1.6577      26.7321   3987    	Dead: 0
26  4040.6    1.64865     26.5862   3973    	Dead: 0
27  4015.01   1.58275     25.5235   3944    	Dead: 0
28  3993.62   1.66735     26.8877   3904    	Dead: 0
29  3969.15   1.7247      27.8125   3874    	Dead: 0
30  3945.26   1.64967     26.6025   3874    	Dead: 0
31  3928.19   1.61321     26.0146   3859    	Dead: 0
32  3913.7    1.67577     27.0234   3824    	Dead: 0
33  3900      1.72184     27.7663   3822    	Dead: 0
34  3885.44   1.6748      27.0079   3814    	Dead: 0
35  3871.22   1.61344     26.0183   3798    	Dead: 0
36  3858.4    1.65797     26.7365   3785    	Dead: 0
37  3845.35   1.66195     26.8006   3781    	Dead: 0
38  3832.47   1.62141     26.1469   3776    	Dead: 0
39  3819.61   1.64953     26.6004   3758    	Dead: 0
40  3805.6    1.67784     27.0569   3718    	Dead: 0
41  3791.09   1.60152     25.8261   3718    	Dead: 0
42  3777.61   1.54913     24.9813   3713    	Dead: 0
43  3765.96   1.616       26.0596   3702    	Dead: 0
44  3751.67   1.59529     25.7257   3687    	Dead: 0
45  3737.99   1.57163     25.344    3676    	Dead: 0
46  3727.17   1.61082     25.9761   3663    	Dead: 0
47  3716.46   1.68658     27.1979   3651    	Dead: 0
48  3704.66   1.65172     26.6356   3645    	Dead: 0
49  3690.93   1.64275     26.491    3616    	Dead: 0
50  3674.97   1.69717     27.3685   3571    	Dead: 0
51  3660.79   1.78524     28.7887   3571    	Dead: 0
52  3644.35   1.74908     28.2056   3568    	Dead: 0
53  3633.96   1.77553     28.6323   3568    	Dead: 0
54  3626.29   1.81409     29.254    3568    	Dead: 0
55  3618.65   1.89045     30.4855   3550    	Dead: 0
56  3610.35   1.86623     30.0948   3538    	Dead: 0
57  3602.52   1.91266     30.8436   3533    	Dead: 0
58  3593.37   1.88127     30.3373   3513    	Dead: 0
59  3585.24   1.89429     30.5474   3506    	Dead: 0
60  3577.21   1.97018     31.7712   3502    	Dead: 0
61  3566.92   1.88548     30.4052   3490    	Dead: 0
62  3556.9    1.88143     30.3399   3490    	Dead: 0
63  3551.74   1.91283     30.8464   3490    	Dead: 0
64  3544.57   1.86329     30.0475   3490    	Dead: 0
65  3538.17   1.84512     29.7544   3473    	Dead: 0
66  3533.29   1.92602     31.0589   3473    	Dead: 0
67  3527.13   1.93867     31.263    3463    	Dead: 0
68  3520.87   1.9058      30.7329   3458    	Dead: 0
69  3514.24   1.88979     30.4747   3458    	Dead: 0
70  3509.42   1.92856     31.0999   3452    	Dead: 0
71  3504.55   1.96243     31.6462   3443    	Dead: 0
72  3500.92   1.96991     31.7667   3441    	Dead: 0
73  3493.98   1.92489     31.0408   3429    	Dead: 0
74  3491.34   1.93156     31.1484   3426    	Dead: 0
75  3488.23   2.06018     33.2224   3417    	Dead: 0
76  3484.37   2.10007     33.8658   3411    	Dead: 0
77  3477.26   2.04077     32.9095   3411    	Dead: 0
78  3473.9    2.10448     33.9369   3411    	Dead: 0
79  3471.31   2.17215     35.0281   3404    	Dead: 0
80  3468.36   2.3029      37.1366   3404    	Dead: 0
81  3464.31   2.36456     38.1308   3386    	Dead: 0
82  3458.62   2.33784     37.7      3386    	Dead: 0
83  3455.11   2.35115     37.9147   3385    	Dead: 0
84  3447.58   2.32552     37.5014   3385    	Dead: 0
85  3441.96   2.22792     35.9275   3372    	Dead: 0
86  3439.33   2.30589     37.1848   3372    	Dead: 0
87  3434.95   2.39429     38.6103   3366    	Dead: 0
88  3431.23   2.42689     39.136    3366    	Dead: 0
89  3429.07   2.57303     41.4927   3363    	Dead: 0
90  3423.44   2.44799     39.4762   3361    	Dead: 0
91  3419.53   2.3997      38.6976   3339    	Dead: 0
92  3416.54   2.41366     38.9227   3339    	Dead: 0
93  3413.64   2.52561     40.728    3339    	Dead: 0
94  3408.93   2.38997     38.5407   3339    	Dead: 0
95  3407.02   2.47885     39.9739   3339    	Dead: 0
96  3404.3    2.47179     39.86     3334    	Dead: 0
97  3401.15   2.49918     40.3017   3334    	Dead: 0
98  3397.79   2.50345     40.3707   3333    	Dead: 0
99  3396.26   2.57721     41.5601   3332    	Dead: 0
100 3390.85   2.47997     39.9921   3321    	Dead: 0
