0   4056.28   2.19242     35.3549   3953    	Dead: 0
1   3912.32   1.18674     19.1373   3845    	Dead: 0
2   3829.03   1.09203     17.61     3776    	Dead: 0
3   3763.74   0.849475    13.6986   3703    	Dead: 0
4   3721.52   0.94896     15.3029   3667    	Dead: 0
5   3692.05   1.02099     16.4645   3648    	Dead: 0
6   3679.66   1.29961     20.9576   3643    	Dead: 0
7   3670.48   1.35012     21.772    3638    	Dead: 0
8   3661.42   1.39388     22.4777   3626    	Dead: 0
9   3654.92   1.50501     24.2697   3621    	Dead: 0
10  3647.26   1.51442     24.4215   3609    	Dead: 0
11  3636.39   1.46943     23.6961   3593    	Dead: 0
12  3624.5    1.41844     22.8738   3587    	Dead: 0
13  3614.91   1.52675     24.6204   3581    	Dead: 0
14  3601.9    1.52842     24.6474   3570    	Dead: 0
15  3596.15   1.63414     26.3521   3566    	Dead: 0
16  3588.07   1.6918      27.2819   3551    	Dead: 0
17  3580.49   1.66572     26.8615   3546    	Dead: 0
18  3574.26   1.69715     27.3682   3538    	Dead: 0
19  3564.98   1.67318     26.9817   3530    	Dead: 0
20  3553.62   1.65641     26.7113   3517    	Dead: 0
21  3545.14   1.71376     27.6361   3510    	Dead: 0
22  3540.13   1.95088     31.4599   3505    	Dead: 0
23  3538.78   2.25465     36.3584   3502    	Dead: 0
24  3532.87   2.16229     34.8691   3502    	Dead: 0
25  3532.02   2.2774      36.7254   3492    	Dead: 0
26  3528.09   2.27248     36.6461   3475    	Dead: 0
27  3517      2.17189     35.0239   3474    	Dead: 0
28  3504.42   2.22096     35.8152   3458    	Dead: 0
29  3492.24   2.28401     36.8319   3450    	Dead: 0
30  3483.3    2.32706     37.5262   3443    	Dead: 0
31  3473.33   2.29475     37.0051   3438    	Dead: 0
32  3467.45   2.49737     40.2726   3433    	Dead: 0
33  3463.77   2.49462     40.2282   3428    	Dead: 0
34  3457.92   2.50574     40.4075   3418    	Dead: 0
35  3451.78   2.62479     42.3274   3411    	Dead: 0
36  3444.08   2.61671     42.1971   3397    	Dead: 0
37  3437.07   2.55651     41.2263   3393    	Dead: 0
38  3429.55   2.41896     39.0081   3393    	Dead: 0
39  3426.33   2.5339      40.8617   3385    	Dead: 0
40  3423.56   2.64369     42.6322   3377    	Dead: 0
41  3415.27   2.63603     42.5086   3371    	Dead: 0
42  3405.54   2.57053     41.4524   3361    	Dead: 0
43  3400.23   2.63465     42.4863   3355    	Dead: 0
44  3395.26   2.72492     43.9421   3353    	Dead: 0
45  3392.35   2.76364     44.5665   3351    	Dead: 0
46  3389.57   2.75233     44.3841   3348    	Dead: 0
47  3385.11   2.66773     43.0198   3347    	Dead: 0
48  3384.37   2.75428     44.4156   3342    	Dead: 0
49  3382.52   2.70373     43.6003   3339    	Dead: 0
50  3381.15   2.79178     45.0203   3336    	Dead: 0
51  3375.99   2.83988     45.7958   3332    	Dead: 0
52  3372.7    2.84329     45.851    3327    	Dead: 0
53  3369.56   2.86586     46.2148   3322    	Dead: 0
54  3363.89   2.85342     46.0142   3321    	Dead: 0
55  3357.6    2.87026     46.2858   3316    	Dead: 0
56  3351.74   2.90822     46.898    3305    	Dead: 0
57  3348.22   3.03282     48.9073   3300    	Dead: 0
58  3338.47   2.99742     48.3364   3295    	Dead: 0
59  3335.72   3.09416     49.8965   3290    	Dead: 0
60  3326.53   2.9752      47.9782   3285    	Dead: 0
61  3325.77   3.11715     50.2671   3284    	Dead: 0
62  3315.2    2.87318     46.3328   3280    	Dead: 0
63  3314.12   2.88354     46.5      3274    	Dead: 0
64  3311.95   2.93359     47.3071   3266    	Dead: 0
65  3309.48   3.06386     49.4077   3262    	Dead: 0
66  3299.1    2.92906     47.234    3259    	Dead: 0
67  3299.01   3.20794     51.7313   3252    	Dead: 0
68  3294.34   3.23631     52.1888   3250    	Dead: 0
69  3288.47   3.19858     51.5802   3241    	Dead: 0
70  3287.7    3.48479     56.1957   3237    	Dead: 0
71  3297.04   3.96807     63.9891   3232    	Dead: 0
72  3302.75   4.03572     65.08     3224    	Dead: 0
73  3300.13   3.9989      64.4862   3224    	Dead: 0
74  3289.47   3.90322     62.9434   3223    	Dead: 0
75  3277.69   3.77465     60.87     3223    	Dead: 0
76  3277.12   3.98171     64.2091   3220    	Dead: 0
77  3269.6    3.77062     60.805    3218    	Dead: 0
78  3272.82   3.93332     63.4287   3214    	Dead: 0
79  3272.1    4.01408     64.7311   3214    	Dead: 0
80  3266.12   3.87298     62.4557   3213    	Dead: 0
81  3266.91   4.03784     65.1142   3209    	Dead: 0
82  3258.75   3.76413     60.7004   3207    	Dead: 0
83  3254.84   3.65389     58.9227   3205    	Dead: 0
84  3251.92   3.5314      56.9473   3203    	Dead: 0
85  3253.3    3.73241     60.1888   3202    	Dead: 0
86  3249.91   3.74377     60.372    3198    	Dead: 0
87  3247.25   3.87024     62.4114   3198    	Dead: 0
88  3248.09   4.02227     64.8631   3194    	Dead: 0
89  3250.66   4.2362      68.3129   3194    	Dead: 0
90  3250.43   4.39082     70.8063   3188    	Dead: 0
91  3252.5    4.58106     73.8742   3187    	Dead: 0
92  3250.12   4.52695     73.0015   3184    	Dead: 0
93  3245.33   4.37367     70.5298   3179    	Dead: 0
94  3237.05   4.13682     66.7104   3177    	Dead: 0
95  3234.33   4.23982     68.3714   3173    	Dead: 0
96  3226.86   4.13031     66.6053   3173    	Dead: 0
97  3228.52   4.34492     70.0661   3169    	Dead: 0
98  3225.97   4.10606     66.2143   3168    	Dead: 0
99  3225.24   4.36312     70.3596   3168    	Dead: 0
100 3221.41   4.24189     68.4047   3164    	Dead: 0
