0   4056.2    2.23243     36.0002   3946    	Dead: 0
1   3900.38   1.3249      21.3653   3841    	Dead: 0
2   3816.38   1.04393     16.8345   3757    	Dead: 0
3   3749.94   0.860057    13.8693   3709    	Dead: 0
4   3716.75   0.827791    13.349    3682    	Dead: 0
5   3698.57   0.979041    15.788    3661    	Dead: 0
6   3683.32   0.988365    15.9384   3650    	Dead: 0
7   3674.82   1.03634     16.712    3642    	Dead: 0
8   3669.52   1.12142     18.0841   3642    	Dead: 0
9   3666.22   1.22136     19.6957   3634    	Dead: 0
10  3662.27   1.26103     20.3354   3630    	Dead: 0
11  3658.69   1.28702     20.7545   3630    	Dead: 0
12  3655.42   1.34616     21.7082   3616    	Dead: 0
13  3651.38   1.39894     22.5594   3614    	Dead: 0
14  3642.71   1.33922     21.5963   3609    	Dead: 0
15  3638.17   1.50957     24.3433   3604    	Dead: 0
16  3629.67   1.55003     24.9958   3598    	Dead: 0
17  3621.8    1.59835     25.775    3588    	Dead: 0
18  3612.92   1.56749     25.2773   3575    	Dead: 0
19  3606.06   1.57683     25.4279   3575    	Dead: 0
20  3599.34   1.61265     26.0055   3559    	Dead: 0
21  3593.53   1.72051     27.745    3554    	Dead: 0
22  3586.02   1.70029     27.4189   3553    	Dead: 0
23  3578.84   1.69525     27.3377   3541    	Dead: 0
24  3569.59   1.68791     27.2193   3537    	Dead: 0
25  3561.82   1.59315     25.6912   3530    	Dead: 0
26  3553.84   1.62868     26.2641   3520    	Dead: 0
27  3546.49   1.6407      26.4579   3515    	Dead: 0
28  3538.97   1.60085     25.8153   3503    	Dead: 0
29  3533.17   1.65258     26.6494   3497    	Dead: 0
30  3524.8    1.67633     27.0326   3490    	Dead: 0
31  3518.77   1.70018     27.4171   3485    	Dead: 0
32  3511.5    1.74998     28.2202   3479    	Dead: 0
33  3506.23   1.74699     28.172    3468    	Dead: 0
34  3501.43   1.85211     29.8671   3460    	Dead: 0
35  3491.29   1.95704     31.5592   3457    	Dead: 0
36  3485.24   2.01916     32.561    3453    	Dead: 0
37  3482.71   2.1146      34.1      3451    	Dead: 0
38  3480.17   2.17388     35.0561   3445    	Dead: 0
39  3479.85   2.30078     37.1023   3443    	Dead: 0
40  3477.16   2.35641     37.9995   3440    	Dead: 0
41  3476.1    2.41107     38.881    3436    	Dead: 0
42  3474.08   2.47284     39.877    3431    	Dead: 0
43  3473.05   2.58149     41.6291   3426    	Dead: 0
44  3471.48   2.6748      43.1339   3420    	Dead: 0
45  3468.95   2.66121     42.9147   3419    	Dead: 0
46  3464.64   2.66671     43.0033   3415    	Dead: 0
47  3463.86   2.8357      45.7285   3415    	Dead: 0
48  3456.96   2.75404     44.4116   3410    	Dead: 0
49  3454.61   2.75386     44.4088   3410    	Dead: 0
50  3452.84   2.78146     44.8538   3410    	Dead: 0
51  3449.53   2.76427     44.5766   3405    	Dead: 0
52  3448.79   2.80754     45.2744   3400    	Dead: 0
53  3446.32   2.83634     45.7388   3397    	Dead: 0
54  3444.26   2.84892     45.9417   3395    	Dead: 0
55  3440.88   2.84536     45.8843   3392    	Dead: 0
56  3440.07   2.87194     46.3129   3387    	Dead: 0
57  3436.27   2.85551     46.0479   3387    	Dead: 0
58  3434.02   2.96867     47.8728   3379    	Dead: 0
59  3430.67   2.95279     47.6168   3372    	Dead: 0
60  3429.46   2.97529     47.9795   3372    	Dead: 0
61  3423.42   2.89487     46.6826   3371    	Dead: 0
62  3421.8    2.9456      47.5007   3369    	Dead: 0
63  3420.88   2.99938     48.368    3363    	Dead: 0
64  3419.18   3.00587     48.4726   3363    	Dead: 0
65  3420.76   3.10457     50.0643   3359    	Dead: 0
66  3416.43   2.94353     47.4673   3357    	Dead: 0
67  3416.97   3.01319     48.5907   3355    	Dead: 0
68  3415.49   3.09096     49.8448   3351    	Dead: 0
69  3412.3    3.07849     49.6438   3350    	Dead: 0
70  3411.44   3.09645     49.9333   3350    	Dead: 0
71  3410.71   3.09335     49.8834   3346    	Dead: 0
72  3413.15   3.08132     49.6894   3346    	Dead: 0
73  3413.21   3.14365     50.6944   3346    	Dead: 0
74  3409.59   3.15858     50.9353   3346    	Dead: 0
75  3410.88   3.12797     50.4416   3346    	Dead: 0
76  3408.09   3.09121     49.8488   3346    	Dead: 0
77  3407.82   3.0902      49.8326   3341    	Dead: 0
78  3410.24   3.1825      51.3211   3341    	Dead: 0
79  3405.5    3.20636     51.7058   3341    	Dead: 0
80  3401.1    3.19232     51.4793   3329    	Dead: 0
81  3396.8    3.20647     51.7075   3329    	Dead: 0
82  3388.8    3.1798      51.2774   3329    	Dead: 0
83  3380.69   3.21387     51.8269   3324    	Dead: 0
84  3372.11   3.04636     49.1255   3324    	Dead: 0
85  3372.43   3.11897     50.2965   3316    	Dead: 0
86  3366.01   3.03613     48.9607   3316    	Dead: 0
87  3366.01   3.12901     50.4584   3316    	Dead: 0
88  3362.43   3.15804     50.9266   3313    	Dead: 0
89  3358.74   3.13652     50.5796   3312    	Dead: 0
90  3358.09   3.14276     50.6801   3310    	Dead: 0
91  3355.09   3.1288      50.455    3309    	Dead: 0
92  3354.94   3.16698     51.0707   3306    	Dead: 0
93  3352.9    3.11906     50.2979   3302    	Dead: 0
94  3352.28   3.15785     50.9234   3299    	Dead: 0
95  3349.47   3.14591     50.731    3297    	Dead: 0
96  3348.73   3.14029     50.6404   3297    	Dead: 0
97  3348.31   3.24858     52.3866   3296    	Dead: 0
98  3347.86   3.25916     52.5572   3290    	Dead: 0
99  3344.99   3.29165     53.0811   3290    	Dead: 0
100 3342.11   3.2728      52.7772   3286    	Dead: 0
