0   4056.77   2.22622     35.9      3911    	Dead: 0
1   3902.19   1.03088     16.624    3848    	Dead: 0
2   3843.83   0.866552    13.974    3789    	Dead: 0
3   3804.2    0.920337    14.8414   3751    	Dead: 0
4   3760.09   0.933068    15.0467   3718    	Dead: 0
5   3735.51   0.930646    15.0076   3701    	Dead: 0
6   3721.37   1.03528     16.695    3680    	Dead: 0
7   3708.66   1.13008     18.2237   3657    	Dead: 0
8   3696.67   1.26861     20.4576   3648    	Dead: 0
9   3684.57   1.35738     21.889    3639    	Dead: 0
10  3674.74   1.47806     23.8351   3634    	Dead: 0
11  3669.22   1.5739      25.3808   3625    	Dead: 0
12  3663.12   1.71839     27.7108   3623    	Dead: 0
13  3655.66   1.66304     26.8182   3622    	Dead: 0
14  3649.32   1.65386     26.6702   3609    	Dead: 0
15  3644.48   1.82229     29.3862   3603    	Dead: 0
16  3634.85   1.91213     30.8351   3598    	Dead: 0
17  3625.24   1.96349     31.6632   3594    	Dead: 0
18  3621.47   1.97575     31.8609   3590    	Dead: 0
19  3618.17   2.05052     33.0667   3579    	Dead: 0
20  3614.37   2.13377     34.4092   3571    	Dead: 0
21  3609.83   2.28267     36.8103   3564    	Dead: 0
22  3608      2.31838     37.3862   3564    	Dead: 0
23  3603.15   2.31832     37.3852   3560    	Dead: 0
24  3601.82   2.34949     37.8879   3557    	Dead: 0
25  3596.05   2.28767     36.891    3550    	Dead: 0
26  3595.17   2.38614     38.479    3545    	Dead: 0
27  3589.71   2.35914     38.0435   3533    	Dead: 0
28  3581.2    2.36655     38.163    3533    	Dead: 0
29  3575.96   2.39366     38.6002   3530    	Dead: 0
30  3569.8    2.37661     38.3252   3525    	Dead: 0
31  3567.8    2.35431     37.9657   3524    	Dead: 0
32  3564.28   2.36729     38.1749   3522    	Dead: 0
33  3562.95   2.41034     38.8691   3519    	Dead: 0
34  3561.72   2.40752     38.8236   3514    	Dead: 0
35  3554.85   2.33135     37.5954   3514    	Dead: 0
36  3552.63   2.3819      38.4105   3509    	Dead: 0
37  3550.59   2.38607     38.4778   3507    	Dead: 0
38  3549.72   2.44451     39.4202   3504    	Dead: 0
39  3545.25   2.39004     38.5418   3499    	Dead: 0
40  3544.37   2.43734     39.3045   3499    	Dead: 0
41  3540.71   2.40248     38.7424   3492    	Dead: 0
42  3533.98   2.3271      37.5268   3491    	Dead: 0
43  3527.26   2.302       37.1221   3484    	Dead: 0
44  3522.63   2.35751     38.0173   3479    	Dead: 0
45  3516.8    2.32312     37.4627   3479    	Dead: 0
46  3513.78   2.31445     37.3229   3476    	Dead: 0
47  3510.45   2.2361      36.0594   3474    	Dead: 0
48  3509.95   2.29672     37.037    3471    	Dead: 0
49  3511.09   2.35207     37.9296   3470    	Dead: 0
50  3509.99   2.35385     37.9582   3463    	Dead: 0
51  3508.45   2.38073     38.3917   3463    	Dead: 0
52  3504.26   2.30343     37.1451   3458    	Dead: 0
53  3502.17   2.3649      38.1364   3458    	Dead: 0
54  3501.36   2.38524     38.4644   3458    	Dead: 0
55  3498.98   2.32264     37.4548   3458    	Dead: 0
56  3501.4    2.47685     39.9417   3457    	Dead: 0
57  3498.18   2.38845     38.5162   3457    	Dead: 0
58  3496.24   2.3563      37.9977   3452    	Dead: 0
59  3497.43   2.47714     39.9463   3452    	Dead: 0
60  3494.88   2.37957     38.3729   3452    	Dead: 0
61  3493.97   2.43841     39.3219   3448    	Dead: 0
62  3491.12   2.39048     38.5489   3447    	Dead: 0
63  3490.03   2.41909     39.0102   3444    	Dead: 0
64  3485.02   2.26477     36.5216   3439    	Dead: 0
65  3484.77   2.33734     37.6919   3438    	Dead: 0
66  3481.47   2.30241     37.1287   3437    	Dead: 0
67  3479      2.35604     37.9935   3433    	Dead: 0
68  3471.63   2.2541      36.3496   3432    	Dead: 0
69  3471.32   2.38694     38.4917   3423    	Dead: 0
70  3459.2    2.20823     35.6098   3418    	Dead: 0
71  3458.3    2.40112     38.7205   3414    	Dead: 0
72  3447.6    2.20568     35.5689   3414    	Dead: 0
73  3442.67   2.1926      35.3578   3404    	Dead: 0
74  3440.46   2.2518      36.3125   3404    	Dead: 0
75  3436.89   2.18829     35.2883   3399    	Dead: 0
76  3430.02   2.15626     34.7719   3394    	Dead: 0
77  3428.49   2.22543     35.8872   3393    	Dead: 0
78  3423.9    2.14704     34.6232   3388    	Dead: 0
79  3422.56   2.32948     37.5652   3383    	Dead: 0
80  3416.57   2.29789     37.0558   3378    	Dead: 0
81  3411.08   2.28514     36.8502   3369    	Dead: 0
82  3406.45   2.25333     36.3372   3364    	Dead: 0
83  3400.15   2.3945      38.6137   3358    	Dead: 0
84  3391.43   2.42052     39.0333   3358    	Dead: 0
85  3387.34   2.45231     39.5459   3353    	Dead: 0
86  3384.17   2.49921     40.3022   3348    	Dead: 0
87  3379.98   2.32116     37.431    3348    	Dead: 0
88  3376.96   2.33785     37.7001   3335    	Dead: 0
89  3377.76   2.49332     40.2073   3329    	Dead: 0
90  3372.46   2.53161     40.8248   3329    	Dead: 0
91  3364.8    2.58701     41.7181   3324    	Dead: 0
92  3359.73   2.58116     41.6238   3323    	Dead: 0
93  3355.74   2.48084     40.006    3319    	Dead: 0
94  3356.01   2.62344     42.3055   3318    	Dead: 0
95  3352.19   2.56543     41.3701   3308    	Dead: 0
96  3349.05   2.60989     42.0871   3308    	Dead: 0
97  3348.14   2.68027     43.222    3303    	Dead: 0
98  3344.8    2.7412      44.2046   3298    	Dead: 0
99  3339.06   2.8454      45.885    3297    	Dead: 0
100 3338.11   3.00369     48.4376   3293    	Dead: 0
