0   4055.12   2.27557     36.6959   3943    	Dead: 0
1   3904.36   1.13211     18.2564   3850    	Dead: 0
2   3824.06   0.98395     15.8672   3772    	Dead: 0
3   3772.55   0.85468     13.7826   3731    	Dead: 0
4   3739.06   0.839272    13.5341   3701    	Dead: 0
5   3713.12   0.839653    13.5402   3679    	Dead: 0
6   3691.73   0.821628    13.2496   3650    	Dead: 0
7   3671.51   0.791469    12.7632   3639    	Dead: 0
8   3656.27   0.895141    14.435    3616    	Dead: 0
9   3642.45   1.0864      17.5192   3599    	Dead: 0
10  3630.61   1.26119     20.338    3594    	Dead: 0
11  3623.27   1.46584     23.6382   3580    	Dead: 0
12  3616.99   1.58849     25.616    3564    	Dead: 0
13  3607.12   1.59522     25.7246   3562    	Dead: 0
14  3598.59   1.69911     27.3999   3554    	Dead: 0
15  3590.76   1.76603     28.479    3551    	Dead: 0
16  3584.29   1.84194     29.7031   3535    	Dead: 0
17  3578.9    1.92601     31.0589   3530    	Dead: 0
18  3572.78   2.00053     32.2605   3527    	Dead: 0
19  3566.34   2.02682     32.6845   3518    	Dead: 0
20  3561.8    2.13496     34.4284   3517    	Dead: 0
21  3557.88   2.27909     36.7526   3506    	Dead: 0
22  3551.74   2.24369     36.1817   3506    	Dead: 0
23  3547.38   2.33503     37.6547   3501    	Dead: 0
24  3541.3    2.26473     36.521    3501    	Dead: 0
25  3537.36   2.33091     37.5883   3495    	Dead: 0
26  3533.24   2.33462     37.6481   3490    	Dead: 0
27  3531.2    2.32673     37.5208   3484    	Dead: 0
28  3526.13   2.25714     36.3986   3484    	Dead: 0
29  3523.79   2.30549     37.1783   3484    	Dead: 0
30  3522.19   2.38298     38.4279   3474    	Dead: 0
31  3518.88   2.45033     39.514    3474    	Dead: 0
32  3517.42   2.3912      38.5605   3473    	Dead: 0
33  3514.14   2.41786     38.9904   3469    	Dead: 0
34  3508.97   2.37902     38.3641   3462    	Dead: 0
35  3504.99   2.39051     38.5494   3460    	Dead: 0
36  3502.29   2.53204     40.8317   3459    	Dead: 0
37  3498.24   2.61764     42.2121   3449    	Dead: 0
38  3491.26   2.63249     42.4516   3443    	Dead: 0
39  3484.43   2.66942     43.0471   3443    	Dead: 0
40  3485.24   2.79496     45.0715   3438    	Dead: 0
41  3483.92   2.83839     45.7719   3438    	Dead: 0
42  3482.28   2.8118      45.3431   3434    	Dead: 0
43  3478.5    2.79903     45.1372   3426    	Dead: 0
44  3474.33   2.90008     46.7667   3424    	Dead: 0
45  3471.04   2.84413     45.8644   3421    	Dead: 0
46  3466.24   2.93101     47.2655   3417    	Dead: 0
47  3465.14   3.0027      48.4216   3415    	Dead: 0
48  3462.46   3.04098     49.0388   3414    	Dead: 0
49  3459.7    3.02972     48.8573   3411    	Dead: 0
50  3459.28   3.09216     49.8641   3409    	Dead: 0
51  3458      3.14713     50.7506   3402    	Dead: 0
52  3457.45   3.19178     51.4707   3399    	Dead: 0
53  3453.6    3.14287     50.6819   3399    	Dead: 0
54  3450.84   3.14867     50.7754   3398    	Dead: 0
55  3450.2    3.21597     51.8607   3393    	Dead: 0
56  3445.81   3.23713     52.2019   3386    	Dead: 0
57  3442.54   3.20205     51.6363   3378    	Dead: 0
58  3438.62   3.21384     51.8264   3373    	Dead: 0
59  3432.88   3.20395     51.6669   3367    	Dead: 0
60  3424.33   3.20442     51.6745   3365    	Dead: 0
61  3421.19   3.28632     52.9952   3360    	Dead: 0
62  3414.86   3.27932     52.8824   3355    	Dead: 0
63  3408.71   3.34457     53.9345   3352    	Dead: 0
64  3407.22   3.56815     57.5399   3345    	Dead: 0
65  3399.59   3.6183      58.3487   3344    	Dead: 0
66  3393.49   3.66269     59.0646   3340    	Dead: 0
67  3391.5    3.7217      60.0162   3335    	Dead: 0
68  3386.99   3.73603     60.2473   3334    	Dead: 0
69  3379.34   3.64493     58.7782   3329    	Dead: 0
70  3375.24   3.60349     58.1099   3324    	Dead: 0
71  3372      3.61388     58.2775   3319    	Dead: 0
72  3372.3    3.78308     61.006    3317    	Dead: 0
73  3366.47   3.70133     59.6876   3314    	Dead: 0
74  3365.72   3.75818     60.6044   3307    	Dead: 0
75  3356.8    3.59998     58.0533   3306    	Dead: 0
76  3360.95   4.09725     66.0723   3301    	Dead: 0
77  3354.92   4.05626     65.4113   3301    	Dead: 0
78  3353.03   4.01344     64.7207   3296    	Dead: 0
79  3348.43   4.01329     64.7183   3291    	Dead: 0
80  3341.81   3.94402     63.6013   3287    	Dead: 0
81  3337.01   4.03352     65.0445   3282    	Dead: 0
82  3338.94   4.13319     66.6519   3278    	Dead: 0
83  3334.1    4.17209     67.2791   3273    	Dead: 0
84  3334.51   4.23305     68.2622   3272    	Dead: 0
85  3322.21   4.12477     66.516    3268    	Dead: 0
86  3318.46   4.21766     68.0139   3257    	Dead: 0
87  3316.95   4.32407     69.73     3251    	Dead: 0
88  3319.97   4.59223     74.0543   3248    	Dead: 0
89  3309.83   4.51218     72.7634   3242    	Dead: 0
90  3304.75   4.61538     74.4276   3242    	Dead: 0
91  3302.21   4.58221     73.8927   3242    	Dead: 0
92  3302.25   4.72634     76.2169   3232    	Dead: 0
93  3295.38   4.57571     73.7879   3228    	Dead: 0
94  3289.93   4.60643     74.2832   3227    	Dead: 0
95  3284.45   4.61609     74.4391   3226    	Dead: 0
96  3286.77   4.83366     77.9477   3223    	Dead: 0
97  3284.23   4.82129     77.7481   3221    	Dead: 0
98  3280.2    4.82398     77.7915   3218    	Dead: 0
99  3282.28   4.92445     79.4117   3216    	Dead: 0
100 3277.81   4.85816     78.3426   3211    	Dead: 0
