0   4019.83   2.23068     35.9719   3913    	Dead: 0
1   3927.47   1.68655     27.1973   3837    	Dead: 0
2   3860.98   1.20033     19.3565   3808    	Dead: 0
3   3821.12   0.932846    15.0431   3783    	Dead: 0
4   3792.74   0.827211    13.3396   3742    	Dead: 0
5   3766      0.801967    12.9325   3722    	Dead: 0
6   3744.53   0.784312    12.6478   3701    	Dead: 0
7   3724.26   0.764313    12.3253   3690    	Dead: 0
8   3707.25   0.745208    12.0172   3669    	Dead: 0
9   3696.57   0.742196    11.9687   3664    	Dead: 0
10  3690.12   0.833598    13.4426   3659    	Dead: 0
11  3684.67   0.874439    14.1012   3654    	Dead: 0
12  3679.66   0.869341    14.019    3643    	Dead: 0
13  3672.74   0.96036     15.4868   3633    	Dead: 0
14  3664.56   0.94206     15.1917   3630    	Dead: 0
15  3657.28   0.972074    15.6757   3615    	Dead: 0
16  3650.6    1.02151     16.4728   3613    	Dead: 0
17  3643.64   1.00753     16.2474   3606    	Dead: 0
18  3635.95   1.01419     16.3549   3594    	Dead: 0
19  3629.75   1.02385     16.5105   3592    	Dead: 0
20  3624.93   1.03157     16.6352   3587    	Dead: 0
21  3621.16   1.07826     17.3881   3584    	Dead: 0
22  3618.04   1.15074     18.5568   3584    	Dead: 0
23  3614.94   1.15471     18.6208   3581    	Dead: 0
24  3612.27   1.16029     18.7109   3580    	Dead: 0
25  3608.99   1.18373     19.0888   3576    	Dead: 0
26  3606.55   1.22233     19.7113   3565    	Dead: 0
27  3603.32   1.25151     20.1818   3565    	Dead: 0
28  3601.23   1.3744      22.1637   3561    	Dead: 0
29  3597.35   1.36246     21.9711   3561    	Dead: 0
30  3593.41   1.31334     21.1789   3556    	Dead: 0
31  3589.34   1.31289     21.1717   3555    	Dead: 0
32  3588.46   1.41173     22.7655   3551    	Dead: 0
33  3584.14   1.37332     22.1461   3549    	Dead: 0
34  3582      1.46992     23.704    3544    	Dead: 0
35  3578.49   1.44589     23.3164   3543    	Dead: 0
36  3576.24   1.48711     23.9812   3535    	Dead: 0
37  3573.73   1.52792     24.6392   3535    	Dead: 0
38  3570.66   1.48835     24.0012   3534    	Dead: 0
39  3568.1    1.53858     24.8111   3533    	Dead: 0
40  3565.14   1.56214     25.191    3533    	Dead: 0
41  3562.94   1.62427     26.193    3528    	Dead: 0
42  3559.62   1.64854     26.5844   3522    	Dead: 0
43  3558.83   1.69632     27.3548   3522    	Dead: 0
44  3557.48   1.70573     27.5066   3520    	Dead: 0
45  3553.04   1.72805     27.8665   3514    	Dead: 0
46  3551.18   1.85228     29.8698   3514    	Dead: 0
47  3549.88   1.9107      30.8119   3514    	Dead: 0
48  3547.77   1.91453     30.8737   3509    	Dead: 0
49  3551.59   2.00499     32.3325   3509    	Dead: 0
50  3546.88   1.88687     30.4276   3509    	Dead: 0
51  3547.26   1.95312     31.496    3504    	Dead: 0
52  3547.45   2.00698     32.3645   3502    	Dead: 0
53  3545.45   2.04164     32.9236   3502    	Dead: 0
54  3543.33   2.0152      32.4972   3502    	Dead: 0
55  3541.29   2.10232     33.902    3499    	Dead: 0
56  3540.44   2.16725     34.9491   3497    	Dead: 0
57  3537.24   2.13525     34.433    3497    	Dead: 0
58  3539.14   2.24665     36.2295   3493    	Dead: 0
59  3536.35   2.20338     35.5318   3493    	Dead: 0
60  3536.34   2.3416      37.7607   3493    	Dead: 0
61  3535.14   2.3871      38.4943   3493    	Dead: 0
62  3532.89   2.36566     38.1487   3493    	Dead: 0
63  3535.21   2.50306     40.3643   3489    	Dead: 0
64  3533.65   2.55072     41.1329   3489    	Dead: 0
65  3533.01   2.55084     41.1348   3489    	Dead: 0
66  3533      2.53233     40.8364   3486    	Dead: 0
67  3531.16   2.59697     41.8787   3484    	Dead: 0
68  3531.83   2.68318     43.2689   3484    	Dead: 0
69  3528.58   2.57144     41.467    3484    	Dead: 0
70  3529.68   2.7117      43.729    3484    	Dead: 0
71  3530.66   2.7195      43.8547   3484    	Dead: 0
72  3527.24   2.67653     43.1618   3483    	Dead: 0
73  3527.2    2.71683     43.8116   3483    	Dead: 0
74  3523.56   2.7202      43.8659   3478    	Dead: 0
75  3521.71   2.7037      43.5999   3478    	Dead: 0
76  3524.75   2.78551     44.9191   3475    	Dead: 0
77  3523.24   2.80027     45.1571   3475    	Dead: 0
78  3523.53   2.84522     45.8821   3475    	Dead: 0
79  3521.88   2.8354      45.7237   3474    	Dead: 0
80  3517.43   2.71552     43.7904   3472    	Dead: 0
81  3515.45   2.7224      43.9014   3469    	Dead: 0
82  3516.28   2.80364     45.2115   3469    	Dead: 0
83  3519      2.95536     47.6581   3465    	Dead: 0
84  3515.57   2.83183     45.6661   3465    	Dead: 0
85  3515.49   2.97038     47.9003   3465    	Dead: 0
86  3512.29   2.94466     47.4856   3464    	Dead: 0
87  3509.52   2.84071     45.8094   3464    	Dead: 0
88  3506.89   2.87628     46.3829   3460    	Dead: 0
89  3506.07   2.93438     47.3199   3460    	Dead: 0
90  3505.43   2.93853     47.3868   3459    	Dead: 0
91  3507.37   3.02396     48.7644   3455    	Dead: 0
92  3506.94   3.05491     49.2635   3450    	Dead: 0
93  3503.42   2.89496     46.6842   3450    	Dead: 0
94  3504.53   2.97234     47.9319   3450    	Dead: 0
95  3504.83   3.06824     49.4785   3450    	Dead: 0
96  3501.23   2.99554     48.306    3449    	Dead: 0
97  3499.9    2.96049     47.7408   3446    	Dead: 0
98  3500.77   3.0818      49.6971   3445    	Dead: 0
99  3497.3    3.02559     48.7907   3445    	Dead: 0
100 3501.68   3.11624     50.2525   3445    	Dead: 0
