0   4056.87   2.23608     36.059    3946    	Dead: 0
1   3905.16   1.17403     18.9325   3852    	Dead: 0
2   3826.55   0.957078    15.4338   3784    	Dead: 0
3   3777.37   0.83336     13.4388   3734    	Dead: 0
4   3744.09   0.883501    14.2473   3705    	Dead: 0
5   3716.74   0.985007    15.8842   3676    	Dead: 0
6   3694.59   1.15068     18.5559   3652    	Dead: 0
7   3678.01   1.24235     20.0341   3636    	Dead: 0
8   3666.25   1.35638     21.873    3626    	Dead: 0
9   3655.05   1.32501     21.3672   3610    	Dead: 0
10  3645.87   1.46505     23.6255   3595    	Dead: 0
11  3634.92   1.49162     24.0539   3594    	Dead: 0
12  3625.52   1.532       24.7051   3587    	Dead: 0
13  3612.74   1.50477     24.266    3575    	Dead: 0
14  3601.18   1.54862     24.973    3565    	Dead: 0
15  3593.74   1.62351     26.1807   3553    	Dead: 0
16  3586.85   1.64304     26.4957   3551    	Dead: 0
17  3583.55   1.80249     29.0669   3541    	Dead: 0
18  3577.52   1.80039     29.0331   3538    	Dead: 0
19  3572.74   1.95316     31.4967   3529    	Dead: 0
20  3568.25   2.07585     33.4752   3526    	Dead: 0
21  3563.24   2.12398     34.2513   3523    	Dead: 0
22  3557.54   2.04109     32.9146   3521    	Dead: 0
23  3555.08   2.0909      33.7179   3518    	Dead: 0
24  3551.81   2.12265     34.2299   3514    	Dead: 0
25  3550.36   2.27599     36.7027   3508    	Dead: 0
26  3546.64   2.21722     35.7549   3507    	Dead: 0
27  3542.26   2.16947     34.9849   3502    	Dead: 0
28  3539.86   2.26755     36.5665   3497    	Dead: 0
29  3534.31   2.16973     34.989    3497    	Dead: 0
30  3532.09   2.24421     36.1901   3487    	Dead: 0
31  3529.56   2.21889     35.7818   3487    	Dead: 0
32  3526.11   2.34264     37.7774   3477    	Dead: 0
33  3519.88   2.22355     35.8569   3477    	Dead: 0
34  3515.8    2.2504      36.29     3473    	Dead: 0
35  3513.03   2.3596      38.0509   3468    	Dead: 0
36  3511.14   2.51545     40.5642   3465    	Dead: 0
37  3506.14   2.5052      40.3988   3458    	Dead: 0
38  3502.79   2.56999     41.4437   3450    	Dead: 0
39  3503.57   2.76105     44.5248   3447    	Dead: 0
40  3500.41   2.82842     45.611    3447    	Dead: 0
41  3492.58   2.82817     45.607    3437    	Dead: 0
42  3489.08   2.91642     47.0301   3437    	Dead: 0
43  3480.98   2.83293     45.6839   3433    	Dead: 0
44  3475.26   2.7608      44.5206   3432    	Dead: 0
45  3473.34   2.82254     45.5163   3432    	Dead: 0
46  3478.25   3.07055     49.5158   3428    	Dead: 0
47  3472.42   2.986       48.1522   3428    	Dead: 0
48  3469.84   2.84394     45.8614   3423    	Dead: 0
49  3469.34   2.92713     47.2029   3423    	Dead: 0
50  3462.89   2.77132     44.6903   3422    	Dead: 0
51  3465.61   2.99956     48.371    3416    	Dead: 0
52  3461.93   2.99637     48.3195   3411    	Dead: 0
53  3462.02   3.04908     49.1694   3410    	Dead: 0
54  3459.23   3.05788     49.3114   3407    	Dead: 0
55  3464.46   3.29322     53.1065   3405    	Dead: 0
56  3458.45   3.09943     49.9813   3403    	Dead: 0
57  3459.43   3.27756     52.8539   3398    	Dead: 0
58  3457.17   3.24161     52.2742   3398    	Dead: 0
59  3456.65   3.36704     54.2969   3398    	Dead: 0
60  3453.38   3.33365     53.7584   3397    	Dead: 0
61  3454.74   3.32301     53.5869   3393    	Dead: 0
62  3451.81   3.4065      54.9333   3393    	Dead: 0
63  3451.68   3.41696     55.1018   3388    	Dead: 0
64  3447.62   3.386       54.6026   3388    	Dead: 0
65  3449.47   3.39526     54.7519   3388    	Dead: 0
66  3447.6    3.4726      55.9991   3388    	Dead: 0
67  3448.57   3.46398     55.8601   3383    	Dead: 0
68  3446.4    3.5483      57.2199   3383    	Dead: 0
69  3445.9    3.52895     56.9079   3383    	Dead: 0
70  3448.95   3.62227     58.4128   3383    	Dead: 0
71  3448.25   3.69406     59.5703   3383    	Dead: 0
72  3443.89   3.52599     56.8601   3383    	Dead: 0
73  3445.47   3.60403     58.1186   3382    	Dead: 0
74  3444.35   3.53216     56.9595   3377    	Dead: 0
75  3443.26   3.56435     57.4788   3377    	Dead: 0
76  3442.62   3.52498     56.8438   3377    	Dead: 0
77  3443.07   3.53229     56.9617   3377    	Dead: 0
78  3441.81   3.56133     57.4299   3376    	Dead: 0
79  3440.84   3.57562     57.6605   3372    	Dead: 0
80  3437.74   3.55938     57.3985   3371    	Dead: 0
81  3432.39   3.56225     57.4448   3371    	Dead: 0
82  3425.94   3.53504     57.006    3371    	Dead: 0
83  3422.53   3.56607     57.5065   3370    	Dead: 0
84  3423.23   3.62983     58.5347   3366    	Dead: 0
85  3421.95   3.62595     58.4721   3366    	Dead: 0
86  3421.93   3.66321     59.073    3366    	Dead: 0
87  3421.6    3.70459     59.7402   3366    	Dead: 0
88  3421.6    3.73027     60.1543   3365    	Dead: 0
89  3422.45   3.75114     60.4908   3365    	Dead: 0
90  3420.87   3.72958     60.1432   3365    	Dead: 0
91  3422.99   3.76497     60.7139   3365    	Dead: 0
92  3420.59   3.72078     60.0013   3360    	Dead: 0
93  3420.1    3.75631     60.5743   3360    	Dead: 0
94  3416.94   3.73071     60.1614   3355    	Dead: 0
95  3416.29   3.76685     60.7443   3355    	Dead: 0
96  3413.28   3.75129     60.4934   3355    	Dead: 0
97  3410.79   3.74929     60.461    3355    	Dead: 0
98  3411.51   3.87822     62.5401   3351    	Dead: 0
99  3412.27   3.97913     64.1674   3351    	Dead: 0
100 3409.36   3.97565     64.1113   3350    	Dead: 0
