0   4845.36   3.65413     58.9265   4661    	Dead: 0
1   4604.45   3.10386     50.0528   4428    	Dead: 0
2   4456.91   2.8162      45.414    4309    	Dead: 0
3   4347.27   2.61155     42.1139   4240    	Dead: 0
4   4255.74   2.52461     40.7119   4141    	Dead: 0
5   4188.13   2.48462     40.067    4068    	Dead: 0
6   4127.92   2.41844     38.9998   4036    	Dead: 0
7   4091.99   2.59081     41.7794   3975    	Dead: 0
8   4049.47   2.51004     40.4768   3944    	Dead: 0
9   4010.49   2.44732     39.4655   3908    	Dead: 0
10  3968.34   2.44871     39.4879   3839    	Dead: 0
11  3921.58   2.32812     37.5432   3825    	Dead: 0
12  3890.57   2.46225     39.7063   3769    	Dead: 0
13  3864.13   2.48374     40.0527   3757    	Dead: 0
14  3840.01   2.56624     41.3832   3741    	Dead: 0
15  3822.63   2.66531     42.9808   3712    	Dead: 0
16  3807.05   2.76904     44.6536   3711    	Dead: 0
17  3791.31   2.67052     43.0648   3678    	Dead: 0
18  3779.01   2.78761     44.9531   3670    	Dead: 0
19  3766.12   2.77833     44.8033   3670    	Dead: 0
20  3754.59   2.76628     44.609    3670    	Dead: 0
21  3742.31   2.90296     46.8132   3648    	Dead: 0
22  3728.16   2.93572     47.3415   3625    	Dead: 0
23  3714.77   2.96828     47.8666   3590    	Dead: 0
24  3698.65   2.80756     45.2748   3590    	Dead: 0
25  3686.15   2.75724     44.4633   3590    	Dead: 0
26  3668.16   2.66796     43.0235   3564    	Dead: 0
27  3653.62   2.69523     43.4632   3564    	Dead: 0
28  3641.65   2.7531      44.3965   3546    	Dead: 0
29  3632.63   2.95229     47.6087   3522    	Dead: 0
30  3621.04   2.85615     46.0583   3503    	Dead: 0
31  3611.75   2.9387      47.3894   3503    	Dead: 0
32  3605.18   3.01491     48.6185   3503    	Dead: 0
33  3597.41   3.11693     50.2636   3503    	Dead: 0
34  3586.51   3.09588     49.9242   3503    	Dead: 0
35  3580.05   3.27631     52.8338   3472    	Dead: 0
36  3572.82   3.30802     53.3451   3469    	Dead: 0
37  3567.9    3.34337     53.9152   3456    	Dead: 0
38  3562.2    3.33037     53.7056   3456    	Dead: 0
39  3555.75   3.38947     54.6586   3456    	Dead: 0
40  3551.15   3.39473     54.7434   3456    	Dead: 0
41  3547.2    3.42557     55.2407   3455    	Dead: 0
42  3544.24   3.50741     56.5605   3446    	Dead: 0
43  3541.45   3.50392     56.5042   3446    	Dead: 0
44  3536.22   3.43733     55.4304   3446    	Dead: 0
45  3536.75   3.70485     59.7444   3442    	Dead: 0
46  3531.05   3.61403     58.2798   3436    	Dead: 0
47  3527.07   3.60953     58.2072   3436    	Dead: 0
48  3517.3    3.53512     57.0073   3416    	Dead: 0
49  3513.09   3.59074     57.9043   3407    	Dead: 0
50  3507.53   3.64169     58.7258   3407    	Dead: 0
51  3499.86   3.72005     59.9896   3407    	Dead: 0
52  3495.09   3.8153      61.5256   3390    	Dead: 0
53  3491.13   3.88442     62.6402   3390    	Dead: 0
54  3484.76   3.86088     62.2606   3390    	Dead: 0
55  3479.38   3.91858     63.191    3390    	Dead: 0
56  3477.15   4.00884     64.6466   3380    	Dead: 0
57  3474.5    3.97754     64.1418   3375    	Dead: 0
58  3468.01   3.9702      64.0235   3370    	Dead: 0
59  3463.57   4.04212     65.1832   3369    	Dead: 0
60  3459.31   4.14964     66.9171   3369    	Dead: 0
61  3454.82   4.31246     69.5427   3348    	Dead: 0
62  3451.74   4.37568     70.5622   3346    	Dead: 0
63  3448.25   4.37673     70.5791   3346    	Dead: 0
64  3446.68   4.54954     73.3659   3342    	Dead: 0
65  3439.85   4.33328     69.8784   3335    	Dead: 0
66  3439.65   4.44685     71.7098   3335    	Dead: 0
67  3436.06   4.54007     73.2132   3335    	Dead: 0
68  3434.46   4.53115     73.0693   3335    	Dead: 0
69  3432.65   4.46892     72.0658   3335    	Dead: 0
70  3429.26   4.58714     73.9722   3329    	Dead: 0
71  3428.28   4.54972     73.3688   3329    	Dead: 0
72  3426.11   4.60694     74.2915   3329    	Dead: 0
73  3425.19   4.66261     75.1892   3329    	Dead: 0
74  3425.14   4.7325      76.3163   3329    	Dead: 0
75  3425.32   4.81942     77.718    3329    	Dead: 0
76  3425.16   4.89974     79.0132   3329    	Dead: 0
77  3424.39   5.03823     81.2465   3327    	Dead: 0
78  3425.51   4.8474      78.1692   3327    	Dead: 0
79  3421.93   4.81913     77.7133   3327    	Dead: 0
80  3420.29   4.78678     77.1916   3327    	Dead: 0
81  3419.68   4.9409      79.677    3326    	Dead: 0
82  3420.15   4.9777      80.2705   3322    	Dead: 0
83  3417.12   4.86932     78.5227   3322    	Dead: 0
84  3418.77   4.93212     79.5354   3317    	Dead: 0
85  3421.95   4.98191     80.3383   3317    	Dead: 0
86  3417.89   4.92908     79.4863   3316    	Dead: 0
87  3414.57   4.86355     78.4296   3316    	Dead: 0
88  3413.09   4.81383     77.6278   3316    	Dead: 0
89  3412.61   4.74095     76.4525   3316    	Dead: 0
90  3415.38   4.93061     79.5111   3313    	Dead: 0
91  3413.18   4.97834     80.2807   3313    	Dead: 0
92  3416.96   5.06976     81.7549   3313    	Dead: 0
93  3415.51   5.02731     81.0704   3313    	Dead: 0
94  3413.46   4.97661     80.2528   3312    	Dead: 0
95  3414.49   5.14155     82.9127   3312    	Dead: 0
96  3409.86   4.7807      77.0935   3303    	Dead: 0
97  3411.82   5.00984     80.7888   3303    	Dead: 0
98  3409.49   4.94029     79.6672   3303    	Dead: 0
99  3411.28   5.05137     81.4584   3303    	Dead: 0
100 3407.89   5.00078     80.6426   3302    	Dead: 0
