0   4849      3.77004     60.7956   4656    	Dead: 0
1   4591      3.23171     52.1145   4453    	Dead: 0
2   4435.86   2.78844     44.9663   4315    	Dead: 0
3   4336.77   2.83602     45.7336   4168    	Dead: 0
4   4244.83   2.68541     43.305    4103    	Dead: 0
5   4153.74   2.6942      43.4467   4027    	Dead: 0
6   4088.44   2.59514     41.8493   3987    	Dead: 0
7   4041.67   2.47447     39.9032   3916    	Dead: 0
8   4014.91   2.68781     43.3437   3900    	Dead: 0
9   3976.93   2.54385     41.0222   3861    	Dead: 0
10  3936.57   2.45551     39.5975   3834    	Dead: 0
11  3903.31   2.50519     40.3987   3799    	Dead: 0
12  3874.56   2.41234     38.9014   3753    	Dead: 0
13  3847.3    2.39195     38.5726   3739    	Dead: 0
14  3829.94   2.51142     40.4992   3739    	Dead: 0
15  3815.51   2.48442     40.0637   3719    	Dead: 0
16  3808.35   2.63269     42.4548   3705    	Dead: 0
17  3798.99   2.75338     44.4009   3702    	Dead: 0
18  3788.51   2.78375     44.8907   3699    	Dead: 0
19  3778.15   2.77915     44.8165   3681    	Dead: 0
20  3769.48   2.76681     44.6176   3669    	Dead: 0
21  3760.71   2.86819     46.2525   3656    	Dead: 0
22  3755.46   2.98025     48.0596   3656    	Dead: 0
23  3749.74   2.99568     48.3084   3642    	Dead: 0
24  3744.01   3.03381     48.9232   3642    	Dead: 0
25  3741.23   3.18633     51.3828   3627    	Dead: 0
26  3737.66   3.24322     52.3002   3618    	Dead: 0
27  3733.62   3.32227     53.575    3618    	Dead: 0
28  3730.3    3.47199     55.9893   3618    	Dead: 0
29  3720.79   3.34184     53.8905   3615    	Dead: 0
30  3718.2    3.61287     58.2611   3615    	Dead: 0
31  3711.2    3.62506     58.4577   3605    	Dead: 0
32  3703.43   3.62801     58.5054   3605    	Dead: 0
33  3695.99   3.78164     60.9827   3602    	Dead: 0
34  3691.88   3.83828     61.896    3590    	Dead: 0
35  3686.71   3.92701     63.327    3584    	Dead: 0
36  3685.82   4.10733     66.2348   3572    	Dead: 0
37  3681.09   4.12926     66.5885   3572    	Dead: 0
38  3676.24   4.14302     66.8103   3538    	Dead: 0
39  3677.78   4.42318     71.3283   3538    	Dead: 0
40  3671.22   4.33655     69.9313   3538    	Dead: 0
41  3668.66   4.25645     68.6395   3538    	Dead: 0
42  3672.74   4.5432      73.2637   3538    	Dead: 0
43  3670.28   4.57752     73.8171   3538    	Dead: 0
44  3669.25   4.6344      74.7343   3538    	Dead: 0
45  3666.57   4.68005     75.4704   3538    	Dead: 0
46  3665.57   4.73805     76.4058   3538    	Dead: 0
47  3665.64   4.88133     78.7163   3538    	Dead: 0
48  3660.18   4.79631     77.3452   3538    	Dead: 0
49  3658.11   4.91741     79.2982   3538    	Dead: 0
50  3656.4    4.91207     79.212    3538    	Dead: 0
51  3654.35   4.97066     80.1568   3529    	Dead: 0
52  3654.76   5.06583     81.6916   3527    	Dead: 0
53  3653.49   5.16944     83.3625   3525    	Dead: 0
54  3648.76   5.03121     81.1332   3509    	Dead: 0
55  3645.58   5.12084     82.5787   3484    	Dead: 0
56  3644.08   5.22566     84.269    3484    	Dead: 0
57  3639.69   5.12654     82.6706   3484    	Dead: 0
58  3638.91   5.43204     87.5972   3484    	Dead: 0
59  3638.3    5.57339     89.8764   3484    	Dead: 0
60  3636.57   5.37676     86.7056   3484    	Dead: 0
61  3634.09   5.58941     90.1348   3484    	Dead: 0
62  3630.32   5.48539     88.4575   3484    	Dead: 0
63  3630.55   5.60367     90.3648   3484    	Dead: 0
64  3627.41   5.63432     90.859    3484    	Dead: 0
65  3624.4    5.55315     89.55     3484    	Dead: 0
66  3622.2    5.54999     89.4991   3484    	Dead: 0
67  3622.68   5.65444     91.1836   3484    	Dead: 0
68  3621.48   5.72875     92.3818   3484    	Dead: 0
69  3620.19   5.80046     93.5382   3484    	Dead: 0
70  3616.61   5.85399     94.4015   3484    	Dead: 0
71  3614.19   5.84264     94.2184   3484    	Dead: 0
72  3613.28   5.89756     95.1041   3478    	Dead: 0
73  3609.76   5.95576     96.0425   3475    	Dead: 0
74  3612.49   5.9936      96.6527   3455    	Dead: 0
75  3612.78   6.10854     98.5063   3455    	Dead: 0
76  3608.84   6.08464     98.121    3455    	Dead: 0
77  3606.44   5.99609     96.6929   3455    	Dead: 0
78  3600.49   6.06017     97.7264   3455    	Dead: 0
79  3604.93   6.27193     101.141   3455    	Dead: 0
80  3602.7    6.28933     101.422   3455    	Dead: 0
81  3603.06   6.31507     101.837   3455    	Dead: 0
82  3600.36   6.39784     103.171   3455    	Dead: 0
83  3597.59   6.22805     100.434   3455    	Dead: 0
84  3598.36   6.35731     102.518   3455    	Dead: 0
85  3595.14   6.53332     105.356   3455    	Dead: 0
86  3593.55   6.50161     104.845   3455    	Dead: 0
87  3593.32   6.6189      106.736   3455    	Dead: 0
88  3590.55   6.67508     107.642   3443    	Dead: 0
89  3593.93   6.66378     107.46    3443    	Dead: 0
90  3592.03   6.85572     110.555   3443    	Dead: 0
91  3588.29   6.78765     109.458   3443    	Dead: 0
92  3585.14   6.72091     108.381   3435    	Dead: 0
93  3588.61   6.93733     111.871   3435    	Dead: 0
94  3582.79   6.84646     110.406   3435    	Dead: 0
95  3585.13   6.95215     112.11    3435    	Dead: 0
96  3584.62   7.06046     113.857   3435    	Dead: 0
97  3583.97   6.93082     111.766   3435    	Dead: 0
98  3584.6    7.02535     113.291   3435    	Dead: 0
99  3580.43   6.9401      111.916   3435    	Dead: 0
100 3580.89   6.90041     111.276   3435    	Dead: 0
