0   4847.66   3.96267     63.902    4647    	Dead: 0
1   4706.86   3.37638     54.4475   4523    	Dead: 0
2   4595.31   3.35808     54.1524   4433    	Dead: 0
3   4496.8    2.75466     44.4216   4339    	Dead: 0
4   4437.19   2.37322     38.2705   4319    	Dead: 0
5   4395.22   2.36601     38.1543   4266    	Dead: 0
6   4351.19   2.57893     41.5878   4235    	Dead: 0
7   4305.11   2.48635     40.0949   4160    	Dead: 0
8   4270.24   2.55907     41.2676   4121    	Dead: 0
9   4238.8    2.58878     41.7466   4104    	Dead: 0
10  4213.66   2.47937     39.9824   4104    	Dead: 0
11  4194.27   2.633       42.4598   4075    	Dead: 0
12  4176.77   2.68028     43.2222   4063    	Dead: 0
13  4159.52   2.7424      44.224    4035    	Dead: 0
14  4140.5    2.60529     42.013    4035    	Dead: 0
15  4122.84   2.63868     42.5513   4030    	Dead: 0
16  4104.27   2.65666     42.8414   3994    	Dead: 0
17  4085.93   2.57897     41.5884   3952    	Dead: 0
18  4073.52   2.64101     42.5889   3952    	Dead: 0
19  4058.08   2.63571     42.5035   3932    	Dead: 0
20  4046.04   2.63794     42.5394   3932    	Dead: 0
21  4035.97   2.68838     43.3528   3932    	Dead: 0
22  4025.9    2.68629     43.3191   3932    	Dead: 0
23  4012.87   2.61296     42.1366   3912    	Dead: 0
24  4000.57   2.56344     41.338    3887    	Dead: 0
25  3990.3    2.77508     44.751    3867    	Dead: 0
26  3975.5    2.69407     43.4445   3831    	Dead: 0
27  3962.93   2.67891     43.2002   3831    	Dead: 0
28  3951.13   2.62813     42.3813   3819    	Dead: 0
29  3940.92   2.66848     43.032    3819    	Dead: 0
30  3930.87   2.65469     42.8095   3814    	Dead: 0
31  3923.47   2.70057     43.5493   3814    	Dead: 0
32  3917.03   2.7347      44.0999   3814    	Dead: 0
33  3909.28   2.79863     45.1307   3814    	Dead: 0
34  3902.29   2.84655     45.9035   3793    	Dead: 0
35  3895.75   2.76797     44.6363   3793    	Dead: 0
36  3892.96   2.99388     48.2793   3793    	Dead: 0
37  3887.74   2.91484     47.0048   3790    	Dead: 0
38  3883.02   2.95968     47.7278   3790    	Dead: 0
39  3878.32   2.95618     47.6713   3782    	Dead: 0
40  3874.51   2.99448     48.289    3781    	Dead: 0
41  3871      3.03971     49.0183   3776    	Dead: 0
42  3865.55   3.10575     50.0834   3776    	Dead: 0
43  3861.28   3.11396     50.2158   3757    	Dead: 0
44  3856.13   2.97204     47.9271   3757    	Dead: 0
45  3852.87   3.02632     48.8024   3746    	Dead: 0
46  3847.81   3.05828     49.3178   3746    	Dead: 0
47  3846.11   3.1347      50.5502   3746    	Dead: 0
48  3841.43   3.1598      50.955    3744    	Dead: 0
49  3836.92   2.99029     48.2214   3744    	Dead: 0
50  3838.08   3.27362     52.7904   3741    	Dead: 0
51  3833.7    3.24672     52.3566   3741    	Dead: 0
52  3832.51   3.32721     53.6547   3708    	Dead: 0
53  3827.81   3.34285     53.9069   3708    	Dead: 0
54  3824.72   3.32502     53.6193   3708    	Dead: 0
55  3820.18   3.13244     50.5138   3708    	Dead: 0
56  3818.05   3.26141     52.5936   3708    	Dead: 0
57  3815.37   3.30801     53.3449   3708    	Dead: 0
58  3811.43   3.23812     52.218    3708    	Dead: 0
59  3809.49   3.3191      53.5239   3701    	Dead: 0
60  3804.92   3.29603     53.1517   3701    	Dead: 0
61  3801.38   3.37163     54.3709   3697    	Dead: 0
62  3797.43   3.37732     54.4627   3690    	Dead: 0
63  3794.33   3.47036     55.963    3690    	Dead: 0
64  3792.36   3.44753     55.5949   3690    	Dead: 0
65  3788.53   3.50984     56.5996   3689    	Dead: 0
66  3785.95   3.5579      57.3747   3689    	Dead: 0
67  3783.01   3.58387     57.7935   3680    	Dead: 0
68  3780.99   3.69651     59.6099   3680    	Dead: 0
69  3776.06   3.57678     57.6791   3677    	Dead: 0
70  3774.51   3.61853     58.3525   3656    	Dead: 0
71  3769.79   3.64832     58.8328   3656    	Dead: 0
72  3766.52   3.71791     59.955    3656    	Dead: 0
73  3764.28   3.83428     61.8316   3656    	Dead: 0
74  3764.59   3.88842     62.7047   3656    	Dead: 0
75  3760.76   3.88143     62.5919   3645    	Dead: 0
76  3757.88   3.91269     63.0961   3643    	Dead: 0
77  3756.51   4.06116     65.4902   3643    	Dead: 0
78  3752.65   4.11277     66.3225   3643    	Dead: 0
79  3748.52   4.09628     66.0567   3639    	Dead: 0
80  3747.05   4.17739     67.3646   3630    	Dead: 0
81  3748.67   4.33555     69.9151   3630    	Dead: 0
82  3743.26   4.30129     69.3627   3630    	Dead: 0
83  3740.88   4.3421      70.0207   3630    	Dead: 0
84  3738.45   4.29208     69.2141   3630    	Dead: 0
85  3736.08   4.38993     70.7919   3630    	Dead: 0
86  3737.12   4.42855     71.4148   3630    	Dead: 0
87  3733.15   4.37648     70.5751   3630    	Dead: 0
88  3733.41   4.50542     72.6544   3630    	Dead: 0
89  3731.26   4.47094     72.0984   3627    	Dead: 0
90  3730.49   4.50594     72.6627   3622    	Dead: 0
91  3731.63   4.64951     74.9779   3615    	Dead: 0
92  3730.64   4.45913     71.9079   3615    	Dead: 0
93  3728.1    4.565       73.6153   3615    	Dead: 0
94  3726.23   4.53491     73.13     3615    	Dead: 0
95  3729.5    4.63485     74.7416   3615    	Dead: 0
96  3727.69   4.66106     75.1642   3615    	Dead: 0
97  3724.97   4.67123     75.3282   3615    	Dead: 0
98  3723.03   4.69553     75.7201   3615    	Dead: 0
99  3723.77   4.75796     76.7269   3615    	Dead: 0
100 3722.48   4.59182     74.0477   3615    	Dead: 0
