0   4842.33   3.97191     64.0511   4655    	Dead: 0
1   4696.16   3.29736     53.1732   4490    	Dead: 0
2   4572.84   3.08616     49.7673   4443    	Dead: 0
3   4482.62   2.64989     42.7322   4335    	Dead: 0
4   4397.28   2.91618     47.0263   4246    	Dead: 0
5   4296.69   2.54482     41.0378   4193    	Dead: 0
6   4220.91   2.3589      38.0396   4121    	Dead: 0
7   4163.94   2.29913     37.0757   4042    	Dead: 0
8   4118.56   2.31513     37.3338   4004    	Dead: 0
9   4079.66   2.27772     36.7305   3977    	Dead: 0
10  4041.15   2.06841     33.3552   3944    	Dead: 0
11  4016.16   2.08713     33.6571   3918    	Dead: 0
12  3994.2    2.07306     33.4302   3889    	Dead: 0
13  3974.67   2.07299     33.4291   3886    	Dead: 0
14  3952.81   2.075       33.4614   3868    	Dead: 0
15  3927.81   2.03922     32.8844   3839    	Dead: 0
16  3902.97   1.93385     31.1853   3809    	Dead: 0
17  3884.31   1.97087     31.7822   3805    	Dead: 0
18  3866.71   1.86041     30.001    3794    	Dead: 0
19  3854.22   1.92628     31.0632   3774    	Dead: 0
20  3841.43   1.92543     31.0496   3747    	Dead: 0
21  3831      2.01758     32.5355   3743    	Dead: 0
22  3818.69   1.98188     31.9598   3743    	Dead: 0
23  3807.38   1.99657     32.1967   3729    	Dead: 0
24  3799.89   2.03276     32.7803   3729    	Dead: 0
25  3793.64   2.07783     33.5072   3705    	Dead: 0
26  3786.28   2.00173     32.2799   3705    	Dead: 0
27  3781.72   2.07803     33.5104   3689    	Dead: 0
28  3778.88   2.2298      35.9578   3689    	Dead: 0
29  3773.75   2.20868     35.6171   3689    	Dead: 0
30  3768.75   2.13755     34.4701   3689    	Dead: 0
31  3766.9    2.26285     36.4907   3689    	Dead: 0
32  3762.6    2.12562     34.2777   3689    	Dead: 0
33  3757.34   2.1935      35.3723   3673    	Dead: 0
34  3754.28   2.19981     35.4741   3673    	Dead: 0
35  3752.05   2.28994     36.9275   3673    	Dead: 0
36  3747.46   2.22315     35.8505   3668    	Dead: 0
37  3743.23   2.19693     35.4276   3661    	Dead: 0
38  3738.22   2.21459     35.7125   3660    	Dead: 0
39  3733.68   2.13425     34.4169   3660    	Dead: 0
40  3731.08   2.21473     35.7147   3654    	Dead: 0
41  3727.13   2.1705      35.0015   3654    	Dead: 0
42  3723.43   2.2595      36.4366   3635    	Dead: 0
43  3718.41   2.23671     36.0691   3635    	Dead: 0
44  3714.57   2.30932     37.2401   3635    	Dead: 0
45  3709.95   2.15771     34.7953   3635    	Dead: 0
46  3704.57   2.22502     35.8808   3634    	Dead: 0
47  3698.35   2.13905     34.4943   3632    	Dead: 0
48  3692.61   2.10503     33.9457   3623    	Dead: 0
49  3688.18   2.14324     34.562    3623    	Dead: 0
50  3685.19   2.09594     33.7992   3623    	Dead: 0
51  3682.36   2.20853     35.6148   3619    	Dead: 0
52  3678.61   2.04154     32.9218   3619    	Dead: 0
53  3675.69   2.11345     34.0815   3612    	Dead: 0
54  3673.69   2.19948     35.4689   3607    	Dead: 0
55  3670.34   2.14208     34.5431   3607    	Dead: 0
56  3669.22   2.20554     35.5665   3603    	Dead: 0
57  3666.02   2.21369     35.6979   3603    	Dead: 0
58  3664.62   2.20533     35.5631   3588    	Dead: 0
59  3661.94   2.20027     35.4816   3588    	Dead: 0
60  3658.91   2.17761     35.1162   3588    	Dead: 0
61  3658.65   2.17922     35.1421   3588    	Dead: 0
62  3655.44   2.20981     35.6353   3588    	Dead: 0
63  3654.91   2.29906     37.0746   3582    	Dead: 0
64  3651.08   2.30434     37.1597   3579    	Dead: 0
65  3649.04   2.20188     35.5076   3578    	Dead: 0
66  3646.39   2.17513     35.0762   3578    	Dead: 0
67  3646.5    2.29493     37.0081   3578    	Dead: 0
68  3643.36   2.25691     36.395    3578    	Dead: 0
69  3640.01   2.24592     36.2177   3576    	Dead: 0
70  3640.64   2.32199     37.4444   3576    	Dead: 0
71  3638.66   2.38998     38.5408   3568    	Dead: 0
72  3634.97   2.28339     36.8219   3568    	Dead: 0
73  3634.91   2.40182     38.7318   3568    	Dead: 0
74  3631.74   2.3394      37.7252   3568    	Dead: 0
75  3630.57   2.38725     38.4968   3561    	Dead: 0
76  3629.36   2.4344      39.2571   3560    	Dead: 0
77  3625.5    2.34581     37.8285   3560    	Dead: 0
78  3621.84   2.36047     38.0649   3554    	Dead: 0
79  3621.52   2.36567     38.1488   3551    	Dead: 0
80  3617.63   2.31699     37.3638   3551    	Dead: 0
81  3616.08   2.37714     38.3337   3547    	Dead: 0
82  3614.45   2.43237     39.2245   3547    	Dead: 0
83  3612.95   2.49817     40.2855   3535    	Dead: 0
84  3608.95   2.42341     39.0799   3525    	Dead: 0
85  3606.74   2.32543     37.4999   3525    	Dead: 0
86  3606.34   2.30873     37.2305   3525    	Dead: 0
87  3605.93   2.38249     38.42     3525    	Dead: 0
88  3602.86   2.29978     37.0863   3525    	Dead: 0
89  3603.82   2.42188     39.0553   3525    	Dead: 0
90  3600.69   2.34064     37.7452   3525    	Dead: 0
91  3600.46   2.36668     38.1651   3525    	Dead: 0
92  3602.17   2.51166     40.503    3525    	Dead: 0
93  3601.46   2.49985     40.3126   3525    	Dead: 0
94  3600.72   2.51237     40.5145   3525    	Dead: 0
95  3597.79   2.44454     39.4207   3525    	Dead: 0
96  3597.52   2.45819     39.6407   3522    	Dead: 0
97  3594.51   2.38015     38.3822   3522    	Dead: 0
98  3593.65   2.37377     38.2793   3522    	Dead: 0
99  3594.94   2.52724     40.7543   3522    	Dead: 0
100 3593.36   2.52444     40.7091   3521    	Dead: 0
