0   4648.74   3.21531     51.8502   4484    	Dead: 0
1   4492.1    3.06102     49.362    4343    	Dead: 0
2   4366.93   2.44502     39.4284   4254    	Dead: 0
3   4261.79   1.97321     31.82     4169    	Dead: 0
4   4176.66   1.80689     29.1379   4071    	Dead: 0
5   4107.03   1.67364     26.9891   4020    	Dead: 0
6   4051.92   1.43565     23.1512   3971    	Dead: 0
7   4002.14   1.34827     21.7423   3931    	Dead: 0
8   3959.64   1.19061     19.1997   3897    	Dead: 0
9   3931.1    1.19826     19.3231   3869    	Dead: 0
10  3900.5    1.29623     20.9031   3831    	Dead: 0
11  3868.02   1.08153     17.4407   3824    	Dead: 0
12  3848.54   1.02834     16.5831   3800    	Dead: 0
13  3834.16   1.04755     16.8928   3794    	Dead: 0
14  3819.87   1.06661     17.2001   3769    	Dead: 0
15  3805.98   1.01126     16.3076   3756    	Dead: 0
16  3794.34   1.08308     17.4657   3746    	Dead: 0
17  3778.87   1.07971     17.4113   3728    	Dead: 0
18  3765.02   1.07697     17.3673   3701    	Dead: 0
19  3753.64   1.10216     17.7735   3701    	Dead: 0
20  3741.45   1.04479     16.8484   3694    	Dead: 0
21  3732.5    1.16718     18.8219   3692    	Dead: 0
22  3723.39   1.15995     18.7053   3680    	Dead: 0
23  3717.31   1.1992      19.3384   3677    	Dead: 0
24  3712.47   1.22293     19.721    3663    	Dead: 0
25  3708.1    1.27234     20.5177   3663    	Dead: 0
26  3705.57   1.32656     21.3921   3662    	Dead: 0
27  3701.34   1.33514     21.5304   3658    	Dead: 0
28  3698.8    1.42905     23.0448   3651    	Dead: 0
29  3695.59   1.4786      23.8439   3651    	Dead: 0
30  3691.99   1.45938     23.5339   3651    	Dead: 0
31  3688.99   1.53026     24.6769   3644    	Dead: 0
32  3686.6    1.54206     24.8673   3643    	Dead: 0
33  3682.82   1.5436      24.8921   3640    	Dead: 0
34  3680.61   1.59254     25.6814   3640    	Dead: 0
35  3679.2    1.6759      27.0255   3640    	Dead: 0
36  3676.92   1.59243     25.6795   3638    	Dead: 0
37  3674.68   1.64727     26.5639   3634    	Dead: 0
38  3674.93   1.72007     27.7379   3634    	Dead: 0
39  3674.17   1.81077     29.2004   3633    	Dead: 0
40  3672.51   1.82045     29.3566   3629    	Dead: 0
41  3669.97   1.78386     28.7666   3629    	Dead: 0
42  3668.25   1.75249     28.2606   3617    	Dead: 0
43  3668.61   1.8125      29.2284   3617    	Dead: 0
44  3665.38   1.72699     27.8494   3617    	Dead: 0
45  3665.87   1.95024     31.4495   3617    	Dead: 0
46  3665.6    1.95286     31.4919   3617    	Dead: 0
47  3663      1.91208     30.8341   3614    	Dead: 0
48  3660.49   1.87054     30.1643   3614    	Dead: 0
49  3660.14   1.89905     30.624    3614    	Dead: 0
50  3657.96   1.90255     30.6805   3613    	Dead: 0
51  3655.95   1.94206     31.3176   3613    	Dead: 0
52  3653.55   1.89515     30.5611   3611    	Dead: 0
53  3653.52   2.01139     32.4357   3602    	Dead: 0
54  3652.6    2.06615     33.3188   3602    	Dead: 0
55  3651.19   2.04499     32.9774   3602    	Dead: 0
56  3649.05   2.07354     33.4379   3602    	Dead: 0
57  3646.38   2.02823     32.7072   3601    	Dead: 0
58  3646.21   2.10273     33.9086   3601    	Dead: 0
59  3644.44   2.02283     32.6202   3601    	Dead: 0
60  3642.81   2.0401      32.8987   3597    	Dead: 0
61  3643.37   2.1611      34.8499   3592    	Dead: 0
62  3642.7    2.1945      35.3885   3592    	Dead: 0
63  3641.48   2.16784     34.9585   3592    	Dead: 0
64  3639.62   2.15797     34.7994   3592    	Dead: 0
65  3639.07   2.21094     35.6536   3591    	Dead: 0
66  3637.74   2.23377     36.0218   3591    	Dead: 0
67  3635.83   2.1876      35.2772   3590    	Dead: 0
68  3637.43   2.35136     37.9181   3585    	Dead: 0
69  3634.87   2.2335      36.0174   3585    	Dead: 0
70  3634.67   2.23637     36.0637   3585    	Dead: 0
71  3633.03   2.22594     35.8954   3575    	Dead: 0
72  3631.81   2.26912     36.5919   3575    	Dead: 0
73  3629.67   2.25249     36.3237   3569    	Dead: 0
74  3628.95   2.24963     36.2776   3569    	Dead: 0
75  3628.72   2.35854     38.0338   3569    	Dead: 0
76  3628.49   2.36711     38.172    3569    	Dead: 0
77  3626.58   2.44236     39.3855   3569    	Dead: 0
78  3624.11   2.41222     38.8994   3569    	Dead: 0
79  3624.84   2.42691     39.1364   3569    	Dead: 0
80  3623.27   2.48185     40.0224   3568    	Dead: 0
81  3623      2.48834     40.127    3568    	Dead: 0
82  3620.25   2.41966     39.0194   3563    	Dead: 0
83  3620.1    2.55499     41.2017   3563    	Dead: 0
84  3620.68   2.59797     41.8949   3563    	Dead: 0
85  3617.2    2.50692     40.4265   3563    	Dead: 0
86  3617      2.70049     43.5482   3563    	Dead: 0
87  3615.04   2.55848     41.2581   3563    	Dead: 0
88  3614.81   2.63724     42.5282   3560    	Dead: 0
89  3611.89   2.50622     40.4153   3560    	Dead: 0
90  3613.53   2.69642     43.4825   3560    	Dead: 0
91  3611.69   2.67613     43.1553   3558    	Dead: 0
92  3611.11   2.67056     43.0654   3558    	Dead: 0
93  3610.51   2.65768     42.8578   3553    	Dead: 0
94  3610.73   2.76043     44.5146   3551    	Dead: 0
95  3610.84   2.79058     45.001    3551    	Dead: 0
96  3610.07   2.8107      45.3253   3550    	Dead: 0
97  3610.38   2.79581     45.0852   3550    	Dead: 0
98  3607.09   2.81051     45.3223   3550    	Dead: 0
99  3608.16   2.86095     46.1357   3544    	Dead: 0
100 3605.45   2.78512     44.9128   3544    	Dead: 0
