0   19.0414   0.189214    3.05127   30.8    
1   25.3934   0.253478    4.08758   38.2    
2   27.1126   0.328749    5.3014    41.6    
3   28.3926   0.357525    5.76545   42.4    
4   28.9556   0.382546    6.16894   43      
5   29.0762   0.402465    6.49016   43      
6   29.5958   0.413695    6.67125   45.4    
7   30.1042   0.403959    6.51425   45.4    
8   30.1824   0.419909    6.77145   45.4    
9   30.6024   0.427942    6.901     45.4    
10  30.6024   0.438845    7.07681   45.4    
11  30.7722   0.448673    7.2353    45.8    
12  31.0602   0.448164    7.2271    45.8    
13  30.9868   0.456319    7.3586    47.2    
14  31.196    0.450311    7.26171   47.2    
15  30.9216   0.473572    7.63682   47.2    
16  31.178    0.4778      7.70501   47.2    
17  31.4194   0.46653     7.52326   47.2    
18  31.5148   0.475594    7.66943   47.2    
19  31.3044   0.48452     7.81338   47.2    
20  31.3854   0.477353    7.69779   47.2    
21  31.607    0.477621    7.70212   47.2    
22  31.8376   0.4791      7.72596   48.4    
23  31.3152   0.498666    8.04149   48.4    
24  31.9294   0.486373    7.84325   48.4    
25  31.8074   0.486064    7.83827   48.4    
26  31.9456   0.491883    7.9321    48.4    
27  31.9174   0.503945    8.12662   48.4    
28  31.7582   0.503951    8.12672   48.4    
29  31.8562   0.495028    7.98282   48.4    
30  31.7766   0.50703     8.17636   49      
31  32.252    0.501423    8.08594   49      
32  32.2174   0.503546    8.12019   49      
33  32.0932   0.510645    8.23466   51.2    
34  31.9502   0.519591    8.37893   51.2    
35  32.0622   0.519592    8.37894   51.2    
36  32.4406   0.504839    8.14104   51.2    
37  32.53     0.499677    8.05779   51.2    
38  32.3494   0.509331    8.21348   51.2    
39  32.558    0.501782    8.09173   51.2    
40  32.6888   0.505578    8.15295   51.2    
41  32.2868   0.524417    8.45674   51.2    
42  32.675    0.519635    8.37964   51.2    
43  32.8634   0.505671    8.15445   51.2    
44  32.5612   0.51757     8.34633   51.2    
45  32.8036   0.510948    8.23954   51.2    
46  32.9076   0.514858    8.30261   51.2    
47  32.9738   0.509992    8.22413   51.2    
48  32.7622   0.517339    8.34261   51.2    
49  32.8004   0.516098    8.3226    51.2    
50  32.668    0.525523    8.47458   51.2    
51  32.8208   0.512735    8.26837   51.2    
52  32.7082   0.527763    8.51071   51.2    
53  32.498    0.52167     8.41245   51.2    
54  32.4064   0.524073    8.45119   51.2    
55  32.515    0.525652    8.47667   51.2    
56  32.776    0.523478    8.44161   51.2    
57  32.608    0.538269    8.68012   51.2    
58  32.9262   0.517208    8.3405    51.2    
59  32.9264   0.507923    8.19076   51.2    
60  32.8656   0.528223    8.51813   51.2    
61  33.074    0.521973    8.41733   51.2    
62  32.9026   0.5223      8.4226    51.2    
63  33.0216   0.523785    8.44656   51.2    
64  32.7438   0.535778    8.63995   51.2    
65  32.974    0.516345    8.32659   51.2    
66  32.8458   0.524834    8.46347   51.2    
67  33.1046   0.528601    8.52422   51.2    
68  33.266    0.521223    8.40525   51.2    
69  33.2122   0.533491    8.60307   51.2    
70  32.9326   0.537697    8.67091   51.2    
71  33.1746   0.531318    8.56803   51.2    
72  32.932    0.540969    8.72367   51.2    
73  33.033    0.532294    8.58378   51.2    
74  33.1794   0.523235    8.43769   51.2    
75  33.0874   0.533686    8.60622   51.2    
76  33.0444   0.527296    8.50317   51.2    
77  33.2746   0.535499    8.63546   51.2    
78  33.4092   0.537941    8.67483   51.2    
79  33.3148   0.538988    8.69172   51.2    
80  33.0704   0.54522     8.79222   51.2    
81  33.3658   0.523934    8.44895   51.2    
82  33.1764   0.526534    8.49088   51.2    
83  33.2994   0.528256    8.51866   51.2    
84  33.026    0.539181    8.69483   51.2    
85  33.054    0.53849     8.68368   51.2    
86  33.155    0.547694    8.83211   51.2    
87  33.2758   0.538558    8.68478   51.2    
88  33.0114   0.551374    8.89146   51.2    
89  33.4346   0.530534    8.55539   51.2    
90  33.27     0.544232    8.77629   51.2    
91  33.3266   0.538773    8.68826   51.2    
92  33.167    0.547061    8.82191   51.2    
93  33.0566   0.547443    8.82807   51.2    
94  33.3132   0.539706    8.7033    51.2    
95  33.289    0.538318    8.68092   51.2    
96  33.4964   0.544271    8.77692   51.2    
97  33.566    0.539262    8.69614   51.2    
98  33.1552   0.545243    8.79259   51.2    
99  33.2832   0.550208    8.87266   51.2    
100 33.5604   0.532126    8.58107   51.2    
