0   3988.64   1.61862     26.1019   3915    	Dead: 0
1   3875.23   0.956171    15.4192   3830    	Dead: 0
2   3815.65   0.6893      11.1157   3785    	Dead: 0
3   3779.95   0.744463    12.0052   3738    	Dead: 0
4   3746.35   0.814181    13.1295   3708    	Dead: 0
5   3718.76   0.83149     13.4086   3680    	Dead: 0
6   3690.14   0.751013    12.1108   3663    	Dead: 0
7   3671.29   0.777278    12.5344   3645    	Dead: 0
8   3656.45   0.818012    13.1913   3629    	Dead: 0
9   3641.99   0.877479    14.1502   3610    	Dead: 0
10  3629.82   0.910705    14.686    3600    	Dead: 0
11  3618.02   0.890176    14.355    3592    	Dead: 0
12  3608.18   0.951167    15.3385   3585    	Dead: 0
13  3601.42   0.997729    16.0894   3579    	Dead: 0
14  3597.74   1.1626      18.7481   3571    	Dead: 0
15  3594.4    1.31615     21.2242   3566    	Dead: 0
16  3589.3    1.36699     22.0441   3552    	Dead: 0
17  3582.86   1.50052     24.1973   3537    	Dead: 0
18  3572.31   1.52392     24.5747   3532    	Dead: 0
19  3561.85   1.69384     27.3149   3529    	Dead: 0
20  3552.04   1.73078     27.9105   3519    	Dead: 0
21  3548.36   1.86905     30.1402   3504    	Dead: 0
22  3537.3    1.95174     31.4737   3504    	Dead: 0
23  3530.28   1.94365     31.3433   3499    	Dead: 0
24  3523.2    1.84586     29.7664   3492    	Dead: 0
25  3521.12   1.8731      30.2056   3486    	Dead: 0
26  3519.68   1.91027     30.8051   3481    	Dead: 0
27  3517.49   1.93062     31.1331   3479    	Dead: 0
28  3516.04   1.88974     30.4739   3476    	Dead: 0
29  3515.3    1.92943     31.114    3474    	Dead: 0
30  3514.6    1.92809     31.0924   3470    	Dead: 0
31  3513.69   1.91615     30.8999   3470    	Dead: 0
32  3511.7    1.91687     30.9115   3470    	Dead: 0
33  3511.02   1.9611      31.6247   3465    	Dead: 0
34  3509.86   2.00701     32.3651   3465    	Dead: 0
35  3507.26   2.05289     33.1049   3465    	Dead: 0
36  3503.38   2.00856     32.3901   3460    	Dead: 0
37  3500.4    2.0865      33.6469   3456    	Dead: 0
38  3492.42   1.99893     32.2348   3455    	Dead: 0
39  3485.28   1.92875     31.103    3450    	Dead: 0
40  3476.26   1.77633     28.6452   3445    	Dead: 0
41  3473.03   1.88147     30.3407   3440    	Dead: 0
42  3467.97   1.86289     30.041    3436    	Dead: 0
43  3465.12   1.87289     30.2023   3430    	Dead: 0
44  3459.04   1.89066     30.4888   3429    	Dead: 0
45  3452.72   1.84248     29.7118   3420    	Dead: 0
46  3448.95   1.93401     31.1879   3415    	Dead: 0
47  3444.07   2.07048     33.3885   3405    	Dead: 0
48  3439.18   2.12697     34.2995   3400    	Dead: 0
49  3439.14   2.32232     37.4498   3397    	Dead: 0
50  3434.16   2.34357     37.7924   3394    	Dead: 0
51  3431.98   2.48831     40.1264   3388    	Dead: 0
52  3433.97   2.66293     42.9425   3384    	Dead: 0
53  3427.84   2.54338     41.0146   3381    	Dead: 0
54  3424.52   2.55588     41.2162   3376    	Dead: 0
55  3421.25   2.66299     42.9434   3372    	Dead: 0
56  3411.9    2.57034     41.4493   3371    	Dead: 0
57  3401.28   2.36329     38.1103   3366    	Dead: 0
58  3398.04   2.37965     38.3742   3364    	Dead: 0
59  3394.46   2.42413     39.0915   3358    	Dead: 0
60  3392.22   2.47972     39.9879   3355    	Dead: 0
61  3389.82   2.49872     40.2943   3348    	Dead: 0
62  3383.78   2.47273     39.8752   3344    	Dead: 0
63  3381.51   2.61658     42.195    3337    	Dead: 0
64  3377.79   2.73479     44.1013   3331    	Dead: 0
65  3368.98   2.59727     41.8837   3326    	Dead: 0
66  3364.04   2.6506      42.7436   3321    	Dead: 0
67  3359.95   2.6006      41.9373   3319    	Dead: 0
68  3356.55   2.71081     43.7145   3318    	Dead: 0
69  3354.84   2.751       44.3627   3314    	Dead: 0
70  3352.97   2.8228      45.5205   3311    	Dead: 0
71  3354.25   2.88162     46.4691   3308    	Dead: 0
72  3354.34   2.99107     48.234    3305    	Dead: 0
73  3351.16   3.09459     49.9033   3296    	Dead: 0
74  3348.42   2.9961      48.3151   3295    	Dead: 0
75  3347.92   3.00106     48.3952   3292    	Dead: 0
76  3344.54   3.02648     48.805    3291    	Dead: 0
77  3344.34   3.10732     50.1086   3291    	Dead: 0
78  3344.24   3.08806     49.798    3289    	Dead: 0
79  3344.54   3.0929      49.8761   3289    	Dead: 0
80  3343.41   3.14574     50.7282   3281    	Dead: 0
81  3342.72   3.10312     50.041    3281    	Dead: 0
82  3341.83   3.1054      50.0777   3276    	Dead: 0
83  3342.34   3.16515     51.0411   3276    	Dead: 0
84  3340.67   3.1474      50.7549   3276    	Dead: 0
85  3337.45   3.1267      50.4212   3273    	Dead: 0
86  3333.8    3.06214     49.3801   3273    	Dead: 0
87  3327.48   3.04203     49.0557   3271    	Dead: 0
88  3319.05   2.93435     47.3193   3268    	Dead: 0
89  3307.49   2.76344     44.5633   3262    	Dead: 0
90  3300.31   2.63261     42.4535   3261    	Dead: 0
91  3297.67   2.75369     44.406    3256    	Dead: 0
92  3297.55   2.75957     44.5008   3256    	Dead: 0
93  3296.96   2.85451     46.0318   3254    	Dead: 0
94  3294.47   2.81819     45.4462   3247    	Dead: 0
95  3294.61   2.95176     47.6001   3247    	Dead: 0
96  3291.92   3.03872     49.0024   3246    	Dead: 0
97  3288.74   2.90415     46.8323   3246    	Dead: 0
98  3288.94   3.03434     48.9318   3246    	Dead: 0
99  3288.3    3.05281     49.2296   3242    	Dead: 0
100 3286.48   3.07114     49.5253   3241    	Dead: 0
