0   3995.37   1.612       25.9951   3912    	Dead: 0
1   3927.99   1.11692     18.0114   3880    	Dead: 0
2   3887.87   0.861495    13.8925   3846    	Dead: 0
3   3856.38   0.762073    12.2892   3813    	Dead: 0
4   3829.15   0.794622    12.8141   3780    	Dead: 0
5   3802.76   0.84334     13.5997   3759    	Dead: 0
6   3778.41   0.882704    14.2345   3735    	Dead: 0
7   3759.31   0.804439    12.9724   3727    	Dead: 0
8   3745.84   0.757615    12.2173   3711    	Dead: 0
9   3734.8    0.798418    12.8753   3702    	Dead: 0
10  3725.84   0.865159    13.9516   3688    	Dead: 0
11  3716.68   0.841422    13.5688   3681    	Dead: 0
12  3708.71   0.88281     14.2362   3678    	Dead: 0
13  3701.32   0.924435    14.9074   3665    	Dead: 0
14  3695.12   0.968924    15.6249   3660    	Dead: 0
15  3689.14   1.00141     16.1487   3659    	Dead: 0
16  3683.99   1.10999     17.8997   3649    	Dead: 0
17  3677.34   1.14736     18.5023   3639    	Dead: 0
18  3672.08   1.3054      21.0509   3636    	Dead: 0
19  3665.46   1.37495     22.1725   3624    	Dead: 0
20  3660.34   1.42187     22.9291   3622    	Dead: 0
21  3655.85   1.4855      23.9551   3621    	Dead: 0
22  3650.28   1.45062     23.3927   3614    	Dead: 0
23  3647.6    1.53549     24.7614   3604    	Dead: 0
24  3644.92   1.60938     25.9528   3604    	Dead: 0
25  3641.33   1.62971     26.2807   3604    	Dead: 0
26  3637.99   1.65087     26.6219   3602    	Dead: 0
27  3637.01   1.80102     29.0433   3601    	Dead: 0
28  3634.15   1.79756     28.9874   3596    	Dead: 0
29  3632.27   1.81386     29.2503   3595    	Dead: 0
30  3631.84   1.93648     31.2276   3591    	Dead: 0
31  3628.99   1.89575     30.5709   3591    	Dead: 0
32  3625.93   1.945       31.3651   3590    	Dead: 0
33  3623.12   1.90824     30.7722   3590    	Dead: 0
34  3619.87   1.9705      31.7763   3583    	Dead: 0
35  3616.52   2.03078     32.7484   3580    	Dead: 0
36  3611.46   2.0106      32.423    3575    	Dead: 0
37  3606.38   1.9706      31.7779   3575    	Dead: 0
38  3602.45   1.95606     31.5434   3571    	Dead: 0
39  3600.12   1.98413     31.9961   3564    	Dead: 0
40  3596.92   2.0067      32.3601   3563    	Dead: 0
41  3593.95   2.05128     33.079    3562    	Dead: 0
42  3588.99   2.00005     32.2527   3557    	Dead: 0
43  3585.2    2.02433     32.6444   3553    	Dead: 0
44  3581.58   2.04908     33.0434   3549    	Dead: 0
45  3580.23   2.09958     33.8579   3543    	Dead: 0
46  3577.91   2.18947     35.3074   3540    	Dead: 0
47  3573.14   2.19818     35.4479   3537    	Dead: 0
48  3566.96   2.13901     34.4937   3532    	Dead: 0
49  3564.15   2.26629     36.5462   3527    	Dead: 0
50  3561.05   2.37456     38.2921   3523    	Dead: 0
51  3557.19   2.34623     37.8353   3515    	Dead: 0
52  3552.83   2.29572     37.0208   3515    	Dead: 0
53  3548.25   2.28998     36.9283   3509    	Dead: 0
54  3537.32   2.00994     32.4122   3504    	Dead: 0
55  3527.22   1.76505     28.4632   3501    	Dead: 0
56  3520.54   1.83437     29.581    3489    	Dead: 0
57  3510.65   1.66724     26.886    3482    	Dead: 0
58  3504.24   1.73914     28.0453   3476    	Dead: 0
59  3497.33   1.72596     27.8329   3475    	Dead: 0
60  3490.11   1.61668     26.0706   3467    	Dead: 0
61  3487.25   1.78545     28.7922   3457    	Dead: 0
62  3478.78   1.78        28.7043   3450    	Dead: 0
63  3469.09   1.79867     29.0053   3442    	Dead: 0
64  3459.76   1.7268      27.8463   3432    	Dead: 0
65  3452.8    1.77619     28.6428   3422    	Dead: 0
66  3448.62   1.91509     30.8827   3422    	Dead: 0
67  3440.79   1.7493      28.2093   3416    	Dead: 0
68  3436.95   1.93072     31.1348   3411    	Dead: 0
69  3431.68   1.97243     31.8073   3407    	Dead: 0
70  3427.87   1.90783     30.7657   3405    	Dead: 0
71  3425.36   1.99631     32.1925   3401    	Dead: 0
72  3419.48   1.90725     30.7564   3397    	Dead: 0
73  3416.43   1.79942     29.0174   3391    	Dead: 0
74  3416.83   2.13042     34.3552   3387    	Dead: 0
75  3411.96   2.09459     33.7774   3386    	Dead: 0
76  3408.48   2.02521     32.6585   3386    	Dead: 0
77  3408.15   2.16619     34.9319   3386    	Dead: 0
78  3406.27   2.16213     34.8666   3381    	Dead: 0
79  3405.23   2.25701     36.3966   3381    	Dead: 0
80  3405.71   2.34735     37.8533   3376    	Dead: 0
81  3403.96   2.2908      36.9414   3376    	Dead: 0
82  3402.64   2.34912     37.8819   3375    	Dead: 0
83  3398.89   2.22162     35.8258   3366    	Dead: 0
84  3398.73   2.34356     37.7922   3366    	Dead: 0
85  3392.41   2.15915     34.8184   3360    	Dead: 0
86  3390.72   2.36771     38.1818   3360    	Dead: 0
87  3386.73   2.36129     38.0781   3355    	Dead: 0
88  3384.6    2.43543     39.2738   3355    	Dead: 0
89  3378.05   2.21895     35.7827   3355    	Dead: 0
90  3378.54   2.34927     37.8843   3354    	Dead: 0
91  3373.59   2.18184     35.1844   3350    	Dead: 0
92  3374.43   2.28097     36.7829   3350    	Dead: 0
93  3376.58   2.46785     39.7966   3350    	Dead: 0
94  3374.39   2.40417     38.7696   3345    	Dead: 0
95  3371.83   2.32406     37.4778   3345    	Dead: 0
96  3372.74   2.5017      40.3424   3344    	Dead: 0
97  3374.68   2.5989      41.9099   3344    	Dead: 0
98  3375.51   2.79505     45.073    3343    	Dead: 0
99  3376.48   2.80106     45.1699   3343    	Dead: 0
100 3378.91   3.02729     48.8181   3340    	Dead: 0
