0   3995.52   1.60704     25.9152   3917    	Dead: 0
1   3928.66   1.09427     17.6463   3873    	Dead: 0
2   3884.35   0.882904    14.2377   3844    	Dead: 0
3   3856.61   0.697433    11.2468   3821    	Dead: 0
4   3835.52   0.612308    9.87408   3807    	Dead: 0
5   3818.46   0.623401    10.053    3788    	Dead: 0
6   3805.79   0.599207    9.66281   3778    	Dead: 0
7   3791.74   0.645828    10.4146   3751    	Dead: 0
8   3774.4    0.673337    10.8582   3744    	Dead: 0
9   3761.63   0.695353    11.2133   3725    	Dead: 0
10  3752.88   0.757334    12.2128   3718    	Dead: 0
11  3744.95   0.860143    13.8707   3704    	Dead: 0
12  3736.73   0.924031    14.9009   3704    	Dead: 0
13  3728.16   0.931233    15.0171   3688    	Dead: 0
14  3722.23   0.992439    16.0041   3688    	Dead: 0
15  3716.63   1.08172     17.4438   3673    	Dead: 0
16  3709.85   1.06874     17.2345   3665    	Dead: 0
17  3703.31   1.10323     17.7907   3665    	Dead: 0
18  3697.69   1.14508     18.4656   3659    	Dead: 0
19  3693.27   1.18607     19.1265   3659    	Dead: 0
20  3687.46   1.13816     18.354    3653    	Dead: 0
21  3683.42   1.14103     18.4002   3648    	Dead: 0
22  3679.68   1.16407     18.7719   3648    	Dead: 0
23  3675.96   1.19657     19.2958   3644    	Dead: 0
24  3672.36   1.18933     19.1792   3637    	Dead: 0
25  3668.94   1.21584     19.6067   3637    	Dead: 0
26  3664.35   1.21186     19.5425   3631    	Dead: 0
27  3662.64   1.35376     21.8307   3622    	Dead: 0
28  3657.51   1.35893     21.9141   3620    	Dead: 0
29  3652.32   1.35356     21.8276   3620    	Dead: 0
30  3647      1.4508      23.3957   3618    	Dead: 0
31  3638.91   1.37981     22.2508   3615    	Dead: 0
32  3636.55   1.50971     24.3456   3610    	Dead: 0
33  3636.76   1.56099     25.1725   3610    	Dead: 0
34  3636.45   1.58134     25.5007   3605    	Dead: 0
35  3635.59   1.58527     25.5641   3605    	Dead: 0
36  3634.7    1.58891     25.6227   3600    	Dead: 0
37  3631.12   1.55113     25.0135   3600    	Dead: 0
38  3628.21   1.53316     24.7237   3597    	Dead: 0
39  3622.17   1.44884     23.364    3596    	Dead: 0
40  3617.16   1.42356     22.9564   3596    	Dead: 0
41  3612.55   1.36694     22.0432   3588    	Dead: 0
42  3609.31   1.37636     22.1951   3585    	Dead: 0
43  3606.19   1.43878     23.2017   3578    	Dead: 0
44  3603.18   1.45643     23.4864   3575    	Dead: 0
45  3601.51   1.52179     24.5404   3570    	Dead: 0
46  3597.44   1.50274     24.2332   3565    	Dead: 0
47  3592.58   1.58882     25.6213   3556    	Dead: 0
48  3584.78   1.63089     26.2997   3551    	Dead: 0
49  3579.4    1.67326     26.983    3540    	Dead: 0
50  3572.41   1.70554     27.5035   3540    	Dead: 0
51  3566.06   1.65786     26.7347   3532    	Dead: 0
52  3557.07   1.57982     25.4762   3528    	Dead: 0
53  3550.01   1.56707     25.2705   3522    	Dead: 0
54  3543.59   1.46705     23.6577   3513    	Dead: 0
55  3538.33   1.50144     24.2122   3509    	Dead: 0
56  3534.03   1.58741     25.5986   3505    	Dead: 0
57  3529.09   1.64451     26.5194   3500    	Dead: 0
58  3522.51   1.58717     25.5946   3496    	Dead: 0
59  3521.3    1.91936     30.9516   3493    	Dead: 0
60  3518.69   2.01426     32.4819   3485    	Dead: 0
61  3520.52   2.39861     38.68     3484    	Dead: 0
62  3525.11   2.58311     41.6552   3482    	Dead: 0
63  3526.53   2.77674     44.7778   3482    	Dead: 0
64  3525.66   2.79505     45.0729   3482    	Dead: 0
65  3526.12   2.76533     44.5936   3482    	Dead: 0
66  3525.26   2.77061     44.6789   3478    	Dead: 0
67  3524.16   2.77995     44.8295   3478    	Dead: 0
68  3520.23   2.63745     42.5315   3477    	Dead: 0
69  3519.47   2.61931     42.239    3477    	Dead: 0
70  3518.69   2.57986     41.6028   3477    	Dead: 0
71  3517.59   2.56769     41.4066   3474    	Dead: 0
72  3516.25   2.48079     40.0053   3474    	Dead: 0
73  3516.3    2.53932     40.9491   3472    	Dead: 0
74  3513.3    2.42392     39.0882   3470    	Dead: 0
75  3513.81   2.49575     40.2464   3469    	Dead: 0
76  3513.6    2.51082     40.4894   3468    	Dead: 0
77  3510.52   2.45033     39.514    3468    	Dead: 0
78  3507.12   2.44124     39.3674   3463    	Dead: 0
79  3503.17   2.37095     38.234    3460    	Dead: 0
80  3503.66   2.56102     41.299    3457    	Dead: 0
81  3499.21   2.44738     39.4665   3457    	Dead: 0
82  3492.13   2.36087     38.0714   3452    	Dead: 0
83  3486.22   2.42302     39.0736   3450    	Dead: 0
84  3481.41   2.38182     38.4093   3443    	Dead: 0
85  3477.58   2.38773     38.5045   3438    	Dead: 0
86  3473.76   2.35651     38.0011   3438    	Dead: 0
87  3468.26   2.25256     36.3248   3438    	Dead: 0
88  3469.12   2.45895     39.653    3434    	Dead: 0
89  3464.76   2.34581     37.8286   3433    	Dead: 0
90  3464.21   2.49451     40.2264   3428    	Dead: 0
91  3461.05   2.40496     38.7823   3424    	Dead: 0
92  3457.11   2.35067     37.9069   3419    	Dead: 0
93  3457.09   2.4474      39.4669   3419    	Dead: 0
94  3453.03   2.49376     40.2144   3411    	Dead: 0
95  3444.09   2.40687     38.8133   3409    	Dead: 0
96  3438.33   2.3351      37.6558   3404    	Dead: 0
97  3433.83   2.33561     37.6641   3401    	Dead: 0
98  3431.93   2.44154     39.3722   3395    	Dead: 0
99  3425.2    2.28569     36.8591   3394    	Dead: 0
100 3421.48   2.24912     36.2693   3394    	Dead: 0
