0   3987.95   1.642       26.479    3914    	Dead: 0
1   3882.19   0.812326    13.0996   3841    	Dead: 0
2   3822.14   0.760612    12.2656   3785    	Dead: 0
3   3783.4    0.648181    10.4526   3748    	Dead: 0
4   3757.68   0.705985    11.3847   3725    	Dead: 0
5   3737.21   0.698694    11.2671   3706    	Dead: 0
6   3719.95   0.724229    11.6789   3678    	Dead: 0
7   3699.58   0.712015    11.4819   3668    	Dead: 0
8   3679.68   0.716746    11.5583   3655    	Dead: 0
9   3665.92   0.802748    12.9451   3634    	Dead: 0
10  3648.21   0.825212    13.3074   3607    	Dead: 0
11  3630.93   1.01439     16.358    3594    	Dead: 0
12  3619.77   1.15486     18.6233   3587    	Dead: 0
13  3613.86   1.25991     20.3173   3579    	Dead: 0
14  3607.38   1.35763     21.8931   3572    	Dead: 0
15  3601.51   1.40803     22.7059   3566    	Dead: 0
16  3596.83   1.47554     23.7946   3566    	Dead: 0
17  3591.4    1.47881     23.8473   3562    	Dead: 0
18  3586.88   1.42567     22.9904   3559    	Dead: 0
19  3580.2    1.31703     21.2385   3552    	Dead: 0
20  3575.76   1.41741     22.8572   3551    	Dead: 0
21  3572.63   1.53038     24.6789   3541    	Dead: 0
22  3569.16   1.55395     25.0591   3539    	Dead: 0
23  3565.91   1.63339     26.34     3535    	Dead: 0
24  3561.13   1.62707     26.2382   3528    	Dead: 0
25  3556.74   1.77477     28.6199   3515    	Dead: 0
26  3553.24   1.89178     30.5068   3515    	Dead: 0
27  3549.92   1.96076     31.6193   3511    	Dead: 0
28  3540.38   1.89384     30.5401   3504    	Dead: 0
29  3532.13   1.76314     28.4324   3499    	Dead: 0
30  3523.09   1.64268     26.4899   3494    	Dead: 0
31  3519.83   1.79658     28.9716   3489    	Dead: 0
32  3518.18   1.84441     29.743    3487    	Dead: 0
33  3516.43   1.93235     31.1611   3480    	Dead: 0
34  3519.21   2.09601     33.8002   3480    	Dead: 0
35  3518.47   2.14146     34.5332   3470    	Dead: 0
36  3517.57   2.20487     35.5557   3465    	Dead: 0
37  3511.88   2.13437     34.4189   3464    	Dead: 0
38  3506.59   2.10513     33.9473   3461    	Dead: 0
39  3501.38   2.11085     34.0395   3461    	Dead: 0
40  3496.82   2.05984     33.2169   3457    	Dead: 0
41  3492.84   2.07371     33.4407   3451    	Dead: 0
42  3488.86   2.0768      33.4904   3451    	Dead: 0
43  3486.86   2.09482     33.7811   3447    	Dead: 0
44  3483.24   2.06107     33.2368   3447    	Dead: 0
45  3478.65   1.97118     31.7873   3441    	Dead: 0
46  3477.54   2.10075     33.8767   3436    	Dead: 0
47  3473.3    2.03026     32.74     3435    	Dead: 0
48  3472.08   2.08695     33.6542   3430    	Dead: 0
49  3470.01   2.16156     34.8573   3430    	Dead: 0
50  3465.03   2.08264     33.5846   3429    	Dead: 0
51  3462.49   2.09105     33.7202   3426    	Dead: 0
52  3460.92   2.07792     33.5086   3426    	Dead: 0
53  3459.45   2.10457     33.9382   3422    	Dead: 0
54  3456.28   2.03301     32.7843   3421    	Dead: 0
55  3454.29   1.98013     31.9316   3421    	Dead: 0
56  3452.84   2.06189     33.25     3420    	Dead: 0
57  3450.94   2.00336     32.3062   3417    	Dead: 0
58  3450.29   2.04387     32.9595   3412    	Dead: 0
59  3449.11   2.07542     33.4682   3412    	Dead: 0
60  3447.92   2.0967      33.8113   3412    	Dead: 0
61  3447.66   2.13925     34.4976   3405    	Dead: 0
62  3445.85   2.17975     35.1507   3404    	Dead: 0
63  3444.34   2.09245     33.7428   3404    	Dead: 0
64  3441.35   2.06438     33.2902   3402    	Dead: 0
65  3439.12   2.03237     32.774    3400    	Dead: 0
66  3435.01   2.04872     33.0376   3397    	Dead: 0
67  3429.93   2.00749     32.3728   3393    	Dead: 0
68  3425.35   1.9196      30.9554   3390    	Dead: 0
69  3420.29   1.88177     30.3454   3382    	Dead: 0
70  3415.96   1.90377     30.7001   3379    	Dead: 0
71  3413.43   1.97092     31.7831   3377    	Dead: 0
72  3407.72   1.91343     30.856    3377    	Dead: 0
73  3401.35   1.84846     29.8082   3376    	Dead: 0
74  3402.88   2.02029     32.5791   3372    	Dead: 0
75  3400.2    1.88947     30.4697   3372    	Dead: 0
76  3400.6    2.05783     33.1845   3370    	Dead: 0
77  3401.22   2.12321     34.2388   3370    	Dead: 0
78  3402.65   2.2317      35.9884   3366    	Dead: 0
79  3401.18   2.32093     37.4274   3366    	Dead: 0
80  3399.62   2.28506     36.8489   3366    	Dead: 0
81  3398.44   2.27535     36.6923   3361    	Dead: 0
82  3397.05   2.30005     37.0907   3356    	Dead: 0
83  3394.89   2.26774     36.5696   3355    	Dead: 0
84  3392.57   2.28117     36.7862   3351    	Dead: 0
85  3389.85   2.31905     37.397    3346    	Dead: 0
86  3384.81   2.28554     36.8566   3345    	Dead: 0
87  3382.49   2.33173     37.6015   3341    	Dead: 0
88  3379.22   2.27047     36.6137   3340    	Dead: 0
89  3377.45   2.26955     36.5987   3339    	Dead: 0
90  3376.74   2.30329     37.1429   3336    	Dead: 0
91  3375.6    2.37718     38.3344   3335    	Dead: 0
92  3374.07   2.37097     38.2343   3335    	Dead: 0
93  3372.37   2.35758     38.0183   3334    	Dead: 0
94  3372.55   2.3935      38.5976   3329    	Dead: 0
95  3369.61   2.40473     38.7787   3329    	Dead: 0
96  3370.64   2.44372     39.4075   3329    	Dead: 0
97  3368.63   2.42345     39.0805   3328    	Dead: 0
98  3367.61   2.46306     39.7193   3328    	Dead: 0
99  3367.93   2.48303     40.0413   3326    	Dead: 0
100 3363.22   2.41922     39.0123   3324    	Dead: 0
