0   3988.64   1.70417     27.4814   3914    	Dead: 0
1   3878.4    0.937368    15.116    3813    	Dead: 0
2   3810.44   0.722845    11.6566   3772    	Dead: 0
3   3770.69   0.68821     11.0981   3733    	Dead: 0
4   3731.05   0.729643    11.7662   3684    	Dead: 0
5   3700.82   0.674021    10.8693   3671    	Dead: 0
6   3685.66   0.668773    10.7846   3663    	Dead: 0
7   3677.36   0.727706    11.735    3653    	Dead: 0
8   3668.63   0.786558    12.684    3647    	Dead: 0
9   3659.63   0.807426    13.0206   3639    	Dead: 0
10  3652.93   0.878115    14.1605   3628    	Dead: 0
11  3644.18   0.89275     14.3965   3615    	Dead: 0
12  3634.64   0.95331     15.3731   3600    	Dead: 0
13  3620.44   1.04057     16.7803   3589    	Dead: 0
14  3607.01   1.07031     17.2597   3579    	Dead: 0
15  3599.59   1.13914     18.3698   3564    	Dead: 0
16  3592.62   1.2631      20.3688   3560    	Dead: 0
17  3586.3    1.37999     22.2537   3555    	Dead: 0
18  3578.76   1.40892     22.7202   3550    	Dead: 0
19  3573.91   1.54811     24.9649   3541    	Dead: 0
20  3567.67   1.55234     25.033    3536    	Dead: 0
21  3562.68   1.6658      26.8628   3524    	Dead: 0
22  3558.55   1.8063      29.1283   3515    	Dead: 0
23  3552.09   1.80992     29.1867   3514    	Dead: 0
24  3545.2    1.86281     30.0397   3508    	Dead: 0
25  3538.92   1.88045     30.3241   3503    	Dead: 0
26  3531.16   1.82601     29.4463   3499    	Dead: 0
27  3527.49   1.91815     30.9321   3494    	Dead: 0
28  3522.08   1.89994     30.6385   3489    	Dead: 0
29  3520.85   2.00267     32.295    3483    	Dead: 0
30  3517.65   2.0247      32.6504   3480    	Dead: 0
31  3511.88   1.94919     31.4326   3478    	Dead: 0
32  3499.05   1.59249     25.6805   3471    	Dead: 0
33  3488.32   1.20633     19.4532   3462    	Dead: 0
34  3478.89   1.1729      18.9142   3445    	Dead: 0
35  3470.15   1.19709     19.3043   3444    	Dead: 0
36  3463.59   1.27393     20.5433   3432    	Dead: 0
37  3457.84   1.29139     20.8249   3430    	Dead: 0
38  3453.78   1.4131      22.7876   3421    	Dead: 0
39  3448.79   1.54809     24.9645   3419    	Dead: 0
40  3443.65   1.51152     24.3747   3412    	Dead: 0
41  3440.84   1.61294     26.0102   3405    	Dead: 0
42  3435.14   1.67904     27.0762   3401    	Dead: 0
43  3432.64   1.72693     27.8485   3395    	Dead: 0
44  3426.55   1.64702     26.5599   3395    	Dead: 0
45  3421.61   1.73994     28.0583   3389    	Dead: 0
46  3414.75   1.70619     27.514    3385    	Dead: 0
47  3410.64   1.77069     28.5542   3381    	Dead: 0
48  3406.43   1.67945     27.0827   3379    	Dead: 0
49  3405.83   1.79341     28.9205   3376    	Dead: 0
50  3403.41   1.79663     28.9725   3371    	Dead: 0
51  3402.04   1.87911     30.3025   3367    	Dead: 0
52  3400.24   1.86654     30.0998   3366    	Dead: 0
53  3398.4    1.92202     30.9945   3362    	Dead: 0
54  3398.22   1.95204     31.4785   3361    	Dead: 0
55  3397.47   1.99926     32.2401   3361    	Dead: 0
56  3396.28   2.07416     33.4479   3357    	Dead: 0
57  3394.84   2.06234     33.2574   3357    	Dead: 0
58  3394.6    2.0646      33.2937   3357    	Dead: 0
59  3394.11   2.1047      33.9403   3356    	Dead: 0
60  3394.73   2.20562     35.5678   3356    	Dead: 0
61  3392.55   2.11227     34.0624   3355    	Dead: 0
62  3391.44   2.10676     33.9736   3351    	Dead: 0
63  3390.43   2.10176     33.893    3351    	Dead: 0
64  3389.15   2.1444      34.5806   3351    	Dead: 0
65  3388.28   2.12426     34.2558   3350    	Dead: 0
66  3390.45   2.24135     36.1439   3350    	Dead: 0
67  3386.92   2.15596     34.7671   3350    	Dead: 0
68  3386      2.09691     33.8147   3346    	Dead: 0
69  3385.77   2.14256     34.5509   3346    	Dead: 0
70  3385.51   2.22808     35.9301   3342    	Dead: 0
71  3383.41   2.13936     34.4993   3342    	Dead: 0
72  3381.73   2.15816     34.8025   3342    	Dead: 0
73  3382.97   2.20873     35.6179   3342    	Dead: 0
74  3381.06   2.06074     33.2315   3342    	Dead: 0
75  3381.87   2.20238     35.5156   3342    	Dead: 0
76  3380.32   2.09321     33.7551   3342    	Dead: 0
77  3380.08   2.08492     33.6214   3342    	Dead: 0
78  3379.16   2.08814     33.6734   3337    	Dead: 0
79  3378.95   2.07651     33.4857   3336    	Dead: 0
80  3378.4    2.13448     34.4206   3336    	Dead: 0
81  3375.82   2.06595     33.3155   3336    	Dead: 0
82  3376.1    2.14327     34.5624   3336    	Dead: 0
83  3374.07   2.05755     33.18     3335    	Dead: 0
84  3373.42   2.0838      33.6034   3331    	Dead: 0
85  3373.12   2.07366     33.4398   3331    	Dead: 0
86  3371.86   2.08988     33.7014   3331    	Dead: 0
87  3370.38   2.07946     33.5334   3331    	Dead: 0
88  3369.57   2.10006     33.8655   3326    	Dead: 0
89  3368.24   2.09996     33.864    3326    	Dead: 0
90  3367.46   2.215       35.719    3326    	Dead: 0
91  3366.6    2.18035     35.1603   3326    	Dead: 0
92  3365.15   2.262       36.477    3326    	Dead: 0
93  3364.47   2.27375     36.6664   3326    	Dead: 0
94  3363.61   2.32406     37.4777   3320    	Dead: 0
95  3362.83   2.28888     36.9105   3320    	Dead: 0
96  3362.34   2.2968      37.0383   3320    	Dead: 0
97  3359.88   2.27834     36.7406   3320    	Dead: 0
98  3359.05   2.29285     36.9745   3316    	Dead: 0
99  3358.92   2.39696     38.6534   3313    	Dead: 0
100 3357.02   2.30268     37.133    3313    	Dead: 0
