0   3994.38   1.63513     26.3682   3928    	Dead: 0
1   3925.65   1.08364     17.4748   3880    	Dead: 0
2   3887.19   0.724406    11.6818   3851    	Dead: 0
3   3858.69   0.633887    10.2221   3820    	Dead: 0
4   3836.8    0.652598    10.5238   3801    	Dead: 0
5   3813.84   0.694474    11.1991   3777    	Dead: 0
6   3786.25   0.787594    12.7007   3749    	Dead: 0
7   3760.64   0.701205    11.3076   3726    	Dead: 0
8   3742.43   0.632709    10.2031   3711    	Dead: 0
9   3729.84   0.635944    10.2552   3701    	Dead: 0
10  3716.21   0.695734    11.2194   3684    	Dead: 0
11  3704.15   0.724741    11.6872   3675    	Dead: 0
12  3695.68   0.736791    11.8815   3668    	Dead: 0
13  3689.18   0.783268    12.631    3657    	Dead: 0
14  3682.03   0.758616    12.2334   3651    	Dead: 0
15  3677.23   0.814106    13.1283   3651    	Dead: 0
16  3673.14   0.865332    13.9543   3650    	Dead: 0
17  3668.78   0.859361    13.8581   3639    	Dead: 0
18  3663.8    0.885224    14.2751   3632    	Dead: 0
19  3658.5    0.918485    14.8115   3626    	Dead: 0
20  3653.93   0.968616    15.6199   3625    	Dead: 0
21  3648.3    0.988301    15.9373   3618    	Dead: 0
22  3643.7    0.966947    15.593    3618    	Dead: 0
23  3641.47   1.0405      16.7791   3614    	Dead: 0
24  3638.89   1.05249     16.9725   3608    	Dead: 0
25  3636.01   1.06875     17.2347   3604    	Dead: 0
26  3633.05   1.10416     17.8056   3603    	Dead: 0
27  3630.18   1.14228     18.4204   3602    	Dead: 0
28  3626.93   1.13764     18.3455   3592    	Dead: 0
29  3625.24   1.20952     19.5047   3589    	Dead: 0
30  3623.14   1.22917     19.8216   3588    	Dead: 0
31  3622.19   1.32146     21.3099   3588    	Dead: 0
32  3618.86   1.27019     20.483    3583    	Dead: 0
33  3617.25   1.40007     22.5775   3579    	Dead: 0
34  3613.84   1.40077     22.5888   3579    	Dead: 0
35  3610.3    1.45625     23.4836   3577    	Dead: 0
36  3607.59   1.45346     23.4384   3574    	Dead: 0
37  3605.57   1.51446     24.4222   3572    	Dead: 0
38  3603.4    1.48658     23.9726   3569    	Dead: 0
39  3601.84   1.5456      24.9244   3567    	Dead: 0
40  3598.99   1.56109     25.1742   3567    	Dead: 0
41  3596.43   1.50827     24.3224   3564    	Dead: 0
42  3595.39   1.5757      25.4097   3564    	Dead: 0
43  3595.17   1.66308     26.8188   3560    	Dead: 0
44  3592.23   1.59565     25.7315   3559    	Dead: 0
45  3590.83   1.65614     26.7069   3555    	Dead: 0
46  3589.16   1.63739     26.4045   3555    	Dead: 0
47  3587.81   1.64182     26.4759   3554    	Dead: 0
48  3585.34   1.60056     25.8107   3554    	Dead: 0
49  3583.44   1.58203     25.5118   3553    	Dead: 0
50  3583.36   1.64748     26.5672   3553    	Dead: 0
51  3580.53   1.5818      25.5082   3548    	Dead: 0
52  3580.13   1.59764     25.7636   3548    	Dead: 0
53  3577.92   1.57463     25.3925   3546    	Dead: 0
54  3576.21   1.57526     25.4026   3545    	Dead: 0
55  3575.07   1.59317     25.6915   3545    	Dead: 0
56  3569.82   1.39088     22.4294   3540    	Dead: 0
57  3568.82   1.45761     23.5054   3539    	Dead: 0
58  3566.45   1.48501     23.9472   3529    	Dead: 0
59  3563.98   1.49223     24.0638   3525    	Dead: 0
60  3559.06   1.41182     22.7669   3525    	Dead: 0
61  3554.11   1.33994     21.608    3525    	Dead: 0
62  3550.23   1.32222     21.3221   3519    	Dead: 0
63  3546.59   1.25657     20.2634   3519    	Dead: 0
64  3542.72   1.23465     19.9099   3519    	Dead: 0
65  3541.37   1.26218     20.3539   3517    	Dead: 0
66  3538.48   1.29751     20.9237   3514    	Dead: 0
67  3537.78   1.33579     21.5409   3514    	Dead: 0
68  3535.99   1.28093     20.6562   3513    	Dead: 0
69  3533.76   1.23126     19.8552   3512    	Dead: 0
70  3532.3    1.27856     20.618    3504    	Dead: 0
71  3530.07   1.24363     20.0548   3504    	Dead: 0
72  3528.25   1.26236     20.3568   3504    	Dead: 0
73  3524.57   1.25066     20.1681   3500    	Dead: 0
74  3522.85   1.28338     20.6958   3499    	Dead: 0
75  3522.71   1.34643     21.7126   3499    	Dead: 0
76  3519.95   1.30659     21.0701   3494    	Dead: 0
77  3519.52   1.41507     22.8195   3494    	Dead: 0
78  3517.31   1.41776     22.8628   3489    	Dead: 0
79  3513.85   1.35099     21.786    3484    	Dead: 0
80  3510.99   1.33423     21.5157   3484    	Dead: 0
81  3507.55   1.32914     21.4338   3479    	Dead: 0
82  3505.84   1.38705     22.3675   3477    	Dead: 0
83  3502.16   1.32742     21.406    3470    	Dead: 0
84  3501.02   1.38792     22.3815   3470    	Dead: 0
85  3499.17   1.47235     23.7431   3465    	Dead: 0
86  3499.45   1.64727     26.564    3465    	Dead: 0
87  3495.7    1.57721     25.434    3461    	Dead: 0
88  3494.34   1.65142     26.6308   3456    	Dead: 0
89  3494.24   1.75521     28.3045   3456    	Dead: 0
90  3491.48   1.75987     28.3797   3456    	Dead: 0
91  3490.12   1.77515     28.6261   3455    	Dead: 0
92  3487.38   1.75324     28.2728   3453    	Dead: 0
93  3485.77   1.79639     28.9686   3453    	Dead: 0
94  3483.21   1.78673     28.8129   3449    	Dead: 0
95  3482.78   1.88753     30.4383   3449    	Dead: 0
96  3479.35   1.75837     28.3554   3444    	Dead: 0
97  3478.47   1.83334     29.5645   3444    	Dead: 0
98  3477.25   1.83404     29.5758   3444    	Dead: 0
99  3477.68   1.96458     31.6808   3441    	Dead: 0
100 3474.98   1.8563      29.9348   3439    	Dead: 0
