0   4773.68   3.50856     56.579    4596    	Dead: 0
1   4612.57   3.13459     50.5485   4459    	Dead: 0
2   4484.9    2.59396     41.8303   4329    	Dead: 0
3   4371.83   2.35899     38.0411   4270    	Dead: 0
4   4287.85   1.98569     32.0212   4180    	Dead: 0
5   4211.41   1.85704     29.9466   4109    	Dead: 0
6   4145.35   1.80497     29.107    4054    	Dead: 0
7   4081.94   1.76055     28.3907   3956    	Dead: 0
8   4019.27   1.84765     29.7952   3937    	Dead: 0
9   3964.57   1.44565     23.3125   3900    	Dead: 0
10  3928.61   1.3884      22.3894   3860    	Dead: 0
11  3890.87   1.42725     23.0158   3824    	Dead: 0
12  3856.99   1.22869     19.8139   3796    	Dead: 0
13  3830.25   1.19996     19.3505   3768    	Dead: 0
14  3805.73   1.19389     19.2526   3744    	Dead: 0
15  3784.2    1.20111     19.3691   3714    	Dead: 0
16  3759.26   1.16602     18.8033   3702    	Dead: 0
17  3736.15   1.18754     19.1503   3677    	Dead: 0
18  3715.83   1.17009     18.8689   3658    	Dead: 0
19  3697.65   1.12071     18.0726   3644    	Dead: 0
20  3684.74   1.17065     18.8779   3618    	Dead: 0
21  3671.69   1.22165     19.7003   3611    	Dead: 0
22  3657.24   1.20826     19.4844   3604    	Dead: 0
23  3640.32   1.24349     20.0526   3583    	Dead: 0
24  3624.93   1.2713      20.5011   3567    	Dead: 0
25  3610.35   1.16911     18.8531   3554    	Dead: 0
26  3598.32   1.23239     19.8736   3540    	Dead: 0
27  3586.02   1.23213     19.8693   3536    	Dead: 0
28  3572.03   1.17466     18.9426   3528    	Dead: 0
29  3562.32   1.22464     19.7486   3514    	Dead: 0
30  3553.95   1.19186     19.2199   3504    	Dead: 0
31  3545.58   1.11975     18.0571   3486    	Dead: 0
32  3537.21   1.14459     18.4576   3486    	Dead: 0
33  3528.43   1.24335     20.0503   3477    	Dead: 0
34  3519.88   1.22015     19.6761   3470    	Dead: 0
35  3514.83   1.25103     20.174    3467    	Dead: 0
36  3510.34   1.31497     21.2053   3464    	Dead: 0
37  3506.37   1.34982     21.7672   3464    	Dead: 0
38  3502.09   1.34156     21.634    3454    	Dead: 0
39  3496.95   1.36823     22.0641   3441    	Dead: 0
40  3492.23   1.32932     21.4366   3441    	Dead: 0
41  3490      1.38196     22.2856   3439    	Dead: 0
42  3487.8    1.45132     23.404    3439    	Dead: 0
43  3484.32   1.44972     23.3782   3439    	Dead: 0
44  3481.68   1.47879     23.8469   3433    	Dead: 0
45  3479.37   1.58994     25.6394   3429    	Dead: 0
46  3473.98   1.51952     24.5037   3415    	Dead: 0
47  3471.42   1.52626     24.6125   3415    	Dead: 0
48  3467.7    1.50236     24.2271   3415    	Dead: 0
49  3465.9    1.59134     25.662    3415    	Dead: 0
50  3461.22   1.51491     24.4294   3406    	Dead: 0
51  3458.47   1.60843     25.9375   3406    	Dead: 0
52  3456.31   1.61464     26.0378   3406    	Dead: 0
53  3453.15   1.55249     25.0354   3406    	Dead: 0
54  3451.64   1.66933     26.9196   3406    	Dead: 0
55  3447.88   1.52529     24.5968   3394    	Dead: 0
56  3448.28   1.66598     26.8657   3394    	Dead: 0
57  3445.27   1.66471     26.8451   3388    	Dead: 0
58  3441.73   1.68387     27.1541   3387    	Dead: 0
59  3439.06   1.69315     27.3038   3383    	Dead: 0
60  3435.75   1.70841     27.5498   3383    	Dead: 0
61  3433.27   1.6854      27.1787   3382    	Dead: 0
62  3427.49   1.68517     27.1751   3378    	Dead: 0
63  3420.74   1.61398     26.027    3368    	Dead: 0
64  3417.08   1.59922     25.789    3368    	Dead: 0
65  3413.43   1.63977     26.443    3364    	Dead: 0
66  3409.97   1.74292     28.1063   3361    	Dead: 0
67  3406.66   1.80229     29.0637   3352    	Dead: 0
68  3402.06   1.77898     28.6878   3352    	Dead: 0
69  3399.49   1.83786     29.6373   3352    	Dead: 0
70  3397.04   1.8744      30.2265   3350    	Dead: 0
71  3393.18   1.83832     29.6448   3346    	Dead: 0
72  3388.76   1.84705     29.7855   3346    	Dead: 0
73  3387.07   1.8727      30.1992   3346    	Dead: 0
74  3385.55   1.93045     31.1305   3341    	Dead: 0
75  3382.96   1.92861     31.1007   3339    	Dead: 0
76  3380.46   1.84992     29.8317   3335    	Dead: 0
77  3380.2    1.94889     31.4277   3333    	Dead: 0
78  3378.07   1.93747     31.2437   3326    	Dead: 0
79  3374.32   1.88844     30.453    3326    	Dead: 0
80  3373.09   1.98073     31.9412   3326    	Dead: 0
81  3369.75   1.90125     30.6596   3325    	Dead: 0
82  3368.35   2.01357     32.4709   3320    	Dead: 0
83  3364.01   1.94566     31.3757   3311    	Dead: 0
84  3362.45   1.98925     32.0786   3311    	Dead: 0
85  3360.28   2.02071     32.5859   3311    	Dead: 0
86  3357.04   2.05729     33.1759   3311    	Dead: 0
87  3353.87   1.98407     31.9952   3307    	Dead: 0
88  3352.34   2.02933     32.725    3300    	Dead: 0
89  3350.87   2.10524     33.9492   3300    	Dead: 0
90  3348.91   2.11028     34.0304   3300    	Dead: 0
91  3347.04   2.06224     33.2557   3300    	Dead: 0
92  3344.37   2.08213     33.5765   3300    	Dead: 0
93  3342.92   2.11773     34.1505   3295    	Dead: 0
94  3341.89   2.20438     35.5479   3293    	Dead: 0
95  3339.89   2.17247     35.0332   3288    	Dead: 0
96  3336.41   2.16891     34.9759   3280    	Dead: 0
97  3331.79   2.11389     34.0886   3279    	Dead: 0
98  3328.04   2.12538     34.2738   3269    	Dead: 0
99  3325.81   2.19375     35.3764   3269    	Dead: 0
100 3319.3    2.18363     35.2132   3264    	Dead: 0
