0   4777.02   3.52879     56.9053   4605    	Dead: 0
1   4614.11   3.13802     50.6037   4463    	Dead: 0
2   4491.54   2.57025     41.4478   4370    	Dead: 0
3   4390.75   2.20456     35.5507   4253    	Dead: 0
4   4304.02   2.11949     34.1788   4192    	Dead: 0
5   4220.99   1.86722     30.1109   4122    	Dead: 0
6   4150.08   1.8659      30.0895   4062    	Dead: 0
7   4080.03   1.60335     25.8557   4002    	Dead: 0
8   4033.25   1.40736     22.6951   3957    	Dead: 0
9   3988.88   1.42454     22.9721   3909    	Dead: 0
10  3948.13   1.32586     21.3809   3871    	Dead: 0
11  3910.53   1.30694     21.0757   3832    	Dead: 0
12  3877.59   1.23177     19.8635   3819    	Dead: 0
13  3850.77   1.08767     17.5398   3789    	Dead: 0
14  3831.33   1.06211     17.1275   3776    	Dead: 0
15  3810.84   1.2048      19.4285   3754    	Dead: 0
16  3784.82   1.27351     20.5366   3715    	Dead: 0
17  3760.54   1.12044     18.0682   3696    	Dead: 0
18  3743.19   1.13565     18.3135   3687    	Dead: 0
19  3728.59   1.11812     18.0309   3670    	Dead: 0
20  3714.56   1.11351     17.9565   3661    	Dead: 0
21  3700.27   1.20841     19.4869   3638    	Dead: 0
22  3683.27   1.17755     18.9892   3632    	Dead: 0
23  3666.85   1.1434      18.4384   3614    	Dead: 0
24  3652.59   1.10752     17.8599   3611    	Dead: 0
25  3640.35   1.06405     17.1589   3593    	Dead: 0
26  3629.92   1.05576     17.0252   3580    	Dead: 0
27  3621.98   1.0731      17.3049   3579    	Dead: 0
28  3612.38   1.09606     17.675    3570    	Dead: 0
29  3604.86   1.12124     18.0811   3569    	Dead: 0
30  3597.5    1.0504      16.9387   3562    	Dead: 0
31  3592.38   1.10631     17.8404   3558    	Dead: 0
32  3586.66   1.10348     17.7947   3540    	Dead: 0
33  3581.34   1.14494     18.4632   3540    	Dead: 0
34  3576.39   1.19497     19.2701   3539    	Dead: 0
35  3568.58   1.22188     19.704    3521    	Dead: 0
36  3562.75   1.22204     19.7066   3501    	Dead: 0
37  3555.28   1.24717     20.1118   3500    	Dead: 0
38  3546.33   1.24281     20.0416   3488    	Dead: 0
39  3536.81   1.26008     20.3201   3488    	Dead: 0
40  3528.27   1.2654      20.4059   3480    	Dead: 0
41  3519.13   1.1949      19.269    3470    	Dead: 0
42  3512.01   1.19436     19.2603   3449    	Dead: 0
43  3505.7    1.19998     19.3509   3449    	Dead: 0
44  3501.86   1.23958     19.9895   3449    	Dead: 0
45  3496.38   1.24043     20.0031   3449    	Dead: 0
46  3491.97   1.22808     19.804    3449    	Dead: 0
47  3488.6    1.30621     21.064    3431    	Dead: 0
48  3483.4    1.27341     20.535    3431    	Dead: 0
49  3478.71   1.25805     20.2873   3431    	Dead: 0
50  3473.81   1.27787     20.6069   3431    	Dead: 0
51  3469.52   1.30054     20.9726   3424    	Dead: 0
52  3464.71   1.40049     22.5843   3421    	Dead: 0
53  3458.4    1.37071     22.1041   3403    	Dead: 0
54  3452.31   1.36821     22.0637   3403    	Dead: 0
55  3445.78   1.33303     21.4965   3396    	Dead: 0
56  3441.21   1.41217     22.7727   3396    	Dead: 0
57  3436.67   1.43247     23.1001   3384    	Dead: 0
58  3433.13   1.47398     23.7693   3381    	Dead: 0
59  3427.18   1.44742     23.3412   3372    	Dead: 0
60  3424.63   1.53538     24.7595   3372    	Dead: 0
61  3419.3    1.51485     24.4285   3358    	Dead: 0
62  3415.7    1.52541     24.5988   3357    	Dead: 0
63  3411.21   1.5718      25.3468   3357    	Dead: 0
64  3406.93   1.604       25.8661   3354    	Dead: 0
65  3402.14   1.5906      25.65     3353    	Dead: 0
66  3398.11   1.55394     25.0588   3352    	Dead: 0
67  3395.19   1.60608     25.8996   3346    	Dead: 0
68  3392.63   1.62092     26.1389   3344    	Dead: 0
69  3390.32   1.6709      26.945    3339    	Dead: 0
70  3386.9    1.65704     26.7214   3339    	Dead: 0
71  3384.55   1.62999     26.2853   3338    	Dead: 0
72  3382.89   1.6883      27.2256   3338    	Dead: 0
73  3380.64   1.65183     26.6375   3333    	Dead: 0
74  3379.25   1.72285     27.7826   3333    	Dead: 0
75  3376.19   1.71841     27.7111   3329    	Dead: 0
76  3374.03   1.70828     27.5477   3322    	Dead: 0
77  3372.34   1.7644      28.4528   3316    	Dead: 0
78  3368.05   1.66372     26.8292   3311    	Dead: 0
79  3366.34   1.8038      29.088    3311    	Dead: 0
80  3363.16   1.75909     28.3671   3308    	Dead: 0
81  3362.12   1.83741     29.6301   3308    	Dead: 0
82  3359.09   1.80569     29.1185   3302    	Dead: 0
83  3354.75   1.8543      29.9024   3293    	Dead: 0
84  3352.06   1.89648     30.5826   3293    	Dead: 0
85  3348.68   1.89135     30.4999   3293    	Dead: 0
86  3347.13   1.95494     31.5254   3292    	Dead: 0
87  3346.4    2.10612     33.9633   3289    	Dead: 0
88  3342.72   2.06447     33.2917   3289    	Dead: 0
89  3340.32   2.02571     32.6666   3289    	Dead: 0
90  3338.97   2.12334     34.241    3284    	Dead: 0
91  3335.15   2.0783      33.5146   3284    	Dead: 0
92  3334.68   2.1753      35.0788   3272    	Dead: 0
93  3333.97   2.22113     35.8179   3272    	Dead: 0
94  3332.21   2.13639     34.4514   3272    	Dead: 0
95  3331.94   2.20466     35.5523   3272    	Dead: 0
96  3330.15   2.17728     35.1108   3270    	Dead: 0
97  3330.65   2.30148     37.1136   3270    	Dead: 0
98  3329.45   2.34904     37.8806   3270    	Dead: 0
99  3329.17   2.35465     37.9712   3269    	Dead: 0
100 3326.92   2.28907     36.9135   3269    	Dead: 0
