0   4773.79   3.58602     57.8282   4594    	Dead: 0
1   4486.28   2.54783     41.0863   4359    	Dead: 0
2   4281.17   2.38934     38.5305   4165    	Dead: 0
3   4129.02   1.72637     27.8395   4054    	Dead: 0
4   4015.4    1.45467     23.458    3944    	Dead: 0
5   3937.13   1.24838     20.1314   3883    	Dead: 0
6   3885.31   1.11906     18.0459   3834    	Dead: 0
7   3834.32   1.21082     19.5258   3774    	Dead: 0
8   3785.66   1.12081     18.0742   3730    	Dead: 0
9   3745.48   1.01742     16.4069   3694    	Dead: 0
10  3713.77   1.00444     16.1976   3668    	Dead: 0
11  3685.28   1.03113     16.628    3634    	Dead: 0
12  3651.45   1.08684     17.5263   3598    	Dead: 0
13  3619.39   1.15029     18.5496   3567    	Dead: 0
14  3596.68   1.13574     18.3149   3560    	Dead: 0
15  3572.88   1.17758     18.9897   3525    	Dead: 0
16  3551.33   1.19097     19.2056   3506    	Dead: 0
17  3533.46   1.15876     18.6861   3484    	Dead: 0
18  3518.73   1.28741     20.7608   3472    	Dead: 0
19  3506.1    1.2506      20.1671   3461    	Dead: 0
20  3495.35   1.29412     20.8689   3454    	Dead: 0
21  3486.78   1.31598     21.2214   3431    	Dead: 0
22  3474.74   1.32911     21.4333   3431    	Dead: 0
23  3465.4    1.39038     22.4213   3421    	Dead: 0
24  3457.55   1.40193     22.6075   3415    	Dead: 0
25  3451.97   1.4261      22.9973   3415    	Dead: 0
26  3445.32   1.48779     23.992    3385    	Dead: 0
27  3441.62   1.59941     25.7921   3385    	Dead: 0
28  3432.9    1.57757     25.4399   3374    	Dead: 0
29  3424.07   1.54802     24.9634   3374    	Dead: 0
30  3416.45   1.70445     27.486    3362    	Dead: 0
31  3410.02   1.72868     27.8767   3360    	Dead: 0
32  3401.63   1.6767      27.0385   3353    	Dead: 0
33  3396.08   1.74126     28.0796   3350    	Dead: 0
34  3389.64   1.6619      26.7998   3341    	Dead: 0
35  3385.39   1.79966     29.0213   3335    	Dead: 0
36  3379.12   1.78335     28.7582   3325    	Dead: 0
37  3372.49   1.73789     28.0252   3311    	Dead: 0
38  3368.96   1.86304     30.0434   3311    	Dead: 0
39  3364.6    1.99483     32.1687   3309    	Dead: 0
40  3357.91   1.96133     31.6284   3303    	Dead: 0
41  3353.99   2.01547     32.5014   3299    	Dead: 0
42  3346.83   2.034       32.8003   3299    	Dead: 0
43  3340.19   2.0415      32.9212   3278    	Dead: 0
44  3335.01   2.1239      34.2499   3275    	Dead: 0
45  3328.42   2.13669     34.4562   3275    	Dead: 0
46  3323.2    2.09832     33.8375   3272    	Dead: 0
47  3321.04   2.20976     35.6346   3272    	Dead: 0
48  3316.4    2.13809     34.4788   3267    	Dead: 0
49  3309.17   2.06817     33.3513   3260    	Dead: 0
50  3305.89   2.10887     34.0076   3258    	Dead: 0
51  3302.51   2.13736     34.4671   3254    	Dead: 0
52  3300.49   2.22858     35.938    3252    	Dead: 0
53  3294.84   2.12692     34.2986   3249    	Dead: 0
54  3291.69   2.16319     34.8836   3243    	Dead: 0
55  3291.11   2.21487     35.717    3240    	Dead: 0
56  3287.09   2.16802     34.9614   3234    	Dead: 0
57  3285.38   2.20777     35.6026   3234    	Dead: 0
58  3281.38   2.18933     35.3051   3229    	Dead: 0
59  3279.49   2.20759     35.5996   3229    	Dead: 0
60  3277.37   2.2309      35.9756   3223    	Dead: 0
61  3273.1    2.16611     34.9307   3220    	Dead: 0
62  3270.61   2.21092     35.6534   3220    	Dead: 0
63  3267.17   2.20782     35.6034   3214    	Dead: 0
64  3265.21   2.21665     35.7457   3211    	Dead: 0
65  3260.59   2.20092     35.4921   3207    	Dead: 0
66  3258.9    2.35404     37.9612   3202    	Dead: 0
67  3254.37   2.23177     35.9895   3202    	Dead: 0
68  3250.92   2.25684     36.3938   3192    	Dead: 0
69  3246.79   2.27941     36.7577   3192    	Dead: 0
70  3245.4    2.34969     37.891    3187    	Dead: 0
71  3240.76   2.31066     37.2617   3182    	Dead: 0
72  3236.92   2.29608     37.0266   3182    	Dead: 0
73  3235.25   2.3185      37.3881   3182    	Dead: 0
74  3231.7    2.25577     36.3766   3180    	Dead: 0
75  3229.9    2.423       39.0733   3177    	Dead: 0
76  3228.12   2.3959      38.6362   3177    	Dead: 0
77  3223.62   2.30721     37.2061   3172    	Dead: 0
78  3222.12   2.39372     38.6012   3172    	Dead: 0
79  3220.35   2.38934     38.5305   3167    	Dead: 0
80  3215      2.34804     37.8645   3167    	Dead: 0
81  3215.64   2.40475     38.779    3158    	Dead: 0
82  3211.6    2.43319     39.2377   3158    	Dead: 0
83  3209.87   2.41641     38.967    3154    	Dead: 0
84  3206.23   2.36106     38.0745   3154    	Dead: 0
85  3204.85   2.48548     40.0808   3140    	Dead: 0
86  3200.5    2.46344     39.7254   3140    	Dead: 0
87  3198.99   2.50917     40.4628   3138    	Dead: 0
88  3196.43   2.54848     41.0968   3138    	Dead: 0
89  3194.08   2.61425     42.1573   3133    	Dead: 0
90  3191.2    2.56234     41.3204   3133    	Dead: 0
91  3189.57   2.55266     41.1641   3127    	Dead: 0
92  3186.75   2.6571      42.8484   3127    	Dead: 0
93  3184.33   2.64735     42.6911   3127    	Dead: 0
94  3181.07   2.66087     42.9092   3115    	Dead: 0
95  3180.33   2.73607     44.1219   3115    	Dead: 0
96  3178.63   2.67023     43.0601   3115    	Dead: 0
97  3176.55   2.65836     42.8687   3115    	Dead: 0
98  3174.41   2.74147     44.2089   3114    	Dead: 0
99  3171.35   2.68955     43.3717   3113    	Dead: 0
100 3170.94   2.73637     44.1267   3113    	Dead: 0
