0   4775.07   3.66434     59.0912   4580    	Dead: 0
1   4477.05   2.75469     44.4221   4348    	Dead: 0
2   4277.66   2.10543     33.9521   4182    	Dead: 0
3   4135.64   1.8345      29.5831   4036    	Dead: 0
4   4013.72   1.73266     27.9409   3915    	Dead: 0
5   3939.74   1.32778     21.4118   3885    	Dead: 0
6   3879.52   1.17384     18.9293   3820    	Dead: 0
7   3839.72   1.24648     20.1007   3773    	Dead: 0
8   3807.72   1.24814     20.1275   3751    	Dead: 0
9   3777.91   1.25239     20.196    3717    	Dead: 0
10  3736.7    1.15068     18.5559   3683    	Dead: 0
11  3707.11   1.1964      19.2931   3657    	Dead: 0
12  3679.87   1.19824     19.3228   3631    	Dead: 0
13  3649.96   1.26875     20.4599   3595    	Dead: 0
14  3619.49   1.20101     19.3675   3571    	Dead: 0
15  3600.33   1.2035      19.4076   3550    	Dead: 0
16  3587.91   1.33274     21.4918   3543    	Dead: 0
17  3574.24   1.29698     20.9151   3531    	Dead: 0
18  3556.09   1.31927     21.2745   3506    	Dead: 0
19  3535.5    1.22628     19.775    3476    	Dead: 0
20  3520.5    1.3256      21.3766   3465    	Dead: 0
21  3511.35   1.39499     22.4956   3465    	Dead: 0
22  3504.94   1.48416     23.9335   3456    	Dead: 0
23  3497.2    1.51981     24.5084   3444    	Dead: 0
24  3489.62   1.54167     24.861    3435    	Dead: 0
25  3478.7    1.45559     23.4728   3424    	Dead: 0
26  3467.63   1.49221     24.0633   3416    	Dead: 0
27  3453.19   1.37913     22.2399   3402    	Dead: 0
28  3441.9    1.31517     21.2084   3400    	Dead: 0
29  3435.72   1.45476     23.4594   3389    	Dead: 0
30  3429.45   1.46176     23.5723   3384    	Dead: 0
31  3423.66   1.49596     24.1239   3384    	Dead: 0
32  3415.8    1.48344     23.922    3373    	Dead: 0
33  3407.7    1.47684     23.8155   3354    	Dead: 0
34  3398.22   1.53524     24.7572   3352    	Dead: 0
35  3387.12   1.4854      23.9536   3341    	Dead: 0
36  3379.25   1.53497     24.7529   3335    	Dead: 0
37  3372.1    1.65118     26.627    3327    	Dead: 0
38  3362.55   1.59249     25.6805   3320    	Dead: 0
39  3355.73   1.70833     27.5485   3316    	Dead: 0
40  3347.8    1.75194     28.2519   3305    	Dead: 0
41  3338.98   1.70104     27.431    3289    	Dead: 0
42  3331.77   1.78515     28.7873   3284    	Dead: 0
43  3323.63   1.69774     27.3777   3280    	Dead: 0
44  3317.45   1.76655     28.4873   3278    	Dead: 0
45  3313.82   1.91752     30.922    3269    	Dead: 0
46  3304.33   1.73207     27.9314   3261    	Dead: 0
47  3297.83   1.82823     29.482    3250    	Dead: 0
48  3290.43   1.7932      28.9172   3243    	Dead: 0
49  3285.49   1.92886     31.1049   3234    	Dead: 0
50  3278.36   1.89928     30.6278   3229    	Dead: 0
51  3270.65   1.87104     30.1724   3220    	Dead: 0
52  3265.22   1.93186     31.1532   3220    	Dead: 0
53  3259.8    1.90437     30.7099   3217    	Dead: 0
54  3256.49   1.9734      31.8231   3206    	Dead: 0
55  3252.67   1.99029     32.0955   3204    	Dead: 0
56  3248.93   2.06018     33.2225   3198    	Dead: 0
57  3244.57   2.03745     32.8559   3194    	Dead: 0
58  3240.06   2.08723     33.6587   3188    	Dead: 0
59  3236.66   2.16418     34.8996   3184    	Dead: 0
60  3232.44   2.22837     35.9347   3173    	Dead: 0
61  3227.31   2.31323     37.3031   3164    	Dead: 0
62  3223.37   2.30015     37.0923   3164    	Dead: 0
63  3219.43   2.34141     37.7576   3164    	Dead: 0
64  3215.42   2.346       37.8316   3152    	Dead: 0
65  3211.77   2.45011     39.5104   3150    	Dead: 0
66  3209.17   2.42093     39.0399   3150    	Dead: 0
67  3206.68   2.33399     37.638    3150    	Dead: 0
68  3202.42   2.35571     37.9882   3150    	Dead: 0
69  3200.09   2.37523     38.3029   3149    	Dead: 0
70  3196.8    2.29952     37.0821   3137    	Dead: 0
71  3194.55   2.45322     39.5607   3134    	Dead: 0
72  3191.14   2.35383     37.9579   3134    	Dead: 0
73  3188.04   2.36869     38.1975   3130    	Dead: 0
74  3184.11   2.44884     39.4899   3125    	Dead: 0
75  3180.35   2.40528     38.7876   3121    	Dead: 0
76  3177.03   2.41211     38.8976   3119    	Dead: 0
77  3174      2.49549     40.2423   3114    	Dead: 0
78  3171.12   2.46722     39.7864   3109    	Dead: 0
79  3167.84   2.57865     41.5834   3109    	Dead: 0
80  3165.49   2.65006     42.7349   3109    	Dead: 0
81  3163.62   2.7151      43.7838   3105    	Dead: 0
82  3159.68   2.6424      42.6114   3100    	Dead: 0
83  3159.51   2.76365     44.5666   3094    	Dead: 0
84  3156.8    2.84119     45.8171   3094    	Dead: 0
85  3151.97   2.71706     43.8153   3094    	Dead: 0
86  3152.26   2.79179     45.0204   3094    	Dead: 0
87  3148.72   2.7552      44.4304   3093    	Dead: 0
88  3144.95   2.67401     43.121    3089    	Dead: 0
89  3142.91   2.76025     44.5117   3083    	Dead: 0
90  3141.37   2.8105      45.322    3081    	Dead: 0
91  3137.6    2.69725     43.4959   3080    	Dead: 0
92  3136.56   2.81576     45.4069   3074    	Dead: 0
93  3135.63   2.76819     44.6398   3074    	Dead: 0
94  3134.57   3.02969     48.8567   3073    	Dead: 0
95  3130.53   2.91144     46.9499   3073    	Dead: 0
96  3128.47   2.81038     45.3203   3068    	Dead: 0
97  3126.73   2.77835     44.8037   3068    	Dead: 0
98  3126.43   2.89353     46.661    3068    	Dead: 0
99  3123.82   2.89402     46.6689   3067    	Dead: 0
100 3123.07   2.93409     47.3151   3060    	Dead: 0
