0   4773.14   3.46662     55.9028   4601    	Dead: 0
1   4610.82   3.41042     54.9964   4442    	Dead: 0
2   4470.79   2.72279     43.9077   4345    	Dead: 0
3   4361.54   2.26953     36.5985   4237    	Dead: 0
4   4280.25   1.85621     29.9333   4190    	Dead: 0
5   4218.05   1.79247     28.9054   4122    	Dead: 0
6   4156.1    1.69894     27.397    4080    	Dead: 0
7   4101.1    1.6076      25.9241   4023    	Dead: 0
8   4047.65   1.57712     25.4327   3955    	Dead: 0
9   4000.37   1.54469     24.9097   3910    	Dead: 0
10  3952.38   1.582       25.5114   3861    	Dead: 0
11  3908.76   1.3431      21.6588   3828    	Dead: 0
12  3875.12   1.22922     19.8225   3819    	Dead: 0
13  3851.12   1.15464     18.6198   3788    	Dead: 0
14  3830.43   1.26806     20.4487   3774    	Dead: 0
15  3806.16   1.24716     20.1118   3755    	Dead: 0
16  3785.87   1.1597      18.7013   3726    	Dead: 0
17  3765.72   1.15758     18.6672   3704    	Dead: 0
18  3741.48   1.13477     18.2993   3687    	Dead: 0
19  3720.93   1.0873      17.5337   3663    	Dead: 0
20  3702.35   1.03756     16.7316   3658    	Dead: 0
21  3687.72   1.09384     17.6392   3623    	Dead: 0
22  3670.37   1.13511     18.3048   3616    	Dead: 0
23  3654.07   1.15348     18.6009   3604    	Dead: 0
24  3637.89   1.12631     18.1629   3585    	Dead: 0
25  3622.97   1.10976     17.8961   3555    	Dead: 0
26  3612.09   1.19785     19.3165   3551    	Dead: 0
27  3597.8    1.24023     20        3540    	Dead: 0
28  3585.24   1.27231     20.5173   3530    	Dead: 0
29  3574.65   1.2857      20.7333   3527    	Dead: 0
30  3566.61   1.30158     20.9893   3521    	Dead: 0
31  3558.97   1.31617     21.2245   3508    	Dead: 0
32  3552.7    1.2785      20.6171   3508    	Dead: 0
33  3546.95   1.35599     21.8666   3496    	Dead: 0
34  3539.12   1.35601     21.8671   3485    	Dead: 0
35  3530.82   1.27096     20.4954   3485    	Dead: 0
36  3523.23   1.27646     20.5841   3479    	Dead: 0
37  3515.85   1.25252     20.1982   3471    	Dead: 0
38  3508.83   1.289       20.7864   3465    	Dead: 0
39  3500.54   1.21245     19.552    3462    	Dead: 0
40  3494.22   1.24422     20.0643   3454    	Dead: 0
41  3487.35   1.25467     20.2327   3441    	Dead: 0
42  3478.56   1.15845     18.6812   3430    	Dead: 0
43  3472.17   1.18241     19.0675   3428    	Dead: 0
44  3464.83   1.23584     19.9291   3424    	Dead: 0
45  3457.24   1.14948     18.5366   3419    	Dead: 0
46  3450.74   1.22395     19.7373   3402    	Dead: 0
47  3443.26   1.15207     18.5783   3402    	Dead: 0
48  3436.4    1.18262     19.071    3387    	Dead: 0
49  3431.01   1.2089      19.4947   3387    	Dead: 0
50  3426.89   1.18596     19.1248   3387    	Dead: 0
51  3422.19   1.19029     19.1947   3370    	Dead: 0
52  3417.29   1.18569     19.1204   3370    	Dead: 0
53  3412.56   1.19501     19.2707   3370    	Dead: 0
54  3407.81   1.22318     19.725    3362    	Dead: 0
55  3403.1    1.17873     19.0083   3358    	Dead: 0
56  3398.57   1.19286     19.2361   3358    	Dead: 0
57  3394.7    1.23007     19.8362   3355    	Dead: 0
58  3389.19   1.18507     19.1104   3342    	Dead: 0
59  3385.46   1.25324     20.2098   3342    	Dead: 0
60  3382.01   1.20719     19.4672   3340    	Dead: 0
61  3378.61   1.21745     19.6326   3339    	Dead: 0
62  3375.27   1.26687     20.4295   3337    	Dead: 0
63  3372.4    1.27946     20.6325   3334    	Dead: 0
64  3369.64   1.33947     21.6002   3332    	Dead: 0
65  3364.74   1.28758     20.7636   3324    	Dead: 0
66  3361.8    1.35934     21.9207   3322    	Dead: 0
67  3356.74   1.31361     21.1832   3313    	Dead: 0
68  3352.98   1.34468     21.6844   3311    	Dead: 0
69  3348.4    1.29585     20.8969   3310    	Dead: 0
70  3345.64   1.35362     21.8285   3299    	Dead: 0
71  3339.68   1.25735     20.2761   3299    	Dead: 0
72  3337.75   1.37194     22.1239   3297    	Dead: 0
73  3333.13   1.24903     20.1419   3294    	Dead: 0
74  3332.02   1.44071     23.2329   3289    	Dead: 0
75  3328.12   1.40221     22.612    3276    	Dead: 0
76  3324.45   1.32605     21.3839   3276    	Dead: 0
77  3321.95   1.39715     22.5305   3276    	Dead: 0
78  3319.83   1.44756     23.3433   3273    	Dead: 0
79  3316.41   1.38684     22.3642   3273    	Dead: 0
80  3313.12   1.41986     22.8966   3273    	Dead: 0
81  3311.69   1.48935     24.0173   3273    	Dead: 0
82  3306.92   1.39988     22.5745   3267    	Dead: 0
83  3305.27   1.4566      23.4891   3258    	Dead: 0
84  3301.6    1.46985     23.7029   3258    	Dead: 0
85  3298.58   1.41353     22.7945   3258    	Dead: 0
86  3296.35   1.49818     24.1596   3249    	Dead: 0
87  3292.52   1.42943     23.0511   3245    	Dead: 0
88  3289.92   1.49212     24.062    3242    	Dead: 0
89  3285.49   1.37866     22.2323   3242    	Dead: 0
90  3282.22   1.3815      22.2781   3237    	Dead: 0
91  3280.41   1.49024     24.0316   3234    	Dead: 0
92  3275.62   1.43203     23.0929   3233    	Dead: 0
93  3271.46   1.49668     24.1355   3224    	Dead: 0
94  3267.15   1.43798     23.1888   3224    	Dead: 0
95  3262.66   1.43737     23.1791   3215    	Dead: 0
96  3258.62   1.45233     23.4203   3215    	Dead: 0
97  3253.88   1.44009     23.2228   3208    	Dead: 0
98  3248.9    1.40965     22.732    3208    	Dead: 0
99  3244.8    1.3234      21.3412   3205    	Dead: 0
100 3242.71   1.42528     22.984    3204    	Dead: 0
