0   4773.22   3.62377     58.4368   4594    	Dead: 0
1   4611.76   3.20775     51.7281   4435    	Dead: 0
2   4488.22   2.55469     41.1969   4369    	Dead: 0
3   4388.34   2.16951     34.9856   4282    	Dead: 0
4   4306.95   1.94057     31.2937   4202    	Dead: 0
5   4222.47   2.17488     35.0721   4126    	Dead: 0
6   4143.85   1.79103     28.8822   4053    	Dead: 0
7   4087      1.61521     26.0468   3998    	Dead: 0
8   4038.25   1.56142     25.1794   3943    	Dead: 0
9   3993.51   1.54783     24.9603   3906    	Dead: 0
10  3950.62   1.45896     23.5272   3876    	Dead: 0
11  3910.49   1.51642     24.4538   3820    	Dead: 0
12  3875.22   1.32698     21.3989   3814    	Dead: 0
13  3848.55   1.26929     20.4685   3783    	Dead: 0
14  3826.92   1.37034     22.0981   3759    	Dead: 0
15  3803.85   1.33464     21.5224   3734    	Dead: 0
16  3784.57   1.42842     23.0347   3706    	Dead: 0
17  3761.11   1.39866     22.5549   3696    	Dead: 0
18  3737.19   1.39874     22.556    3665    	Dead: 0
19  3713.94   1.29698     20.9151   3652    	Dead: 0
20  3695.48   1.31503     21.2062   3625    	Dead: 0
21  3680.36   1.26045     20.326    3625    	Dead: 0
22  3666.14   1.21918     19.6606   3620    	Dead: 0
23  3655.15   1.25255     20.1986   3611    	Dead: 0
24  3646.03   1.21046     19.5199   3597    	Dead: 0
25  3638.32   1.18676     19.1376   3580    	Dead: 0
26  3630.73   1.21036     19.5182   3580    	Dead: 0
27  3624.28   1.21476     19.5892   3572    	Dead: 0
28  3617.51   1.21157     19.5379   3572    	Dead: 0
29  3611.41   1.2761      20.5783   3560    	Dead: 0
30  3603.57   1.23825     19.9681   3560    	Dead: 0
31  3596.44   1.29817     20.9342   3525    	Dead: 0
32  3587.89   1.31922     21.2738   3525    	Dead: 0
33  3574.75   1.22928     19.8234   3523    	Dead: 0
34  3561.48   1.26566     20.41     3504    	Dead: 0
35  3551.58   1.28919     20.7895   3499    	Dead: 0
36  3544.61   1.26653     20.4241   3498    	Dead: 0
37  3537.61   1.31684     21.2354   3495    	Dead: 0
38  3528.33   1.28625     20.7421   3477    	Dead: 0
39  3517.34   1.2648      20.3961   3467    	Dead: 0
40  3509.46   1.33328     21.5004   3465    	Dead: 0
41  3499.3    1.26744     20.4388   3458    	Dead: 0
42  3492.17   1.30485     21.042    3439    	Dead: 0
43  3485.19   1.34825     21.7418   3439    	Dead: 0
44  3477.06   1.29317     20.8537   3434    	Dead: 0
45  3469.7    1.31459     21.1991   3432    	Dead: 0
46  3463.79   1.3055      21.0525   3420    	Dead: 0
47  3458.03   1.28147     20.6649   3418    	Dead: 0
48  3454.97   1.38135     22.2757   3409    	Dead: 0
49  3449.41   1.27663     20.5869   3401    	Dead: 0
50  3444.55   1.41476     22.8145   3394    	Dead: 0
51  3437.95   1.27867     20.6198   3394    	Dead: 0
52  3433.62   1.32745     21.4065   3388    	Dead: 0
53  3427.41   1.29555     20.8921   3388    	Dead: 0
54  3423.68   1.37549     22.1812   3383    	Dead: 0
55  3418.93   1.37529     22.178    3374    	Dead: 0
56  3414      1.4036      22.6344   3363    	Dead: 0
57  3407.62   1.43933     23.2107   3363    	Dead: 0
58  3399.98   1.33602     21.5447   3354    	Dead: 0
59  3393.4    1.29728     20.92     3345    	Dead: 0
60  3389.11   1.44143     23.2446   3335    	Dead: 0
61  3384.07   1.41958     22.8922   3335    	Dead: 0
62  3380.85   1.46386     23.6062   3324    	Dead: 0
63  3377.16   1.4925      24.068    3324    	Dead: 0
64  3373.3    1.46149     23.568    3324    	Dead: 0
65  3370.42   1.51477     24.4271   3324    	Dead: 0
66  3367.25   1.58261     25.5212   3323    	Dead: 0
67  3363.59   1.50354     24.2461   3318    	Dead: 0
68  3359.61   1.4775      23.8262   3316    	Dead: 0
69  3355.76   1.48517     23.9498   3316    	Dead: 0
70  3352.28   1.47928     23.8549   3309    	Dead: 0
71  3349.1    1.56608     25.2546   3292    	Dead: 0
72  3344.93   1.52616     24.6109   3292    	Dead: 0
73  3341.41   1.57353     25.3747   3292    	Dead: 0
74  3337.85   1.51081     24.3633   3292    	Dead: 0
75  3335.12   1.56996     25.3172   3292    	Dead: 0
76  3331.42   1.55684     25.1056   3274    	Dead: 0
77  3329.57   1.59897     25.785    3274    	Dead: 0
78  3327.23   1.68592     27.1871   3274    	Dead: 0
79  3324.53   1.71153     27.6001   3273    	Dead: 0
80  3319.98   1.63682     26.3954   3273    	Dead: 0
81  3317.23   1.73033     27.9034   3271    	Dead: 0
82  3313.19   1.66892     26.913    3264    	Dead: 0
83  3310.11   1.66069     26.7803   3263    	Dead: 0
84  3306.95   1.70085     27.4279   3263    	Dead: 0
85  3303.46   1.7435      28.1156   3257    	Dead: 0
86  3301.2    1.70485     27.4924   3241    	Dead: 0
87  3297.49   1.72364     27.7955   3241    	Dead: 0
88  3293.3    1.74795     28.1875   3241    	Dead: 0
89  3289.39   1.66771     26.8935   3241    	Dead: 0
90  3284.74   1.63303     26.3342   3240    	Dead: 0
91  3281.47   1.62027     26.1285   3240    	Dead: 0
92  3278.43   1.66141     26.7919   3233    	Dead: 0
93  3276.93   1.71822     27.7081   3232    	Dead: 0
94  3274.34   1.76872     28.5224   3231    	Dead: 0
95  3271.97   1.77035     28.5487   3230    	Dead: 0
96  3269.71   1.76748     28.5024   3230    	Dead: 0
97  3266.34   1.71382     27.6371   3230    	Dead: 0
98  3264.73   1.68743     27.2116   3224    	Dead: 0
99  3263.66   1.80055     29.0357   3224    	Dead: 0
100 3261.8    1.83629     29.612    3221    	Dead: 0
