0   5902.87   4.35187     70.1783   5660    	Dead: 0
1   5730.44   3.51463     56.677    5541    	Dead: 0
2   5593.94   3.58224     57.7672   5408    	Dead: 0
3   5456.09   3.41364     55.0483   5277    	Dead: 0
4   5352.26   2.97793     48.0221   5187    	Dead: 0
5   5257.37   2.71997     43.8622   5126    	Dead: 0
6   5183.18   2.34207     37.7681   5052    	Dead: 0
7   5123.02   2.26453     36.5178   4999    	Dead: 0
8   5059.49   2.37683     38.3287   4943    	Dead: 0
9   4999      2.31368     37.3104   4889    	Dead: 0
10  4944.41   2.20488     35.5558   4836    	Dead: 0
11  4899.2    2.08085     33.5558   4808    	Dead: 0
12  4858.93   2.07578     33.474    4766    	Dead: 0
13  4824.8    2.11306     34.0753   4728    	Dead: 0
14  4788.23   2.14757     34.6317   4687    	Dead: 0
15  4746.57   2.11793     34.1537   4614    	Dead: 0
16  4701.66   2.05809     33.1888   4614    	Dead: 0
17  4665.19   1.88803     30.4464   4583    	Dead: 0
18  4627.48   2.02417     32.6417   4513    	Dead: 0
19  4577.95   2.06296     33.2674   4441    	Dead: 0
20  4530.5    1.94685     31.395    4441    	Dead: 0
21  4492.3    1.87446     30.2275   4408    	Dead: 0
22  4461.83   1.8995      30.6313   4359    	Dead: 0
23  4434.04   1.89886     30.6211   4333    	Dead: 0
24  4409.17   1.93075     31.1353   4303    	Dead: 0
25  4384.94   1.91826     30.9339   4298    	Dead: 0
26  4363.94   2.00444     32.3236   4276    	Dead: 0
27  4343.8    1.98813     32.0606   4250    	Dead: 0
28  4322      1.91292     30.8477   4233    	Dead: 0
29  4302.25   2.02801     32.7037   4221    	Dead: 0
30  4284.57   2.00465     32.3271   4211    	Dead: 0
31  4271.69   2.11094     34.0411   4194    	Dead: 0
32  4256.68   2.07547     33.469    4175    	Dead: 0
33  4240.37   2.2487      36.2626   4151    	Dead: 0
34  4218.34   2.08045     33.5494   4128    	Dead: 0
35  4199.65   2.06861     33.3584   4116    	Dead: 0
36  4181.71   2.08512     33.6246   4081    	Dead: 0
37  4167.03   2.12609     34.2854   4079    	Dead: 0
38  4151.09   2.07675     33.4896   4078    	Dead: 0
39  4137.16   2.09759     33.8257   4048    	Dead: 0
40  4123.63   2.17172     35.0211   4031    	Dead: 0
41  4105.86   2.06504     33.3008   4026    	Dead: 0
42  4088.36   2.11041     34.0324   4010    	Dead: 0
43  4069.34   1.97362     31.8265   3998    	Dead: 0
44  4054.5    1.96779     31.7325   3979    	Dead: 0
45  4040.84   1.9061      30.7378   3966    	Dead: 0
46  4024.96   1.91024     30.8045   3948    	Dead: 0
47  4012.13   2.04853     33.0346   3921    	Dead: 0
48  3997.7    1.92697     31.0743   3921    	Dead: 0
49  3984.67   1.96283     31.6526   3901    	Dead: 0
50  3970.9    2.03777     32.861    3881    	Dead: 0
51  3957.39   2.07978     33.5385   3876    	Dead: 0
52  3943.62   2.0101      32.4149   3856    	Dead: 0
53  3931.82   2.10866     34.0043   3845    	Dead: 0
54  3916.04   2.00344     32.3075   3832    	Dead: 0
55  3898.48   2.00912     32.3991   3818    	Dead: 0
56  3883.09   1.93113     31.1414   3811    	Dead: 0
57  3868.89   1.98544     32.0173   3782    	Dead: 0
58  3853.52   2.00563     32.3427   3774    	Dead: 0
59  3839.43   1.93302     31.1719   3762    	Dead: 0
60  3826.94   1.97419     31.8357   3754    	Dead: 0
61  3816.1    1.96664     31.714    3743    	Dead: 0
62  3809.28   1.97537     31.8549   3743    	Dead: 0
63  3800.92   1.96558     31.6969   3725    	Dead: 0
64  3795.2    2.06717     33.3351   3725    	Dead: 0
65  3788.89   2.12633     34.2891   3718    	Dead: 0
66  3783.03   2.13814     34.4797   3705    	Dead: 0
67  3777.83   2.13629     34.4498   3705    	Dead: 0
68  3772.7    2.05903     33.2039   3705    	Dead: 0
69  3768.8    2.18637     35.2574   3696    	Dead: 0
70  3763.27   2.07318     33.432    3691    	Dead: 0
71  3757.83   1.96299     31.6551   3691    	Dead: 0
72  3754.59   2.05595     33.1542   3684    	Dead: 0
73  3752.09   2.16021     34.8356   3684    	Dead: 0
74  3746.58   2.00458     32.3258   3684    	Dead: 0
75  3741.76   2.09677     33.8125   3680    	Dead: 0
76  3738.68   2.1668      34.9418   3673    	Dead: 0
77  3732.64   2.14412     34.576    3658    	Dead: 0
78  3724.93   2.07427     33.4497   3648    	Dead: 0
79  3715.29   2.06551     33.3084   3648    	Dead: 0
80  3706.47   2.05559     33.1484   3628    	Dead: 0
81  3694.56   2.06315     33.2703   3613    	Dead: 0
82  3683.47   2.00869     32.3922   3613    	Dead: 0
83  3673.32   1.96362     31.6654   3607    	Dead: 0
84  3664.41   1.92589     31.0569   3594    	Dead: 0
85  3658.97   2.04268     32.9403   3594    	Dead: 0
86  3653.23   2.08298     33.5901   3579    	Dead: 0
87  3646.96   2.00348     32.3081   3571    	Dead: 0
88  3641.17   1.96487     31.6855   3571    	Dead: 0
89  3634.88   1.9956      32.1811   3571    	Dead: 0
90  3628.18   1.91996     30.9613   3554    	Dead: 0
91  3621.96   1.98966     32.0852   3553    	Dead: 0
92  3615.27   1.96173     31.6348   3552    	Dead: 0
93  3609.88   1.95776     31.5709   3532    	Dead: 0
94  3606.35   2.13509     34.4305   3531    	Dead: 0
95  3599.26   2.14686     34.6202   3531    	Dead: 0
96  3590.86   2.01974     32.5703   3531    	Dead: 0
97  3585.95   2.10221     33.9003   3524    	Dead: 0
98  3579.94   2.14791     34.6373   3520    	Dead: 0
99  3574.47   2.13264     34.3909   3507    	Dead: 0
100 3569.34   1.98797     32.0579   3496    	Dead: 0
