0   5950.36   4.10067     66.1273   5706    	Dead: 0
1   5640.36   3.32149     53.5624   5453    	Dead: 0
2   5403.04   3.38142     54.5288   5232    	Dead: 0
3   5187.23   2.94605     47.508    5037    	Dead: 0
4   5017.97   2.46757     39.792    4884    	Dead: 0
5   4923.11   2.09573     33.7958   4810    	Dead: 0
6   4864.06   2.21216     35.6733   4757    	Dead: 0
7   4788.05   2.28086     36.7811   4693    	Dead: 0
8   4716.88   2.05799     33.1871   4631    	Dead: 0
9   4662.02   1.97548     31.8566   4566    	Dead: 0
10  4611.47   2.19588     35.4108   4514    	Dead: 0
11  4555.86   2.15399     34.7353   4458    	Dead: 0
12  4502.96   2.15666     34.7782   4394    	Dead: 0
13  4463.83   2.19031     35.3209   4365    	Dead: 0
14  4414.72   2.04437     32.9676   4307    	Dead: 0
15  4365.85   2.04589     32.9921   4283    	Dead: 0
16  4320.66   2.04922     33.0457   4232    	Dead: 0
17  4283.21   2.01704     32.5269   4212    	Dead: 0
18  4248.72   2.05494     33.138    4157    	Dead: 0
19  4218.88   2.00326     32.3046   4135    	Dead: 0
20  4175.61   1.91983     30.9592   4071    	Dead: 0
21  4136.13   1.85962     29.9883   4030    	Dead: 0
22  4096.84   1.89501     30.559    4011    	Dead: 0
23  4072.32   1.92684     31.0723   3989    	Dead: 0
24  4047.79   1.91021     30.804    3979    	Dead: 0
25  4025.56   1.94025     31.2885   3932    	Dead: 0
26  4008.53   2.07504     33.4621   3931    	Dead: 0
27  3989.3    2.06646     33.3238   3906    	Dead: 0
28  3974.59   2.18217     35.1896   3875    	Dead: 0
29  3956.22   2.07721     33.4971   3875    	Dead: 0
30  3943.3    2.28847     36.9039   3863    	Dead: 0
31  3933.07   2.43486     39.2645   3845    	Dead: 0
32  3921.89   2.40682     38.8124   3824    	Dead: 0
33  3909.61   2.22061     35.8096   3824    	Dead: 0
34  3900.41   2.35045     37.9033   3824    	Dead: 0
35  3891.59   2.39623     38.6416   3809    	Dead: 0
36  3880.49   2.40012     38.7043   3794    	Dead: 0
37  3869.43   2.31612     37.3497   3788    	Dead: 0
38  3862.21   2.4752      39.9151   3768    	Dead: 0
39  3851.93   2.4709      39.8458   3768    	Dead: 0
40  3841.05   2.48393     40.0558   3752    	Dead: 0
41  3833.52   2.51475     40.5529   3740    	Dead: 0
42  3823.61   2.45335     39.5627   3736    	Dead: 0
43  3812.83   2.46691     39.7815   3734    	Dead: 0
44  3801.11   2.47934     39.9818   3705    	Dead: 0
45  3790.08   2.49397     40.2177   3699    	Dead: 0
46  3778.08   2.47956     39.9853   3699    	Dead: 0
47  3764.77   2.38125     38.4      3679    	Dead: 0
48  3754.21   2.50899     40.4601   3668    	Dead: 0
49  3741.51   2.40172     38.7301   3658    	Dead: 0
50  3733.77   2.57929     41.5936   3622    	Dead: 0
51  3721.9    2.57739     41.5629   3622    	Dead: 0
52  3710.51   2.62785     42.3768   3620    	Dead: 0
53  3702.86   2.69842     43.5147   3619    	Dead: 0
54  3689.41   2.6115      42.1131   3596    	Dead: 0
55  3675.91   2.54691     41.0715   3596    	Dead: 0
56  3661.89   2.49236     40.1917   3586    	Dead: 0
57  3648.48   2.49306     40.2031   3571    	Dead: 0
58  3635.26   2.4633      39.7231   3561    	Dead: 0
59  3623.86   2.31878     37.3927   3536    	Dead: 0
60  3615.36   2.48957     40.1469   3532    	Dead: 0
61  3606.78   2.5551      41.2036   3532    	Dead: 0
62  3601.74   2.55393     41.1846   3532    	Dead: 0
63  3597.76   2.68223     43.2537   3531    	Dead: 0
64  3590.11   2.66713     43.0101   3508    	Dead: 0
65  3584.99   2.6488      42.7145   3507    	Dead: 0
66  3579.58   2.61792     42.2165   3506    	Dead: 0
67  3575.14   2.76149     44.5318   3495    	Dead: 0
68  3567.97   2.62147     42.2738   3495    	Dead: 0
69  3565.2    2.6816      43.2436   3482    	Dead: 0
70  3557.91   2.61026     42.0931   3482    	Dead: 0
71  3552.14   2.5376      40.9214   3471    	Dead: 0
72  3548.34   2.57969     41.6001   3455    	Dead: 0
73  3542.98   2.64664     42.6797   3451    	Dead: 0
74  3536.52   2.80153     45.1775   3451    	Dead: 0
75  3528.05   2.62683     42.3602   3447    	Dead: 0
76  3523.66   2.69468     43.4545   3447    	Dead: 0
77  3515.53   2.64167     42.5996   3432    	Dead: 0
78  3511.5    2.93242     47.2881   3432    	Dead: 0
79  3505.25   2.89941     46.7559   3427    	Dead: 0
80  3501      2.93558     47.3391   3423    	Dead: 0
81  3496.57   2.93675     47.358    3399    	Dead: 0
82  3494.48   3.09983     49.9878   3399    	Dead: 0
83  3490.84   3.05985     49.3431   3399    	Dead: 0
84  3486.73   3.01753     48.6607   3399    	Dead: 0
85  3483.16   3.20093     51.6182   3394    	Dead: 0
86  3480.09   3.1188      50.2938   3394    	Dead: 0
87  3475.24   3.10604     50.088    3379    	Dead: 0
88  3473.17   3.18382     51.3422   3379    	Dead: 0
89  3469.76   3.19196     51.4736   3379    	Dead: 0
90  3467.87   3.20666     51.7106   3379    	Dead: 0
91  3465.51   3.33139     53.7221   3379    	Dead: 0
92  3460.26   3.21662     51.8713   3379    	Dead: 0
93  3456.82   3.27466     52.8072   3370    	Dead: 0
94  3454.57   3.32647     53.6427   3366    	Dead: 0
95  3451.26   3.39895     54.8114   3366    	Dead: 0
96  3448.49   3.47397     56.0212   3354    	Dead: 0
97  3443.22   3.40941     54.9801   3354    	Dead: 0
98  3441.63   3.50695     56.553    3341    	Dead: 0
99  3434.39   3.33774     53.8244   3341    	Dead: 0
100 3434.81   3.48917     56.2663   3341    	Dead: 0
