0   5953.83   4.2371      68.3275   5737    	Dead: 0
1   5664.25   3.53599     57.0214   5462    	Dead: 0
2   5426.86   3.02869     48.8406   5266    	Dead: 0
3   5252.68   2.66725     43.0121   5118    	Dead: 0
4   5112.99   2.19991     35.4757   4978    	Dead: 0
5   5012.9    2.04067     32.9079   4913    	Dead: 0
6   4929.02   1.99482     32.1684   4833    	Dead: 0
7   4851.83   2.05425     33.1268   4757    	Dead: 0
8   4782.12   2.01141     32.4359   4638    	Dead: 0
9   4711.04   2.06041     33.2262   4620    	Dead: 0
10  4637.77   1.99572     32.183    4550    	Dead: 0
11  4579.83   1.99002     32.0911   4492    	Dead: 0
12  4522.92   2.03409     32.8018   4430    	Dead: 0
13  4465.3    1.85229     29.87     4379    	Dead: 0
14  4419.19   1.8399      29.6702   4327    	Dead: 0
15  4365.16   1.94925     31.4336   4282    	Dead: 0
16  4319.92   2.11726     34.1429   4204    	Dead: 0
17  4266.25   1.99594     32.1865   4187    	Dead: 0
18  4235.45   1.95621     31.5459   4147    	Dead: 0
19  4207.08   1.95992     31.6056   4115    	Dead: 0
20  4184.17   2.00397     32.3159   4112    	Dead: 0
21  4160.75   1.95574     31.5382   4078    	Dead: 0
22  4136.98   1.88049     30.3248   4051    	Dead: 0
23  4110.49   1.84526     29.7566   4034    	Dead: 0
24  4086.44   1.82941     29.501    4007    	Dead: 0
25  4066.01   2.02511     32.657    3988    	Dead: 0
26  4045      2.06859     33.358    3958    	Dead: 0
27  4023.96   1.9842      31.9971   3944    	Dead: 0
28  4004.28   2.10776     33.9897   3931    	Dead: 0
29  3986.94   2.14285     34.5556   3909    	Dead: 0
30  3972.14   2.13046     34.3557   3894    	Dead: 0
31  3954.73   2.07139     33.4033   3875    	Dead: 0
32  3934.12   2.16936     34.9831   3847    	Dead: 0
33  3909.63   2.11631     34.1276   3841    	Dead: 0
34  3894.75   2.17288     35.0398   3817    	Dead: 0
35  3883.25   2.20894     35.6214   3813    	Dead: 0
36  3874.53   2.28751     36.8884   3774    	Dead: 0
37  3864.57   2.31371     37.3109   3774    	Dead: 0
38  3849.42   2.20107     35.4944   3771    	Dead: 0
39  3834.76   2.25504     36.3648   3737    	Dead: 0
40  3818.86   2.24572     36.2145   3737    	Dead: 0
41  3804.63   2.31902     37.3965   3726    	Dead: 0
42  3786.56   2.35058     37.9054   3710    	Dead: 0
43  3771.36   2.39861     38.68     3672    	Dead: 0
44  3754.31   2.40285     38.7483   3663    	Dead: 0
45  3742.51   2.43231     39.2234   3663    	Dead: 0
46  3733.48   2.43482     39.2639   3654    	Dead: 0
47  3726.59   2.49907     40.3001   3646    	Dead: 0
48  3718.76   2.58012     41.607    3641    	Dead: 0
49  3711.49   2.51328     40.5292   3627    	Dead: 0
50  3703.05   2.53679     40.9083   3627    	Dead: 0
51  3692.68   2.45601     39.6056   3615    	Dead: 0
52  3681.72   2.4793      39.9812   3609    	Dead: 0
53  3673.23   2.54581     41.0538   3589    	Dead: 0
54  3665.49   2.61169     42.1161   3577    	Dead: 0
55  3658.02   2.62852     42.3876   3577    	Dead: 0
56  3651      2.71693     43.8132   3569    	Dead: 0
57  3643.34   2.76874     44.6487   3554    	Dead: 0
58  3634.68   2.68966     43.3735   3554    	Dead: 0
59  3630.11   2.84551     45.8868   3554    	Dead: 0
60  3622.22   2.6635      42.9516   3533    	Dead: 0
61  3616.36   2.6074      42.0469   3533    	Dead: 0
62  3610.66   2.71295     43.7491   3533    	Dead: 0
63  3606.36   2.7471      44.2998   3533    	Dead: 0
64  3605      2.77793     44.797    3531    	Dead: 0
65  3601.23   2.77319     44.7205   3514    	Dead: 0
66  3595.55   2.82793     45.6032   3514    	Dead: 0
67  3590.65   2.79        44.9915   3505    	Dead: 0
68  3587.45   2.77227     44.7057   3497    	Dead: 0
69  3585.76   2.78674     44.939    3483    	Dead: 0
70  3582.41   2.86661     46.2269   3483    	Dead: 0
71  3575.62   2.75242     44.3855   3483    	Dead: 0
72  3573.83   2.90717     46.8809   3483    	Dead: 0
73  3571.08   2.97258     47.9359   3483    	Dead: 0
74  3566.01   2.86573     46.2127   3483    	Dead: 0
75  3563.65   2.90718     46.8813   3483    	Dead: 0
76  3558.34   2.86363     46.1788   3480    	Dead: 0
77  3556.45   2.88017     46.4456   3473    	Dead: 0
78  3553.92   2.96921     47.8815   3473    	Dead: 0
79  3550.64   2.85844     46.0951   3473    	Dead: 0
80  3549.1    2.96162     47.7591   3460    	Dead: 0
81  3546.85   2.96883     47.8753   3460    	Dead: 0
82  3542.52   2.89451     46.6769   3454    	Dead: 0
83  3543.95   3.04908     49.1695   3453    	Dead: 0
84  3540.14   3.04206     49.0563   3453    	Dead: 0
85  3538.05   3.16428     51.0272   3452    	Dead: 0
86  3532.73   3.03134     48.8834   3451    	Dead: 0
87  3533.76   3.26206     52.6039   3432    	Dead: 0
88  3528.08   3.11494     50.2314   3432    	Dead: 0
89  3524.51   3.13738     50.5935   3432    	Dead: 0
90  3525.05   3.27774     52.8568   3427    	Dead: 0
91  3519.01   3.18045     51.2879   3418    	Dead: 0
92  3518.62   3.31662     53.4839   3418    	Dead: 0
93  3513.16   3.34226     53.8973   3413    	Dead: 0
94  3509.58   3.26087     52.5847   3406    	Dead: 0
95  3507.17   3.3821      54.5398   3406    	Dead: 0
96  3504.8    3.28849     53.0302   3406    	Dead: 0
97  3502.28   3.32566     53.6295   3406    	Dead: 0
98  3503.41   3.5294      56.915    3406    	Dead: 0
99  3497.22   3.41957     55.144    3402    	Dead: 0
100 3493.32   3.46208     55.8294   3402    	Dead: 0
