0   5952.85   4.16163     67.1104   5734    	Dead: 0
1   5673.19   3.28105     52.9103   5439    	Dead: 0
2   5421.63   3.12925     50.4623   5242    	Dead: 0
3   5238.68   2.59166     41.7931   5114    	Dead: 0
4   5096.66   2.41395     38.9273   4984    	Dead: 0
5   5007.67   2.28286     36.8134   4896    	Dead: 0
6   4934.19   2.26398     36.5089   4815    	Dead: 0
7   4861.03   2.38953     38.5336   4754    	Dead: 0
8   4780.14   2.18558     35.2447   4688    	Dead: 0
9   4721.17   2.24175     36.1504   4627    	Dead: 0
10  4672.72   2.17645     35.0974   4565    	Dead: 0
11  4626.48   2.14146     34.5333   4548    	Dead: 0
12  4584.39   2.21088     35.6526   4439    	Dead: 0
13  4538.1    2.21107     35.6557   4439    	Dead: 0
14  4499.05   2.06818     33.3515   4406    	Dead: 0
15  4464.67   2.15632     34.7729   4378    	Dead: 0
16  4431.82   2.12396     34.251    4351    	Dead: 0
17  4397.36   2.14528     34.5948   4284    	Dead: 0
18  4368.07   2.22406     35.8652   4284    	Dead: 0
19  4344.3    2.35251     37.9365   4248    	Dead: 0
20  4322.41   2.28835     36.9019   4224    	Dead: 0
21  4298.78   2.34451     37.8076   4213    	Dead: 0
22  4267.48   2.11971     34.1825   4184    	Dead: 0
23  4239.22   2.1833      35.2078   4149    	Dead: 0
24  4214.38   2.17907     35.1397   4119    	Dead: 0
25  4191.49   2.38124     38.3999   4105    	Dead: 0
26  4169.57   2.49455     40.2271   4052    	Dead: 0
27  4146.57   2.35021     37.8995   4052    	Dead: 0
28  4128.11   2.5747      41.5196   4029    	Dead: 0
29  4111.55   2.53575     40.8915   3983    	Dead: 0
30  4096.38   2.60092     41.9425   3983    	Dead: 0
31  4078.59   2.78165     44.857    3973    	Dead: 0
32  4058.79   2.65395     42.7976   3971    	Dead: 0
33  4044.58   2.88828     46.5764   3930    	Dead: 0
34  4027.73   2.93369     47.3087   3928    	Dead: 0
35  4019.63   3.08385     49.7301   3914    	Dead: 0
36  4007.25   3.0732      49.5584   3897    	Dead: 0
37  3996.84   2.96201     47.7654   3897    	Dead: 0
38  3988.26   2.97274     47.9385   3883    	Dead: 0
39  3982.15   3.11686     50.2626   3883    	Dead: 0
40  3972.13   3.04622     49.1233   3883    	Dead: 0
41  3964.72   3.09981     49.9875   3878    	Dead: 0
42  3960.45   3.28416     52.9603   3863    	Dead: 0
43  3949.82   3.13194     50.5057   3843    	Dead: 0
44  3941.04   3.23555     52.1764   3843    	Dead: 0
45  3933.1    3.18587     51.3753   3843    	Dead: 0
46  3922.49   3.20417     51.6705   3833    	Dead: 0
47  3916.87   3.4273      55.2687   3809    	Dead: 0
48  3905.91   3.41013     54.9917   3809    	Dead: 0
49  3898.22   3.52315     56.8143   3796    	Dead: 0
50  3889.44   3.45216     55.6695   3787    	Dead: 0
51  3878.53   3.51125     56.6223   3785    	Dead: 0
52  3875.26   3.67843     59.3183   3767    	Dead: 0
53  3864.8    3.59694     58.0042   3767    	Dead: 0
54  3861.48   3.63806     58.6673   3758    	Dead: 0
55  3860.12   3.87999     62.5686   3758    	Dead: 0
56  3853.24   3.70431     59.7356   3753    	Dead: 0
57  3852      3.82836     61.7361   3753    	Dead: 0
58  3845      3.65201     58.8924   3753    	Dead: 0
59  3842.36   3.70075     59.6783   3753    	Dead: 0
60  3844.31   4.00364     64.5628   3752    	Dead: 0
61  3834.25   3.69453     59.5779   3743    	Dead: 0
62  3832.55   3.85182     62.1144   3729    	Dead: 0
63  3825.18   3.76346     60.6896   3718    	Dead: 0
64  3821.55   3.81324     61.4923   3718    	Dead: 0
65  3814.99   3.80913     61.4261   3718    	Dead: 0
66  3808.06   3.90078     62.904    3715    	Dead: 0
67  3808.52   3.99668     64.4504   3706    	Dead: 0
68  3796.55   3.83828     61.896    3697    	Dead: 0
69  3792.02   3.78259     60.998    3696    	Dead: 0
70  3789.73   3.90104     62.9082   3696    	Dead: 0
71  3786.17   4.0404      65.1556   3682    	Dead: 0
72  3777.13   3.7776      60.9176   3682    	Dead: 0
73  3776.78   4.07001     65.6329   3681    	Dead: 0
74  3766.61   3.87516     62.4908   3656    	Dead: 0
75  3762.55   4.05398     65.3744   3656    	Dead: 0
76  3754.16   3.94334     63.5902   3646    	Dead: 0
77  3747.56   4.01299     64.7135   3646    	Dead: 0
78  3744.83   4.04155     65.174    3635    	Dead: 0
79  3738.87   4.22621     68.1518   3635    	Dead: 0
80  3734.14   4.22197     68.0835   3635    	Dead: 0
81  3726.6    4.14373     66.8218   3631    	Dead: 0
82  3721.25   4.1859      67.5018   3628    	Dead: 0
83  3717.65   4.25714     68.6507   3620    	Dead: 0
84  3708.75   4.12048     66.4468   3601    	Dead: 0
85  3705.99   4.20087     67.7432   3601    	Dead: 0
86  3699.65   4.18673     67.5151   3594    	Dead: 0
87  3698.35   4.30606     69.4396   3594    	Dead: 0
88  3692.96   4.27288     68.9045   3586    	Dead: 0
89  3691.72   4.44772     71.724    3586    	Dead: 0
90  3688.3    4.55618     73.473    3572    	Dead: 0
91  3682.69   4.52823     73.0222   3572    	Dead: 0
92  3676.66   4.42801     71.406    3572    	Dead: 0
93  3670.75   4.43904     71.584    3569    	Dead: 0
94  3665.11   4.45757     71.8827   3552    	Dead: 0
95  3663.3    4.41661     71.2222   3552    	Dead: 0
96  3657.65   4.39841     70.9287   3552    	Dead: 0
97  3654.13   4.5733      73.749    3550    	Dead: 0
98  3652.91   4.62225     74.5384   3543    	Dead: 0
99  3645.7    4.5497      73.3685   3536    	Dead: 0
100 3645.1    4.68021     75.4731   3536    	Dead: 0
