0   5949.23   4.3346      69.8998   5746    	Dead: 0
1   5639.24   3.53725     57.0416   5451    	Dead: 0
2   5427.41   2.81527     45.399    5293    	Dead: 0
3   5293.86   2.57031     41.4489   5125    	Dead: 0
4   5175.13   2.32434     37.4823   5041    	Dead: 0
5   5068.4    2.06158     33.245    4962    	Dead: 0
6   4978.55   2.31257     37.2925   4852    	Dead: 0
7   4860.18   2.29784     37.0549   4762    	Dead: 0
8   4767.86   2.07537     33.4675   4667    	Dead: 0
9   4688.83   2.00985     32.4108   4575    	Dead: 0
10  4636.02   2.08245     33.5815   4541    	Dead: 0
11  4574.49   2.11753     34.1472   4466    	Dead: 0
12  4513.58   2.03884     32.8783   4417    	Dead: 0
13  4470.88   2.10607     33.9625   4380    	Dead: 0
14  4434.52   2.11588     34.1207   4337    	Dead: 0
15  4393.41   2.10885     34.0073   4311    	Dead: 0
16  4347.03   2.11768     34.1497   4250    	Dead: 0
17  4313.1    2.06001     33.2198   4223    	Dead: 0
18  4283.57   2.1052      33.9484   4194    	Dead: 0
19  4261      2.188       35.2837   4183    	Dead: 0
20  4238.57   2.16421     34.9      4134    	Dead: 0
21  4209.83   2.20558     35.5672   4128    	Dead: 0
22  4183.99   2.13582     34.4422   4105    	Dead: 0
23  4164.69   2.23959     36.1157   4070    	Dead: 0
24  4148.15   2.33402     37.6384   4039    	Dead: 0
25  4124.87   2.34643     37.8386   4026    	Dead: 0
26  4102.1    2.3285      37.5493   4013    	Dead: 0
27  4079.91   2.21535     35.7248   3989    	Dead: 0
28  4061.53   2.30653     37.1952   3984    	Dead: 0
29  4045.66   2.26801     36.5739   3970    	Dead: 0
30  4033.41   2.23106     35.978    3956    	Dead: 0
31  4019.3    2.22726     35.9167   3920    	Dead: 0
32  4001.17   2.29556     37.0182   3905    	Dead: 0
33  3980.02   2.28543     36.8549   3896    	Dead: 0
34  3960.67   2.34354     37.792    3867    	Dead: 0
35  3945.47   2.37977     38.3761   3865    	Dead: 0
36  3934.14   2.44128     39.3681   3865    	Dead: 0
37  3923.8    2.35125     37.9162   3850    	Dead: 0
38  3919.62   2.47239     39.8698   3823    	Dead: 0
39  3914.43   2.55864     41.2607   3823    	Dead: 0
40  3903.68   2.44296     39.3951   3811    	Dead: 0
41  3897.48   2.52034     40.643    3801    	Dead: 0
42  3888.73   2.47566     39.9225   3801    	Dead: 0
43  3878.95   2.48382     40.054    3801    	Dead: 0
44  3867.62   2.49518     40.2373   3791    	Dead: 0
45  3855.52   2.47742     39.9508   3781    	Dead: 0
46  3845.45   2.42731     39.1428   3764    	Dead: 0
47  3836.27   2.4415      39.3717   3744    	Dead: 0
48  3828.48   2.54399     41.0244   3744    	Dead: 0
49  3814.51   2.54665     41.0673   3723    	Dead: 0
50  3807.21   2.50127     40.3356   3723    	Dead: 0
51  3798.61   2.44852     39.4849   3723    	Dead: 0
52  3792.12   2.50053     40.3235   3720    	Dead: 0
53  3786.07   2.53434     40.8688   3710    	Dead: 0
54  3780.71   2.59212     41.8006   3709    	Dead: 0
55  3771.82   2.56923     41.4314   3707    	Dead: 0
56  3764.89   2.58683     41.7152   3687    	Dead: 0
57  3757.66   2.80501     45.2336   3687    	Dead: 0
58  3749.15   2.6726      43.0983   3679    	Dead: 0
59  3740.89   2.51479     40.5536   3674    	Dead: 0
60  3736.07   2.6288      42.392    3650    	Dead: 0
61  3728.39   2.626       42.3469   3650    	Dead: 0
62  3723.15   2.75793     44.4744   3650    	Dead: 0
63  3717.76   2.72383     43.9244   3650    	Dead: 0
64  3713.22   2.74399     44.2495   3635    	Dead: 0
65  3704.45   2.76923     44.6566   3610    	Dead: 0
66  3697.97   2.82972     45.6321   3610    	Dead: 0
67  3692.42   2.84212     45.8321   3610    	Dead: 0
68  3686.16   2.93888     47.3924   3607    	Dead: 0
69  3678.16   3.06247     49.3854   3592    	Dead: 0
70  3675.07   3.19357     51.4995   3580    	Dead: 0
71  3667.05   3.05064     49.1947   3580    	Dead: 0
72  3661.59   3.12551     50.402    3579    	Dead: 0
73  3657.65   3.19142     51.4648   3564    	Dead: 0
74  3651.45   3.25438     52.4802   3560    	Dead: 0
75  3647.63   3.46728     55.9134   3560    	Dead: 0
76  3637.51   3.24235     52.2861   3554    	Dead: 0
77  3634.51   3.4869      56.2298   3537    	Dead: 0
78  3627.22   3.52479     56.8408   3537    	Dead: 0
79  3618.55   3.40121     54.8479   3524    	Dead: 0
80  3616.39   3.59362     57.9507   3516    	Dead: 0
81  3609.87   3.57711     57.6845   3512    	Dead: 0
82  3603.36   3.55214     57.2817   3512    	Dead: 0
83  3601.01   3.63857     58.6757   3512    	Dead: 0
84  3596.44   3.69636     59.6074   3506    	Dead: 0
85  3592.44   3.59497     57.9725   3506    	Dead: 0
86  3589.84   3.78664     61.0634   3501    	Dead: 0
87  3584.18   3.61779     58.3404   3489    	Dead: 0
88  3578.25   3.62491     58.4553   3489    	Dead: 0
89  3575.06   3.63894     58.6816   3489    	Dead: 0
90  3573.85   3.66037     59.0271   3489    	Dead: 0
91  3571.27   3.73121     60.1695   3483    	Dead: 0
92  3567.91   3.64774     58.8235   3477    	Dead: 0
93  3563.48   3.62089     58.3905   3477    	Dead: 0
94  3562.46   3.68626     59.4446   3477    	Dead: 0
95  3559.57   3.5799      57.7294   3477    	Dead: 0
96  3559.27   3.67916     59.3301   3477    	Dead: 0
97  3555.64   3.55936     57.3983   3477    	Dead: 0
98  3556.13   3.75806     60.6024   3471    	Dead: 0
99  3554.36   3.71021     59.8309   3471    	Dead: 0
100 3551.9    3.64842     58.8345   3471    	Dead: 0
