0   5953.09   4.24354     68.4313   5760    	Dead: 0
1   5666.9    3.28061     52.9031   5480    	Dead: 0
2   5460.95   2.82626     45.5763   5322    	Dead: 0
3   5275.3    2.75784     44.473    5134    	Dead: 0
4   5136.49   2.36969     38.2136   5025    	Dead: 0
5   5023.84   2.37001     38.2188   4893    	Dead: 0
6   4909.31   2.42944     39.1771   4783    	Dead: 0
7   4794.45   2.1973      35.4337   4688    	Dead: 0
8   4686.32   2.08156     33.5672   4574    	Dead: 0
9   4606.58   1.82659     29.4557   4508    	Dead: 0
10  4545.45   1.80333     29.0806   4457    	Dead: 0
11  4489.12   1.89423     30.5464   4392    	Dead: 0
12  4436.97   1.92258     31.0035   4348    	Dead: 0
13  4391.02   1.8608      30.0073   4314    	Dead: 0
14  4363.63   1.91062     30.8107   4265    	Dead: 0
15  4333.3    1.89922     30.6269   4249    	Dead: 0
16  4294.9    1.90325     30.6919   4214    	Dead: 0
17  4249.61   2.05638     33.1612   4121    	Dead: 0
18  4199.08   2.03505     32.8172   4115    	Dead: 0
19  4159.62   2.11393     34.0892   4060    	Dead: 0
20  4117.44   2.16698     34.9446   4014    	Dead: 0
21  4078.51   2.0903      33.7082   3981    	Dead: 0
22  4051.89   2.18029     35.1593   3951    	Dead: 0
23  4030.79   2.15903     34.8164   3943    	Dead: 0
24  4010.8    2.10806     33.9945   3936    	Dead: 0
25  3988.26   2.30247     37.1296   3893    	Dead: 0
26  3969.01   2.18857     35.2929   3884    	Dead: 0
27  3954.14   2.30851     37.227    3864    	Dead: 0
28  3936.48   2.2805      36.7754   3859    	Dead: 0
29  3924.8    2.43032     39.1913   3827    	Dead: 0
30  3912.13   2.33207     37.6069   3822    	Dead: 0
31  3900.07   2.3654      38.1444   3805    	Dead: 0
32  3887.26   2.47087     39.8452   3797    	Dead: 0
33  3871.4    2.44283     39.3931   3772    	Dead: 0
34  3858.77   2.43695     39.2983   3769    	Dead: 0
35  3844.36   2.42837     39.16     3749    	Dead: 0
36  3829.26   2.26517     36.5281   3744    	Dead: 0
37  3816.29   2.37301     38.2671   3732    	Dead: 0
38  3799.68   2.33238     37.6119   3717    	Dead: 0
39  3784.8    2.25533     36.3694   3697    	Dead: 0
40  3771.36   2.36143     38.0803   3684    	Dead: 0
41  3758.23   2.41281     38.9089   3680    	Dead: 0
42  3746.95   2.45273     39.5528   3654    	Dead: 0
43  3729.91   2.31742     37.3706   3651    	Dead: 0
44  3711.16   2.29107     36.9458   3621    	Dead: 0
45  3697.37   2.34503     37.8159   3606    	Dead: 0
46  3684.09   2.25499     36.3639   3606    	Dead: 0
47  3675.31   2.38293     38.4272   3605    	Dead: 0
48  3665.92   2.26507     36.5266   3573    	Dead: 0
49  3658.62   2.33068     37.5846   3573    	Dead: 0
50  3653.45   2.27497     36.6862   3566    	Dead: 0
51  3650.03   2.45508     39.5906   3566    	Dead: 0
52  3646.49   2.41925     39.0128   3566    	Dead: 0
53  3639.84   2.51627     40.5773   3556    	Dead: 0
54  3633.51   2.52587     40.7322   3538    	Dead: 0
55  3625.08   2.45704     39.6223   3537    	Dead: 0
56  3615.09   2.28207     36.8007   3537    	Dead: 0
57  3609.51   2.42481     39.1026   3537    	Dead: 0
58  3602.81   2.51838     40.6114   3513    	Dead: 0
59  3598.14   2.49434     40.2238   3510    	Dead: 0
60  3594.93   2.66443     42.9666   3510    	Dead: 0
61  3592.5    2.76048     44.5155   3510    	Dead: 0
62  3588.17   2.75852     44.4839   3510    	Dead: 0
63  3587.41   2.90451     46.8381   3510    	Dead: 0
64  3586.44   3.04258     49.0647   3505    	Dead: 0
65  3586.95   3.30223     53.2518   3505    	Dead: 0
66  3584.24   3.25685     52.52     3491    	Dead: 0
67  3580.47   3.31747     53.4975   3491    	Dead: 0
68  3579.91   3.47106     55.9743   3491    	Dead: 0
69  3579.6    3.57448     57.6421   3491    	Dead: 0
70  3576.76   3.48824     56.2513   3491    	Dead: 0
71  3576.4    3.55358     57.305    3491    	Dead: 0
72  3573.29   3.60286     58.0997   3488    	Dead: 0
73  3572.37   3.72242     60.0277   3482    	Dead: 0
74  3569.44   3.65951     59.0132   3481    	Dead: 0
75  3567.34   3.62837     58.511    3481    	Dead: 0
76  3563.85   3.62838     58.5113   3479    	Dead: 0
77  3563.95   3.68689     59.4548   3465    	Dead: 0
78  3561.15   3.68483     59.4215   3465    	Dead: 0
79  3560.02   3.83459     61.8366   3465    	Dead: 0
80  3558.26   3.89651     62.8351   3465    	Dead: 0
81  3554.28   3.7828      61.0014   3460    	Dead: 0
82  3554.33   3.91501     63.1334   3456    	Dead: 0
83  3549.4    3.77662     60.9018   3446    	Dead: 0
84  3548.51   3.78484     61.0344   3446    	Dead: 0
85  3546.47   3.84836     62.0586   3446    	Dead: 0
86  3544.19   3.85122     62.1047   3446    	Dead: 0
87  3544.22   3.90884     63.034    3446    	Dead: 0
88  3546.92   4.12871     66.5795   3446    	Dead: 0
89  3542.85   4.01569     64.7571   3446    	Dead: 0
90  3539.68   3.9356      63.4654   3446    	Dead: 0
91  3537.96   4.02633     64.9286   3446    	Dead: 0
92  3537.57   4.05074     65.3222   3446    	Dead: 0
93  3537.32   4.11143     66.3009   3446    	Dead: 0
94  3538.35   4.30807     69.4719   3446    	Dead: 0
95  3535.59   4.24148     68.3981   3446    	Dead: 0
96  3535.58   4.2225      68.0921   3446    	Dead: 0
97  3532.95   4.24786     68.501    3440    	Dead: 0
98  3532.19   4.32597     69.7605   3435    	Dead: 0
99  3532.91   4.34025     69.9909   3435    	Dead: 0
100 3529.14   4.14287     66.808    3428    	Dead: 0
