0   5208.96   4.91229     79.2156   4986    	Dead: 0
1   4991.74   3.89986     62.8892   4812    	Dead: 0
2   4818.59   3.75619     60.5723   4663    	Dead: 0
3   4668.88   3.11145     50.1752   4510    	Dead: 0
4   4542.23   2.67736     43.1751   4377    	Dead: 0
5   4429.87   2.43703     39.2996   4317    	Dead: 0
6   4343.21   2.01609     32.5115   4237    	Dead: 0
7   4269.13   1.95785     31.5723   4180    	Dead: 0
8   4195.08   1.83913     29.6578   4102    	Dead: 0
9   4123.44   1.81689     29.2992   4039    	Dead: 0
10  4066.07   1.49148     24.0516   3951    	Dead: 0
11  4018.35   1.39017     22.4179   3938    	Dead: 0
12  3978.26   1.3014      20.9863   3911    	Dead: 0
13  3943.95   1.28622     20.7415   3865    	Dead: 0
14  3904.76   1.30819     21.0958   3841    	Dead: 0
15  3873.36   1.13624     18.3231   3827    	Dead: 0
16  3851.12   1.14099     18.3996   3798    	Dead: 0
17  3831.94   1.12196     18.0927   3766    	Dead: 0
18  3813.89   1.12487     18.1397   3757    	Dead: 0
19  3798.73   1.08582     17.5099   3752    	Dead: 0
20  3785.7    1.09839     17.7126   3739    	Dead: 0
21  3774.66   1.11039     17.9061   3725    	Dead: 0
22  3763.97   1.14995     18.5441   3710    	Dead: 0
23  3750.49   1.16034     18.7117   3690    	Dead: 0
24  3736.15   1.23297     19.8829   3673    	Dead: 0
25  3718.14   1.23661     19.9415   3668    	Dead: 0
26  3703.76   1.16989     18.8656   3655    	Dead: 0
27  3694.75   1.24416     20.0633   3653    	Dead: 0
28  3686.46   1.26776     20.4439   3643    	Dead: 0
29  3678.41   1.3004      20.9702   3633    	Dead: 0
30  3670.34   1.36701     22.0444   3611    	Dead: 0
31  3659.25   1.21689     19.6236   3611    	Dead: 0
32  3653.15   1.26427     20.3877   3606    	Dead: 0
33  3645.99   1.27553     20.5692   3606    	Dead: 0
34  3638.03   1.26876     20.46     3585    	Dead: 0
35  3630.16   1.32457     21.36     3581    	Dead: 0
36  3622.42   1.34941     21.7606   3574    	Dead: 0
37  3613.74   1.32504     21.3675   3565    	Dead: 0
38  3606.78   1.28467     20.7165   3563    	Dead: 0
39  3600.46   1.31367     21.1843   3556    	Dead: 0
40  3594.98   1.42214     22.9334   3550    	Dead: 0
41  3588.85   1.35241     21.8089   3548    	Dead: 0
42  3582.92   1.33087     21.4616   3539    	Dead: 0
43  3578.17   1.3099      21.1235   3539    	Dead: 0
44  3573.41   1.30101     20.9801   3535    	Dead: 0
45  3568.11   1.19526     19.2748   3527    	Dead: 0
46  3565.61   1.27183     20.5096   3527    	Dead: 0
47  3562.09   1.27079     20.4927   3527    	Dead: 0
48  3556.66   1.2033      19.4045   3519    	Dead: 0
49  3551.8    1.23691     19.9464   3513    	Dead: 0
50  3548.25   1.28597     20.7376   3502    	Dead: 0
51  3543.23   1.32402     21.3511   3492    	Dead: 0
52  3536.12   1.31703     21.2385   3492    	Dead: 0
53  3527.08   1.32786     21.413    3486    	Dead: 0
54  3517.85   1.24635     20.0986   3473    	Dead: 0
55  3510.19   1.26345     20.3744   3464    	Dead: 0
56  3504.43   1.31853     21.2627   3459    	Dead: 0
57  3497.36   1.30832     21.0979   3448    	Dead: 0
58  3491.73   1.36505     22.0128   3448    	Dead: 0
59  3485.13   1.36312     21.9816   3436    	Dead: 0
60  3478.99   1.42764     23.0221   3436    	Dead: 0
61  3472.04   1.35023     21.7737   3434    	Dead: 0
62  3463.5    1.37651     22.1976   3413    	Dead: 0
63  3456.99   1.39608     22.5131   3393    	Dead: 0
64  3451.27   1.43197     23.092    3393    	Dead: 0
65  3445.01   1.54107     24.8513   3393    	Dead: 0
66  3438.4    1.53873     24.8136   3391    	Dead: 0
67  3431.71   1.59991     25.8001   3382    	Dead: 0
68  3427.19   1.73734     28.0164   3382    	Dead: 0
69  3423.68   1.76236     28.4198   3381    	Dead: 0
70  3419.89   1.78008     28.7056   3377    	Dead: 0
71  3418.43   1.80207     29.0601   3376    	Dead: 0
72  3415.17   1.85314     29.8837   3371    	Dead: 0
73  3411.96   1.95121     31.4653   3366    	Dead: 0
74  3409.59   1.93605     31.2207   3366    	Dead: 0
75  3405.89   1.88063     30.3271   3359    	Dead: 0
76  3403.04   1.94868     31.4243   3357    	Dead: 0
77  3400.78   1.98972     32.0862   3355    	Dead: 0
78  3397.83   1.97341     31.8232   3355    	Dead: 0
79  3393.09   1.97057     31.7775   3347    	Dead: 0
80  3391.53   2.03614     32.8348   3345    	Dead: 0
81  3388.52   1.97727     31.8855   3339    	Dead: 0
82  3385.99   2.02057     32.5838   3337    	Dead: 0
83  3383.43   2.14454     34.5829   3334    	Dead: 0
84  3379.53   2.06924     33.3685   3334    	Dead: 0
85  3377.72   2.10673     33.9731   3330    	Dead: 0
86  3376.16   2.14039     34.5159   3330    	Dead: 0
87  3374.46   2.20745     35.5973   3330    	Dead: 0
88  3370.16   2.14678     34.6189   3326    	Dead: 0
89  3367.66   2.1272      34.3032   3326    	Dead: 0
90  3366.15   2.1648      34.9096   3326    	Dead: 0
91  3365.67   2.22994     35.9601   3321    	Dead: 0
92  3362.61   2.2354      36.048    3312    	Dead: 0
93  3360.62   2.21589     35.7335   3310    	Dead: 0
94  3359.12   2.25977     36.4411   3310    	Dead: 0
95  3355.73   2.2763      36.7076   3301    	Dead: 0
96  3352.18   2.27668     36.7137   3301    	Dead: 0
97  3349.61   2.45803     39.6381   3301    	Dead: 0
98  3346.02   2.45108     39.5261   3300    	Dead: 0
99  3343.38   2.5364      40.902    3293    	Dead: 0
100 3341.71   2.61866     42.2285   3293    	Dead: 0
