0   5259.84   5.18448     83.6049   5000    	Dead: 0
1   4847.62   3.92604     63.3113   4668    	Dead: 0
2   4544.5    2.84101     45.8141   4357    	Dead: 0
3   4332.17   2.01725     32.5302   4233    	Dead: 0
4   4196.53   1.58725     25.596    4125    	Dead: 0
5   4104.24   1.51706     24.4641   4029    	Dead: 0
6   4014.09   1.27646     20.5842   3940    	Dead: 0
7   3943.76   1.09182     17.6066   3890    	Dead: 0
8   3893.63   0.992667    16.0077   3845    	Dead: 0
9   3858      0.95913     15.4669   3806    	Dead: 0
10  3828.51   0.959266    15.4691   3793    	Dead: 0
11  3808.18   0.914545    14.748    3770    	Dead: 0
12  3787.38   0.898658    14.4918   3750    	Dead: 0
13  3766.96   0.950318    15.3248   3734    	Dead: 0
14  3740.7    0.952716    15.3635   3688    	Dead: 0
15  3715.53   0.996331    16.0668   3664    	Dead: 0
16  3687.38   0.905041    14.5947   3643    	Dead: 0
17  3667.56   0.905664    14.6047   3630    	Dead: 0
18  3650.05   0.93789     15.1244   3620    	Dead: 0
19  3631.48   0.957532    15.4412   3596    	Dead: 0
20  3613.93   0.942549    15.1995   3585    	Dead: 0
21  3600.85   0.953679    15.379    3574    	Dead: 0
22  3591.74   1.06259     17.1354   3563    	Dead: 0
23  3581.3    1.04602     16.8681   3546    	Dead: 0
24  3566.69   1.10099     17.7545   3534    	Dead: 0
25  3551.52   1.127       18.174    3514    	Dead: 0
26  3539.73   1.10586     17.8332   3512    	Dead: 0
27  3530.22   1.14245     18.4231   3505    	Dead: 0
28  3523.72   1.10969     17.8949   3501    	Dead: 0
29  3516.27   1.06238     17.1319   3495    	Dead: 0
30  3509.93   1.03153     16.6344   3484    	Dead: 0
31  3502.73   0.896561    14.4579   3475    	Dead: 0
32  3495.97   1.05373     16.9925   3467    	Dead: 0
33  3484.26   1.12802     18.1904   3457    	Dead: 0
34  3471.46   1.18198     19.0606   3443    	Dead: 0
35  3460.71   1.07406     17.3202   3433    	Dead: 0
36  3454.44   1.18793     19.1566   3428    	Dead: 0
37  3448.58   1.21756     19.6344   3423    	Dead: 0
38  3441.8    1.13146     18.2459   3416    	Dead: 0
39  3435.05   1.22866     19.8133   3406    	Dead: 0
40  3425.55   1.1365      18.3271   3397    	Dead: 0
41  3415.62   1.14083     18.397    3386    	Dead: 0
42  3406.47   1.20128     19.3719   3380    	Dead: 0
43  3399.37   1.25909     20.3041   3369    	Dead: 0
44  3388.89   1.28855     20.7792   3360    	Dead: 0
45  3378.87   1.24874     20.1372   3355    	Dead: 0
46  3373.31   1.30134     20.9855   3351    	Dead: 0
47  3368.68   1.32264     21.3289   3349    	Dead: 0
48  3363.96   1.34523     21.6932   3329    	Dead: 0
49  3358.41   1.4581      23.5133   3329    	Dead: 0
50  3347.98   1.3785      22.2296   3321    	Dead: 0
51  3339.88   1.40023     22.58     3310    	Dead: 0
52  3330.82   1.3885      22.391    3296    	Dead: 0
53  3321.27   1.41089     22.7519   3294    	Dead: 0
54  3314.53   1.28937     20.7924   3284    	Dead: 0
55  3309.78   1.40623     22.6769   3278    	Dead: 0
56  3303.62   1.43015     23.0625   3272    	Dead: 0
57  3296.8    1.45467     23.458    3262    	Dead: 0
58  3291.67   1.55498     25.0756   3262    	Dead: 0
59  3286.8    1.50926     24.3383   3255    	Dead: 0
60  3283.8    1.54731     24.9519   3255    	Dead: 0
61  3278.66   1.51635     24.4527   3242    	Dead: 0
62  3274.89   1.68472     27.1679   3236    	Dead: 0
63  3268.03   1.67892     27.0743   3232    	Dead: 0
64  3259.4    1.63725     26.4022   3231    	Dead: 0
65  3255.34   1.62124     26.1441   3222    	Dead: 0
66  3252.3    1.62816     26.2558   3222    	Dead: 0
67  3251.06   1.67376     26.991    3216    	Dead: 0
68  3245.94   1.72784     27.8632   3210    	Dead: 0
69  3241.36   1.74819     28.1913   3202    	Dead: 0
70  3232.1    1.56635     25.2589   3196    	Dead: 0
71  3228.16   1.79055     28.8744   3196    	Dead: 0
72  3222.49   1.70409     27.4802   3194    	Dead: 0
73  3218.9    1.65623     26.7084   3194    	Dead: 0
74  3216.53   1.69954     27.4068   3190    	Dead: 0
75  3214.91   1.67552     27.0194   3189    	Dead: 0
76  3213.83   1.72214     27.7713   3185    	Dead: 0
77  3212.57   1.80196     29.0583   3185    	Dead: 0
78  3210.84   1.81868     29.3281   3177    	Dead: 0
79  3206.98   1.72404     27.8019   3177    	Dead: 0
80  3205.47   1.78907     28.8506   3172    	Dead: 0
81  3203.15   1.78901     28.8495   3172    	Dead: 0
82  3200.48   1.83742     29.6302   3169    	Dead: 0
83  3197.43   1.90038     30.6456   3163    	Dead: 0
84  3191.85   1.77479     28.6202   3163    	Dead: 0
85  3190.26   1.93878     31.2647   3159    	Dead: 0
86  3185.1    1.87032     30.1609   3150    	Dead: 0
87  3183.69   1.95941     31.5974   3149    	Dead: 0
88  3182.77   2.13122     34.3681   3140    	Dead: 0
89  3176.97   2.08113     33.5603   3139    	Dead: 0
90  3171.72   2.05333     33.112    3134    	Dead: 0
91  3166.48   2.10412     33.931    3118    	Dead: 0
92  3161.65   2.22396     35.8635   3117    	Dead: 0
93  3155.38   2.25366     36.3426   3116    	Dead: 0
94  3147.18   2.10359     33.9225   3112    	Dead: 0
95  3144.27   2.21603     35.7356   3101    	Dead: 0
96  3137.71   2.03888     32.8789   3096    	Dead: 0
97  3135.45   2.13188     34.3787   3095    	Dead: 0
98  3130.66   2.22254     35.8407   3092    	Dead: 0
99  3125.18   2.27375     36.6665   3091    	Dead: 0
100 3122.07   2.19743     35.4357   3090    	Dead: 0
