0   5206.14   4.94376     79.7231   4974    	Dead: 0
1   4976.57   4.69242     75.67     4767    	Dead: 0
2   4784.32   3.48658     56.2246   4621    	Dead: 0
3   4639.44   2.9735      47.9507   4483    	Dead: 0
4   4505.47   2.80555     45.2422   4391    	Dead: 0
5   4407.89   2.19588     35.4108   4314    	Dead: 0
6   4318.31   2.14849     34.6466   4194    	Dead: 0
7   4240.39   2.03903     32.8815   4145    	Dead: 0
8   4166.09   1.97446     31.8401   4049    	Dead: 0
9   4088.4    1.86765     30.1177   3987    	Dead: 0
10  4027.51   1.42006     22.9      3962    	Dead: 0
11  3986.06   1.22171     19.7014   3908    	Dead: 0
12  3947.92   1.30246     21.0035   3885    	Dead: 0
13  3909.12   1.22646     19.778    3857    	Dead: 0
14  3875      1.13394     18.286    3819    	Dead: 0
15  3846.64   1.09418     17.6448   3799    	Dead: 0
16  3823.72   0.971524    15.6668   3783    	Dead: 0
17  3804.84   0.954712    15.3957   3761    	Dead: 0
18  3786.03   0.901593    14.5391   3739    	Dead: 0
19  3768.3    1.00767     16.2497   3715    	Dead: 0
20  3752.54   0.913952    14.7384   3714    	Dead: 0
21  3740.82   0.895746    14.4448   3699    	Dead: 0
22  3728.86   0.874907    14.1088   3691    	Dead: 0
23  3718.1    0.911161    14.6934   3685    	Dead: 0
24  3707.98   0.950189    15.3227   3661    	Dead: 0
25  3698.19   1.02225     16.4848   3649    	Dead: 0
26  3687.67   0.989673    15.9595   3649    	Dead: 0
27  3679.5    0.98574     15.896    3643    	Dead: 0
28  3671.12   0.99812     16.0957   3635    	Dead: 0
29  3661.78   1.00697     16.2385   3620    	Dead: 0
30  3653.4    0.995057    16.0463   3614    	Dead: 0
31  3646.39   1.00168     16.153    3612    	Dead: 0
32  3639.83   0.981311    15.8246   3604    	Dead: 0
33  3633.72   0.999234    16.1137   3595    	Dead: 0
34  3626.88   1.02085     16.4622   3587    	Dead: 0
35  3617.56   1.02749     16.5693   3574    	Dead: 0
36  3607.98   0.988964    15.948    3565    	Dead: 0
37  3598.65   0.961805    15.5101   3559    	Dead: 0
38  3588.71   1.01915     16.4348   3549    	Dead: 0
39  3577.72   1.10659     17.8449   3534    	Dead: 0
40  3565.88   1.13138     18.2446   3512    	Dead: 0
41  3556.89   1.19796     19.3183   3512    	Dead: 0
42  3548.33   1.19677     19.2991   3502    	Dead: 0
43  3540.28   1.32595     21.3824   3500    	Dead: 0
44  3530.97   1.26019     20.3218   3485    	Dead: 0
45  3521.85   1.24072     20.0079   3475    	Dead: 0
46  3513.55   1.22185     19.7036   3469    	Dead: 0
47  3505.87   1.19598     19.2864   3461    	Dead: 0
48  3498.78   1.19491     19.2691   3461    	Dead: 0
49  3491.24   1.16355     18.7634   3447    	Dead: 0
50  3486.44   1.32697     21.3987   3442    	Dead: 0
51  3480.04   1.27365     20.5388   3441    	Dead: 0
52  3473.51   1.21198     19.5444   3429    	Dead: 0
53  3466.62   1.26416     20.3858   3425    	Dead: 0
54  3459.23   1.22561     19.7641   3413    	Dead: 0
55  3450.35   1.16457     18.7799   3413    	Dead: 0
56  3444.67   1.26667     20.4264   3406    	Dead: 0
57  3437.99   1.25293     20.2047   3398    	Dead: 0
58  3431.68   1.30203     20.9966   3391    	Dead: 0
59  3426.03   1.34262     21.6512   3391    	Dead: 0
60  3419.84   1.3465      21.7136   3380    	Dead: 0
61  3412.95   1.31208     21.1586   3376    	Dead: 0
62  3405.88   1.2748      20.5574   3368    	Dead: 0
63  3400.96   1.27082     20.4933   3362    	Dead: 0
64  3396.71   1.23538     19.9218   3362    	Dead: 0
65  3393.53   1.276       20.5767   3362    	Dead: 0
66  3390.54   1.29266     20.8454   3362    	Dead: 0
67  3386.86   1.31577     21.2181   3356    	Dead: 0
68  3382.78   1.28747     20.7617   3343    	Dead: 0
69  3378.53   1.34763     21.7319   3336    	Dead: 0
70  3373.41   1.29697     20.9149   3336    	Dead: 0
71  3367.55   1.3892      22.4023   3325    	Dead: 0
72  3358.41   1.21486     19.5908   3325    	Dead: 0
73  3353.11   1.37057     22.1018   3320    	Dead: 0
74  3346.99   1.3365      21.5524   3316    	Dead: 0
75  3341.52   1.28448     20.7135   3316    	Dead: 0
76  3339.1    1.31525     21.2098   3316    	Dead: 0
77  3337.79   1.43018     23.0631   3308    	Dead: 0
78  3335.38   1.41637     22.8404   3308    	Dead: 0
79  3332.38   1.35744     21.89     3308    	Dead: 0
80  3331.71   1.34954     21.7627   3306    	Dead: 0
81  3330.79   1.35947     21.9228   3306    	Dead: 0
82  3330.52   1.40398     22.6406   3305    	Dead: 0
83  3327.75   1.29601     20.8995   3298    	Dead: 0
84  3326.81   1.48393     23.9299   3294    	Dead: 0
85  3324.07   1.38464     22.3286   3294    	Dead: 0
86  3320.54   1.41482     22.8154   3287    	Dead: 0
87  3316.99   1.3761      22.1909   3283    	Dead: 0
88  3313.67   1.39654     22.5205   3283    	Dead: 0
89  3309.6    1.38109     22.2714   3276    	Dead: 0
90  3309.1    1.48488     23.9452   3276    	Dead: 0
91  3305.53   1.46706     23.6579   3276    	Dead: 0
92  3302.48   1.42396     22.9627   3267    	Dead: 0
93  3301.07   1.45792     23.5104   3264    	Dead: 0
94  3297.62   1.60281     25.8469   3264    	Dead: 0
95  3294.05   1.54857     24.9722   3257    	Dead: 0
96  3288.88   1.53391     24.7358   3257    	Dead: 0
97  3284.82   1.52174     24.5396   3248    	Dead: 0
98  3279.8    1.47228     23.7419   3248    	Dead: 0
99  3277.37   1.45413     23.4493   3247    	Dead: 0
100 3275.43   1.56463     25.2313   3242    	Dead: 0
