0   5256.47   5.31232     85.6664   5000    	Dead: 0
1   4839.07   3.86103     62.263    4597    	Dead: 0
2   4529.71   2.90906     46.9114   4390    	Dead: 0
3   4329.16   2.16066     34.8428   4222    	Dead: 0
4   4188.68   1.65186     26.6379   4113    	Dead: 0
5   4083.43   1.61323     26.015    4011    	Dead: 0
6   3997.13   1.24809     20.1267   3922    	Dead: 0
7   3928.66   1.1653      18.7917   3875    	Dead: 0
8   3888.31   0.996837    16.075    3838    	Dead: 0
9   3854.49   1.03592     16.7053   3804    	Dead: 0
10  3816.55   1.03002     16.6101   3766    	Dead: 0
11  3787.49   1.02991     16.6083   3744    	Dead: 0
12  3765.27   1.0616      17.1194   3720    	Dead: 0
13  3749.23   1.06474     17.17     3712    	Dead: 0
14  3734.2    1.09346     17.6331   3688    	Dead: 0
15  3720.59   1.0979      17.7047   3686    	Dead: 0
16  3705.99   1.14096     18.3992   3658    	Dead: 0
17  3680.99   1.10895     17.883    3639    	Dead: 0
18  3659.66   1.0735      17.3113   3624    	Dead: 0
19  3646.86   1.02114     16.4669   3616    	Dead: 0
20  3637.15   0.993989    16.0291   3609    	Dead: 0
21  3630.16   1.0249      16.5276   3593    	Dead: 0
22  3619.43   1.08824     17.5489   3581    	Dead: 0
23  3604.81   1.122       18.0933   3561    	Dead: 0
24  3588.96   1.11475     17.9765   3549    	Dead: 0
25  3575.53   1.10604     17.8361   3533    	Dead: 0
26  3564.41   1.15679     18.6544   3524    	Dead: 0
27  3552.3    1.12913     18.2083   3518    	Dead: 0
28  3538.7    1.13927     18.3719   3503    	Dead: 0
29  3520.6    1.20484     19.4293   3478    	Dead: 0
30  3503.94   1.18448     19.101    3459    	Dead: 0
31  3491.1    1.23997     19.9957   3444    	Dead: 0
32  3477.84   1.25834     20.292    3435    	Dead: 0
33  3465.98   1.23299     19.8832   3433    	Dead: 0
34  3458.34   1.24918     20.1443   3416    	Dead: 0
35  3450.28   1.33415     21.5145   3406    	Dead: 0
36  3442.85   1.30694     21.0757   3395    	Dead: 0
37  3434.84   1.39115     22.4337   3386    	Dead: 0
38  3424.45   1.36642     22.0348   3378    	Dead: 0
39  3413.13   1.34317     21.6599   3366    	Dead: 0
40  3404.17   1.35281     21.8155   3364    	Dead: 0
41  3397.39   1.29893     20.9465   3357    	Dead: 0
42  3394.52   1.37547     22.1809   3357    	Dead: 0
43  3391.02   1.40461     22.6508   3357    	Dead: 0
44  3389.01   1.4663      23.6456   3349    	Dead: 0
45  3386.18   1.50869     24.3292   3347    	Dead: 0
46  3384.03   1.62063     26.1343   3344    	Dead: 0
47  3379.43   1.51315     24.4011   3333    	Dead: 0
48  3376.53   1.57251     25.3583   3333    	Dead: 0
49  3372.06   1.53729     24.7904   3326    	Dead: 0
50  3367.36   1.52762     24.6344   3324    	Dead: 0
51  3364.68   1.63825     26.4184   3324    	Dead: 0
52  3359.01   1.61242     26.0019   3312    	Dead: 0
53  3354.27   1.64976     26.6041   3307    	Dead: 0
54  3350.76   1.72764     27.8599   3305    	Dead: 0
55  3346.69   1.76999     28.5429   3302    	Dead: 0
56  3342.43   1.73207     27.9314   3300    	Dead: 0
57  3339.79   1.82317     29.4004   3298    	Dead: 0
58  3339.36   1.89808     30.6084   3298    	Dead: 0
59  3334.38   1.81506     29.2696   3295    	Dead: 0
60  3332.14   1.82609     29.4475   3294    	Dead: 0
61  3332.47   1.89661     30.5847   3294    	Dead: 0
62  3333.32   2.02087     32.5885   3287    	Dead: 0
63  3329.18   1.95419     31.5132   3287    	Dead: 0
64  3328.47   1.99023     32.0944   3287    	Dead: 0
65  3325.38   1.91525     30.8853   3283    	Dead: 0
66  3325.01   1.94336     31.3386   3283    	Dead: 0
67  3321.67   1.98652     32.0346   3274    	Dead: 0
68  3318.19   1.95451     31.5185   3274    	Dead: 0
69  3316.16   2.00999     32.4131   3270    	Dead: 0
70  3314.82   2.01458     32.4872   3270    	Dead: 0
71  3310.83   1.91842     30.9364   3266    	Dead: 0
72  3308.14   2.00876     32.3932   3260    	Dead: 0
73  3306.8    2.02337     32.6289   3258    	Dead: 0
74  3303.24   1.99991     32.2506   3258    	Dead: 0
75  3299.65   2.00311     32.3022   3257    	Dead: 0
76  3298.4    2.0222      32.61     3256    	Dead: 0
77  3296.5    2.10067     33.8755   3256    	Dead: 0
78  3294.42   2.0416      32.9228   3252    	Dead: 0
79  3291.28   2.1003      33.8695   3243    	Dead: 0
80  3290.22   2.14203     34.5424   3243    	Dead: 0
81  3288.08   2.09093     33.7183   3243    	Dead: 0
82  3287.25   2.18654     35.2601   3237    	Dead: 0
83  3284.59   2.11577     34.1189   3237    	Dead: 0
84  3284.16   2.2123      35.6755   3237    	Dead: 0
85  3281.32   2.18633     35.2568   3237    	Dead: 0
86  3278.81   2.15418     34.7383   3227    	Dead: 0
87  3277.24   2.11939     34.1774   3227    	Dead: 0
88  3275.95   2.18475     35.2313   3227    	Dead: 0
89  3274.45   2.21676     35.7475   3227    	Dead: 0
90  3270.25   2.12713     34.3021   3227    	Dead: 0
91  3269.61   2.23756     36.0829   3226    	Dead: 0
92  3267.71   2.32768     37.5361   3221    	Dead: 0
93  3264.67   2.20093     35.4921   3221    	Dead: 0
94  3263.16   2.27146     36.6295   3214    	Dead: 0
95  3260.29   2.21582     35.7323   3214    	Dead: 0
96  3258.19   2.19134     35.3376   3214    	Dead: 0
97  3259.13   2.24535     36.2085   3209    	Dead: 0
98  3257.22   2.29886     37.0713   3209    	Dead: 0
99  3255.34   2.29437     36.999    3209    	Dead: 0
100 3254.53   2.36899     38.2024   3205    	Dead: 0
