0   5262.58   4.96004     79.9856   5015    	Dead: 0
1   4801.97   4.16831     67.2182   4593    	Dead: 0
2   4488.72   2.80549     45.2413   4357    	Dead: 0
3   4264.38   2.08257     33.5835   4168    	Dead: 0
4   4129.89   1.61014     25.9652   4025    	Dead: 0
5   4025.88   1.56012     25.1586   3941    	Dead: 0
6   3941.53   1.20617     19.4507   3879    	Dead: 0
7   3886.24   1.06723     17.2102   3832    	Dead: 0
8   3844.51   0.97106     15.6593   3787    	Dead: 0
9   3808.71   0.956227    15.4201   3756    	Dead: 0
10  3773.88   1.01566     16.3785   3725    	Dead: 0
11  3741.71   1.03309     16.6596   3702    	Dead: 0
12  3721.4    1.0479      16.8985   3677    	Dead: 0
13  3706.36   1.0694      17.2451   3669    	Dead: 0
14  3694.23   1.00296     16.1738   3651    	Dead: 0
15  3682.25   1.06593     17.1891   3644    	Dead: 0
16  3667.91   1.05887     17.0754   3630    	Dead: 0
17  3655.47   1.10279     17.7837   3617    	Dead: 0
18  3645.97   1.09897     17.722    3608    	Dead: 0
19  3637.21   1.08953     17.5698   3600    	Dead: 0
20  3626.92   1.10102     17.7551   3586    	Dead: 0
21  3613.6    1.07031     17.2599   3579    	Dead: 0
22  3597.18   1.07144     17.278    3547    	Dead: 0
23  3574.84   1.13878     18.364    3525    	Dead: 0
24  3563.52   1.24471     20.0722   3513    	Dead: 0
25  3552.78   1.36822     22.0639   3508    	Dead: 0
26  3544.83   1.5014      24.2115   3496    	Dead: 0
27  3538.57   1.52827     24.6449   3496    	Dead: 0
28  3532.5    1.53661     24.7794   3480    	Dead: 0
29  3526.47   1.53372     24.7327   3477    	Dead: 0
30  3523.28   1.59892     25.7842   3477    	Dead: 0
31  3517.76   1.58265     25.5218   3470    	Dead: 0
32  3512.32   1.56625     25.2574   3465    	Dead: 0
33  3506.37   1.61166     25.9896   3454    	Dead: 0
34  3501.2    1.75766     28.344    3451    	Dead: 0
35  3493.27   1.65476     26.6847   3446    	Dead: 0
36  3487.14   1.68923     27.2405   3437    	Dead: 0
37  3481.88   1.7164      27.6786   3422    	Dead: 0
38  3477.8    1.75662     28.3273   3422    	Dead: 0
39  3469.37   1.77849     28.68     3422    	Dead: 0
40  3463.3    1.78198     28.7363   3419    	Dead: 0
41  3456.23   1.75029     28.2252   3408    	Dead: 0
42  3450.36   1.72721     27.853    3406    	Dead: 0
43  3442.67   1.72556     27.8264   3394    	Dead: 0
44  3439.4    1.79957     29.0199   3390    	Dead: 0
45  3432.45   1.67037     26.9364   3389    	Dead: 0
46  3430.36   1.87693     30.2674   3382    	Dead: 0
47  3422.24   1.73062     27.908    3379    	Dead: 0
48  3416.73   1.73754     28.0195   3378    	Dead: 0
49  3411.76   1.83029     29.5152   3370    	Dead: 0
50  3407.01   1.85219     29.8684   3366    	Dead: 0
51  3400.91   1.78893     28.8483   3362    	Dead: 0
52  3396.28   1.80535     29.1132   3356    	Dead: 0
53  3391.28   1.80131     29.0479   3350    	Dead: 0
54  3385.99   1.74853     28.1968   3348    	Dead: 0
55  3380.67   1.83108     29.528    3342    	Dead: 0
56  3375.96   1.80259     29.0685   3342    	Dead: 0
57  3373.74   1.81004     29.1887   3336    	Dead: 0
58  3370.07   1.8089      29.1703   3336    	Dead: 0
59  3367.09   1.72593     27.8323   3336    	Dead: 0
60  3365.01   1.7816      28.7301   3333    	Dead: 0
61  3364.12   1.82493     29.4287   3333    	Dead: 0
62  3362.87   1.9152      30.8846   3327    	Dead: 0
63  3361.26   1.94553     31.3736   3327    	Dead: 0
64  3361.27   2.04759     33.0194   3326    	Dead: 0
65  3357.22   1.87317     30.2067   3326    	Dead: 0
66  3357.68   2.00613     32.3509   3324    	Dead: 0
67  3355.39   2.03639     32.8388   3323    	Dead: 0
68  3355.21   2.04956     33.0513   3321    	Dead: 0
69  3351.26   1.94129     31.3052   3315    	Dead: 0
70  3350.78   2.01284     32.459    3315    	Dead: 0
71  3349.59   2.07751     33.5019   3315    	Dead: 0
72  3347.83   2.09095     33.7186   3305    	Dead: 0
73  3347.95   2.17066     35.004    3305    	Dead: 0
74  3345.22   2.22013     35.8018   3298    	Dead: 0
75  3344.78   2.32397     37.4763   3294    	Dead: 0
76  3341.14   2.32722     37.5287   3293    	Dead: 0
77  3340.96   2.45828     39.6423   3293    	Dead: 0
78  3338.12   2.50368     40.3744   3293    	Dead: 0
79  3332.78   2.38086     38.3937   3282    	Dead: 0
80  3331.95   2.47344     39.8867   3281    	Dead: 0
81  3327.43   2.48178     40.0212   3281    	Dead: 0
82  3321.96   2.47982     39.9897   3274    	Dead: 0
83  3318.33   2.49006     40.1548   3274    	Dead: 0
84  3314.24   2.43175     39.2144   3274    	Dead: 0
85  3314.35   2.62754     42.3716   3274    	Dead: 0
86  3313.93   2.57652     41.549    3270    	Dead: 0
87  3313.85   2.64036     42.5784   3269    	Dead: 0
88  3313.49   2.68737     43.3366   3262    	Dead: 0
89  3309.82   2.6754      43.1435   3262    	Dead: 0
90  3309.11   2.73024     44.0279   3257    	Dead: 0
91  3305.79   2.73105     44.0409   3255    	Dead: 0
92  3302.16   2.736       44.1207   3254    	Dead: 0
93  3300.57   2.79708     45.1056   3252    	Dead: 0
94  3300.46   2.89987     46.7633   3252    	Dead: 0
95  3295.95   2.96204     47.7658   3250    	Dead: 0
96  3292.55   2.76638     44.6107   3246    	Dead: 0
97  3293.82   2.91811     47.0575   3246    	Dead: 0
98  3289.94   2.94151     47.4348   3246    	Dead: 0
99  3285.66   2.85916     46.1068   3245    	Dead: 0
100 3287.49   2.8047      45.2286   3241    	Dead: 0
