0   5261.86   5.03533     81.1997   4961    	Dead: 0
1   4824.18   4.16072     67.0958   4583    	Dead: 0
2   4518.47   2.70749     43.6609   4374    	Dead: 0
3   4324.1    2.18241     35.1935   4233    	Dead: 0
4   4193.96   1.6782      27.0626   4110    	Dead: 0
5   4075.82   1.3501      21.7717   4009    	Dead: 0
6   3991.9    1.32818     21.4182   3927    	Dead: 0
7   3918.78   1.21464     19.5872   3857    	Dead: 0
8   3869.87   1.1036      17.7966   3817    	Dead: 0
9   3832.23   1.12606     18.1588   3773    	Dead: 0
10  3792.93   1.1051      17.8209   3748    	Dead: 0
11  3763.55   1.03662     16.7166   3720    	Dead: 0
12  3741.3    1.01131     16.3085   3692    	Dead: 0
13  3722.34   1.1115      17.924    3664    	Dead: 0
14  3695.91   1.10538     17.8253   3652    	Dead: 0
15  3663.61   1.03021     16.6132   3611    	Dead: 0
16  3636.84   1.13954     18.3763   3587    	Dead: 0
17  3604.61   1.15146     18.5684   3550    	Dead: 0
18  3576.38   1.01534     16.3734   3532    	Dead: 0
19  3560.12   1.14243     18.4228   3516    	Dead: 0
20  3545.77   1.15881     18.687    3506    	Dead: 0
21  3533.56   1.19808     19.3202   3495    	Dead: 0
22  3521.84   1.25457     20.2311   3484    	Dead: 0
23  3507.3    1.17412     18.9338   3468    	Dead: 0
24  3496.8    1.19154     19.2148   3456    	Dead: 0
25  3488.94   1.29654     20.908    3447    	Dead: 0
26  3479.79   1.27249     20.5202   3438    	Dead: 0
27  3472.05   1.28786     20.768    3431    	Dead: 0
28  3465.61   1.3701      22.0943   3420    	Dead: 0
29  3458.24   1.28602     20.7384   3420    	Dead: 0
30  3450.63   1.35213     21.8045   3414    	Dead: 0
31  3443.86   1.44948     23.3744   3399    	Dead: 0
32  3436.43   1.45367     23.4418   3395    	Dead: 0
33  3428.52   1.48778     23.992    3386    	Dead: 0
34  3420.39   1.40477     22.6533   3382    	Dead: 0
35  3414.86   1.47563     23.796    3378    	Dead: 0
36  3406.65   1.32153     21.311    3373    	Dead: 0
37  3400.26   1.34974     21.766    3360    	Dead: 0
38  3391.82   1.35046     21.7775   3353    	Dead: 0
39  3382.75   1.25425     20.226    3346    	Dead: 0
40  3374.85   1.26748     20.4393   3342    	Dead: 0
41  3367.56   1.19379     19.251    3337    	Dead: 0
42  3361.74   1.17596     18.9636   3332    	Dead: 0
43  3357.76   1.30971     21.1203   3320    	Dead: 0
44  3350.99   1.28949     20.7943   3318    	Dead: 0
45  3346.15   1.26047     20.3263   3301    	Dead: 0
46  3341.91   1.37114     22.1111   3301    	Dead: 0
47  3336.31   1.33964     21.603    3299    	Dead: 0
48  3329.11   1.33755     21.5693   3294    	Dead: 0
49  3322.1    1.29295     20.8501   3285    	Dead: 0
50  3316.73   1.33716     21.563    3279    	Dead: 0
51  3310.71   1.37019     22.0957   3269    	Dead: 0
52  3305.74   1.35463     21.8448   3269    	Dead: 0
53  3304.25   1.45191     23.4136   3265    	Dead: 0
54  3301.41   1.42588     22.9938   3265    	Dead: 0
55  3299.99   1.47979     23.863    3260    	Dead: 0
56  3296.85   1.61273     26.0068   3250    	Dead: 0
57  3290.79   1.53196     24.7044   3249    	Dead: 0
58  3282.52   1.51393     24.4136   3242    	Dead: 0
59  3274.32   1.45325     23.4351   3239    	Dead: 0
60  3268.33   1.4631      23.5939   3232    	Dead: 0
61  3264.35   1.52166     24.5383   3229    	Dead: 0
62  3260.95   1.54992     24.994    3225    	Dead: 0
63  3256.07   1.57789     25.445    3219    	Dead: 0
64  3252.92   1.66138     26.7914   3217    	Dead: 0
65  3250.71   1.74301     28.1077   3217    	Dead: 0
66  3248.66   1.8097      29.1833   3217    	Dead: 0
67  3244.92   1.72692     27.8484   3214    	Dead: 0
68  3242.54   1.73767     28.0217   3207    	Dead: 0
69  3242.72   1.88405     30.3821   3207    	Dead: 0
70  3240.32   1.85849     29.9701   3204    	Dead: 0
71  3238.65   1.85271     29.8768   3204    	Dead: 0
72  3237.66   1.89441     30.5493   3204    	Dead: 0
73  3234.34   1.85708     29.9472   3203    	Dead: 0
74  3232.77   1.83316     29.5616   3199    	Dead: 0
75  3230.09   1.9009      30.654    3194    	Dead: 0
76  3228.83   1.95558     31.5356   3194    	Dead: 0
77  3227.17   1.92596     31.0581   3190    	Dead: 0
78  3224.79   1.96863     31.7462   3189    	Dead: 0
79  3222.95   2.08739     33.6612   3185    	Dead: 0
80  3219.72   2.04698     33.0096   3180    	Dead: 0
81  3215.02   2.0677      33.3437   3180    	Dead: 0
82  3213.2    2.05077     33.0708   3180    	Dead: 0
83  3211.41   2.11231     34.0632   3179    	Dead: 0
84  3210.26   2.17731     35.1113   3172    	Dead: 0
85  3209.47   2.17754     35.115    3172    	Dead: 0
86  3208.66   2.2164      35.7416   3166    	Dead: 0
87  3206.94   2.37747     38.3391   3162    	Dead: 0
88  3201.78   2.39805     38.6709   3159    	Dead: 0
89  3197.41   2.46314     39.7206   3146    	Dead: 0
90  3193.61   2.47269     39.8746   3146    	Dead: 0
91  3189      2.37095     38.2339   3146    	Dead: 0
92  3187.72   2.46332     39.7235   3143    	Dead: 0
93  3184.51   2.37939     38.3701   3142    	Dead: 0
94  3182.2    2.29696     37.0408   3140    	Dead: 0
95  3180.73   2.32794     37.5404   3140    	Dead: 0
96  3181.11   2.45282     39.5542   3140    	Dead: 0
97  3181.13   2.47414     39.898    3138    	Dead: 0
98  3179.38   2.51057     40.4854   3138    	Dead: 0
99  3179.99   2.51163     40.5026   3138    	Dead: 0
100 3178.23   2.44528     39.4326   3136    	Dead: 0
