0   5264.27   5.21967     84.1724   4934    	Dead: 0
1   4821.07   4.39648     70.8976   4586    	Dead: 0
2   4516.79   2.60753     42.0491   4352    	Dead: 0
3   4319.94   2.13085     34.362    4207    	Dead: 0
4   4173.34   1.73566     27.9893   4075    	Dead: 0
5   4075.3    1.28489     20.7201   4002    	Dead: 0
6   3993.21   1.30729     21.0814   3928    	Dead: 0
7   3920.91   1.24993     20.1564   3852    	Dead: 0
8   3862.17   0.991043    15.9816   3805    	Dead: 0
9   3825.32   0.950304    15.3246   3775    	Dead: 0
10  3798.07   0.968317    15.6151   3755    	Dead: 0
11  3773.65   0.991263    15.9851   3733    	Dead: 0
12  3752.79   0.985387    15.8903   3713    	Dead: 0
13  3738.08   1.05857     17.0705   3703    	Dead: 0
14  3728      1.06722     17.2101   3695    	Dead: 0
15  3716.64   1.07527     17.3398   3672    	Dead: 0
16  3702.77   1.15186     18.5749   3662    	Dead: 0
17  3692.17   1.27078     20.4925   3656    	Dead: 0
18  3681.19   1.22642     19.7772   3638    	Dead: 0
19  3672.59   1.28365     20.7002   3625    	Dead: 0
20  3662.97   1.38279     22.2989   3619    	Dead: 0
21  3654.89   1.43848     23.1969   3613    	Dead: 0
22  3647.55   1.49868     24.1677   3596    	Dead: 0
23  3641.21   1.49552     24.1168   3591    	Dead: 0
24  3636.53   1.53859     24.8112   3591    	Dead: 0
25  3632.09   1.60322     25.8536   3590    	Dead: 0
26  3628.21   1.60471     25.8775   3582    	Dead: 0
27  3622.89   1.60588     25.8965   3581    	Dead: 0
28  3617.73   1.67841     27.066    3577    	Dead: 0
29  3614.3    1.56736     25.2753   3571    	Dead: 0
30  3610.85   1.61926     26.1122   3571    	Dead: 0
31  3607.17   1.63694     26.3972   3566    	Dead: 0
32  3603.81   1.63967     26.4414   3553    	Dead: 0
33  3599.36   1.67326     26.983    3553    	Dead: 0
34  3594.51   1.74478     28.1363   3546    	Dead: 0
35  3588.77   1.6845      27.1643   3544    	Dead: 0
36  3582.93   1.81963     29.3434   3539    	Dead: 0
37  3574.75   1.74876     28.2006   3512    	Dead: 0
38  3567.85   1.8385      29.6476   3508    	Dead: 0
39  3559.12   1.80784     29.1531   3504    	Dead: 0
40  3550.98   1.9457      31.3764   3494    	Dead: 0
41  3541.93   1.89446     30.5501   3490    	Dead: 0
42  3537.39   2.0008      32.2649   3480    	Dead: 0
43  3531.84   2.03707     32.8498   3470    	Dead: 0
44  3524.77   2.10452     33.9375   3468    	Dead: 0
45  3518.01   2.0799      33.5405   3458    	Dead: 0
46  3513.02   2.12559     34.2773   3458    	Dead: 0
47  3506.81   2.11015     34.0282   3458    	Dead: 0
48  3503.17   2.17372     35.0534   3450    	Dead: 0
49  3495.91   2.13133     34.3698   3426    	Dead: 0
50  3491.36   2.11743     34.1457   3426    	Dead: 0
51  3483.35   2.05767     33.182    3423    	Dead: 0
52  3475.17   2.06368     33.2789   3408    	Dead: 0
53  3464.64   2.09922     33.852    3408    	Dead: 0
54  3455.07   2.06145     33.243    3401    	Dead: 0
55  3444.49   1.93495     31.203    3394    	Dead: 0
56  3437.4    1.81205     29.2212   3379    	Dead: 0
57  3431.85   1.87688     30.2666   3379    	Dead: 0
58  3429.06   1.93282     31.1687   3378    	Dead: 0
59  3422.93   1.88275     30.3612   3374    	Dead: 0
60  3418.45   1.92539     31.0489   3373    	Dead: 0
61  3414.35   1.88415     30.3838   3371    	Dead: 0
62  3410.49   1.92399     31.0262   3362    	Dead: 0
63  3405.89   1.93299     31.1714   3359    	Dead: 0
64  3402.9    2.00126     32.2723   3356    	Dead: 0
65  3399.8    2.03029     32.7404   3355    	Dead: 0
66  3394.89   1.83716     29.6261   3355    	Dead: 0
67  3394.42   1.98228     31.9663   3355    	Dead: 0
68  3392.66   1.97113     31.7864   3354    	Dead: 0
69  3389.82   1.9319      31.1539   3349    	Dead: 0
70  3388.36   1.92923     31.1107   3349    	Dead: 0
71  3387.17   1.96886     31.7498   3346    	Dead: 0
72  3384.25   1.87104     30.1723   3346    	Dead: 0
73  3383.46   1.94346     31.3402   3346    	Dead: 0
74  3383.21   1.96712     31.7218   3346    	Dead: 0
75  3381.84   1.99786     32.2175   3342    	Dead: 0
76  3381.36   2.02882     32.7168   3327    	Dead: 0
77  3377.19   1.94856     31.4225   3327    	Dead: 0
78  3376.42   2.00699     32.3647   3327    	Dead: 0
79  3373.59   1.97226     31.8046   3327    	Dead: 0
80  3369.84   1.93644     31.2271   3327    	Dead: 0
81  3368.14   1.98403     31.9945   3327    	Dead: 0
82  3366.89   1.89901     30.6234   3326    	Dead: 0
83  3363.11   1.8381      29.6413   3325    	Dead: 0
84  3362.41   1.89903     30.6238   3325    	Dead: 0
85  3359.4    1.89203     30.5109   3320    	Dead: 0
86  3358.64   1.88249     30.3571   3319    	Dead: 0
87  3357.41   1.90373     30.6996   3319    	Dead: 0
88  3354.61   1.80884     29.1694   3319    	Dead: 0
89  3356.02   1.93841     31.2589   3319    	Dead: 0
90  3353.44   1.92092     30.9767   3319    	Dead: 0
91  3352.44   1.92129     30.9827   3316    	Dead: 0
92  3351.82   1.90825     30.7724   3314    	Dead: 0
93  3352.51   1.98329     31.9826   3314    	Dead: 0
94  3350.59   1.92118     30.9809   3314    	Dead: 0
95  3351.89   2.04498     32.9773   3310    	Dead: 0
96  3347.92   1.90564     30.7303   3308    	Dead: 0
97  3347.9    2.045       32.9776   3303    	Dead: 0
98  3345.39   2.02455     32.6479   3296    	Dead: 0
99  3344.86   2.20521     35.5612   3296    	Dead: 0
100 3339.53   2.04142     32.92     3289    	Dead: 0
