0   11.44     0.0489947   0.790089  14.6    
1   14.5032   0.0655915   1.05773   18.2    
2   15.9912   0.0894672   1.44275   20.2    
3   17.085    0.107049    1.72627   21.2    
4   17.5882   0.123898    1.99797   21.4    
5   18.1182   0.135275    2.18145   22      
6   18.5134   0.148774    2.39913   23.2    
7   18.8584   0.151322    2.44022   23.4    
8   19.087    0.16155     2.60516   23.4    
9   19.258    0.162468    2.61995   23.6    
10  19.3986   0.17522     2.82559   24.4    
11  19.4778   0.184411    2.97382   25      
12  19.7038   0.175315    2.82712   25      
13  19.9832   0.178516    2.87874   25      
14  20.19     0.18589     2.99766   25      
15  20.2194   0.192085    3.09757   25.8    
16  20.4722   0.193674    3.12318   25.8    
17  20.2294   0.208181    3.35713   26.6    
18  20.617    0.199697    3.22031   26.6    
19  20.618    0.209459    3.37774   26.6    
20  20.8682   0.203628    3.28371   26.6    
21  20.6842   0.215179    3.46998   26.6    
22  20.9786   0.211651    3.41309   26.6    
23  21.0044   0.218823    3.52874   26.8    
24  21.052    0.227908    3.67524   26.8    
25  21.2398   0.223935    3.61117   26.8    
26  21.3292   0.233269    3.76169   27      
27  21.2254   0.233438    3.76442   27      
28  21.2128   0.235705    3.80098   27.6    
29  21.3974   0.226596    3.65409   28.6    
30  21.489    0.239656    3.8647    28.6    
31  21.5322   0.2294      3.69931   28.6    
32  21.9046   0.221923    3.57872   28.6    
33  21.6298   0.237487    3.82971   28.6    
34  21.5606   0.25094     4.04666   28.6    
35  21.7466   0.247253    3.9872    28.6    
36  21.8284   0.24212     3.90443   28.6    
37  21.8072   0.24526     3.95506   28.8    
38  21.9992   0.246116    3.96887   28.8    
39  21.9432   0.244922    3.94961   28.8    
40  22.0572   0.243691    3.92975   30      
41  22.334    0.237122    3.82383   30      
42  22.1706   0.255774    4.12462   30      
43  22.1936   0.253624    4.08993   30      
44  22.4182   0.24955     4.02425   30      
45  22.4748   0.247306    3.98806   30      
46  22.4996   0.270862    4.36792   30      
47  22.7336   0.258915    4.17527   30      
48  23.0184   0.254528    4.10452   30      
49  23.0562   0.256988    4.14419   30.2    
50  23.0668   0.262281    4.22955   30.2    
51  22.72     0.217024    3.49974   30.2    
52  22.5784   0.211792    3.41536   30.2    
53  22.7408   0.208845    3.36784   30.2    
54  22.8468   0.208647    3.36465   30.2    
55  23.008    0.208701    3.36551   30.2    
56  23.1788   0.207031    3.33858   30.2    
57  23.2718   0.209649    3.38079   30.2    
58  23.321    0.210165    3.38912   30.2    
59  23.5622   0.207812    3.35117   30.2    
60  23.5506   0.214041    3.45163   30.6    
61  23.9038   0.20503     3.30632   30.6    
62  23.9362   0.218379    3.52157   32      
63  24.0008   0.223054    3.59697   32      
64  24.3632   0.211597    3.41221   32      
65  24.5896   0.215359    3.47287   32.6    
66  24.853    0.215582    3.47647   32.6    
67  25.072    0.219543    3.54035   32.6    
68  25.0872   0.227712    3.67209   34.2    
69  25.4064   0.220273    3.55212   34.8    
70  25.5304   0.229802    3.70579   34.8    
71  25.6032   0.239634    3.86434   34.8    
72  25.8242   0.242926    3.91742   34.8    
73  26.0182   0.240618    3.88021   35      
74  26.1646   0.247818    3.99632   35      
75  26.2766   0.251337    4.05306   35      
76  26.3358   0.250223    4.0351    35      
77  26.3586   0.257274    4.1488    35      
78  26.428    0.259708    4.18805   35      
79  26.6584   0.260906    4.20738   36.2    
80  26.822    0.261267    4.2132    36.4    
81  26.8334   0.269642    4.34825   36.4    
82  26.8746   0.27751     4.47513   37.8    
83  27.0056   0.279578    4.50847   37.8    
84  27.1038   0.283035    4.56422   37.8    
85  27.1966   0.289015    4.66066   37.8    
86  27.1816   0.290193    4.67966   37.8    
87  27.1824   0.290637    4.68681   37.8    
88  27.2942   0.294164    4.74368   37.8    
89  27.3486   0.292805    4.72177   37.8    
90  27.4962   0.286933    4.62708   37.8    
91  27.444    0.292444    4.71595   37.8    
92  27.467    0.294959    4.75651   37.8    
93  27.524    0.297548    4.79826   37.8    
94  27.6032   0.296003    4.77334   37.8    
95  27.659    0.297662    4.8001    37.8    
96  27.7546   0.302911    4.88475   37.8    
97  27.6836   0.305507    4.9266    37.8    
98  27.7302   0.308905    4.98141   37.8    
99  27.9526   0.307277    4.95515   40      
100 27.7282   0.319093    5.14569   40      
