0   11.246    0.0451573   0.728206  13.8    
1   13.664    0.0684914   1.10449   17.2    
2   14.9772   0.0945697   1.52503   18.8    
3   16.0938   0.126192    2.03496   20.2    
4   16.7662   0.141286    2.27837   21      
5   17.3004   0.146972    2.37006   22      
6   17.8316   0.164065    2.64571   22      
7   18.117    0.171095    2.75908   22.4    
8   18.4352   0.171179    2.76043   23.4    
9   18.5448   0.184176    2.97002   23.4    
10  18.7516   0.181285    2.92341   23.4    
11  19.0506   0.18812     3.03362   24.2    
12  19.049    0.195568    3.15373   24.2    
13  19.2594   0.199977    3.22482   24.8    
14  19.5354   0.194257    3.13259   24.8    
15  19.6208   0.210024    3.38684   26.2    
16  19.8708   0.201604    3.25106   26.2    
17  19.7632   0.224181    3.61514   29.2    
18  20.1952   0.223284    3.60067   29.2    
19  20.3788   0.220966    3.56329   29.2    
20  20.5394   0.236635    3.81598   29.2    
21  20.791    0.239971    3.86976   29.2    
22  20.8452   0.25666     4.13889   29.2    
23  20.953    0.25395     4.0952    29.2    
24  21.3296   0.253943    4.09509   29.2    
25  21.1646   0.262601    4.2347    29.2    
26  21.6066   0.259       4.17663   30.4    
27  21.6082   0.271376    4.37621   30.4    
28  21.7894   0.273656    4.41297   30.4    
29  21.9142   0.277297    4.47168   30.4    
30  22.0144   0.271477    4.37784   30.4    
31  21.999    0.285568    4.60507   30.4    
32  22.3856   0.283912    4.57836   30.4    
33  22.2008   0.296155    4.7758    30.4    
34  22.4084   0.28993     4.67542   30.4    
35  22.5624   0.293611    4.73478   30.6    
36  22.644    0.296038    4.7739    30.8    
37  22.2646   0.310021    4.9994    30.8    
38  22.6198   0.308224    4.97042   30.8    
39  22.54     0.312872    5.04537   30.8    
40  22.8652   0.302625    4.88014   30.8    
41  22.6612   0.308504    4.97494   31.2    
42  22.6782   0.31034     5.00454   31.2    
43  22.6118   0.311877    5.02933   31.8    
44  22.602    0.31627     5.10016   31.8    
45  22.6772   0.316047    5.09658   31.8    
46  22.7662   0.318456    5.13542   31.8    
47  22.7584   0.323383    5.21488   31.8    
48  22.7544   0.330928    5.33654   31.8    
49  22.759    0.315279    5.08419   31.8    
50  22.8902   0.326138    5.2593    31.8    
51  23.6426   0.236111    3.80753   31.8    
52  23.7094   0.231965    3.74067   31.8    
53  23.8606   0.227861    3.67448   31.8    
54  23.9274   0.227173    3.66339   31.8    
55  23.9396   0.226237    3.64829   31.8    
56  23.884    0.23085     3.72269   31.8    
57  23.911    0.226998    3.66057   31.8    
58  23.9546   0.227422    3.66741   31.8    
59  23.9594   0.231788    3.73781   31.8    
60  23.9456   0.228276    3.68117   31.8    
61  24.0706   0.228652    3.68724   31.8    
62  24.0258   0.229075    3.69406   31.8    
63  24.0548   0.231441    3.73221   31.8    
64  24.0854   0.22786     3.67447   31.8    
65  24.091    0.232118    3.74314   31.8    
66  24.1842   0.235311    3.79463   31.8    
67  24.3198   0.235262    3.79384   31.8    
68  24.3956   0.229771    3.70529   31.8    
69  24.5116   0.232788    3.75393   31.8    
70  24.3848   0.237479    3.82959   32.8    
71  24.3784   0.239803    3.86706   32.8    
72  24.3732   0.244182    3.93767   32.8    
73  24.4438   0.245813    3.96397   32.8    
74  24.6122   0.240928    3.88521   32.8    
75  24.637    0.245385    3.95707   32.8    
76  24.8366   0.240949    3.88555   32.8    
77  24.833    0.243427    3.92551   33.4    
78  25.0236   0.238495    3.84597   33.4    
79  24.8414   0.262097    4.22658   34.2    
80  25.0896   0.253124    4.08188   34.2    
81  25.1654   0.253899    4.09438   34.2    
82  25.1706   0.265869    4.28741   34.2    
83  25.3068   0.265201    4.27663   34.2    
84  25.2828   0.266918    4.30433   34.2    
85  25.426    0.266859    4.30337   35      
86  25.3168   0.271145    4.37249   35      
87  25.698    0.262702    4.23633   35      
88  25.6926   0.270773    4.36648   35.8    
89  25.5968   0.267579    4.31499   35.8    
90  25.734    0.275035    4.43522   35.8    
91  25.8242   0.283406    4.5702    35.8    
92  25.8684   0.282616    4.55747   35.8    
93  25.8722   0.284806    4.59279   35.8    
94  25.9836   0.283303    4.56854   35.8    
95  25.8982   0.287126    4.6302    36.6    
96  26.1738   0.286941    4.62721   36.6    
97  26.236    0.284053    4.58064   36.6    
98  26.2634   0.29328     4.72943   36.6    
99  26.1556   0.300692    4.84896   36.6    
100 26.31     0.292954    4.72418   36.6    
