0   11.157    0.0432427   0.697331  13.8    
1   13.68     0.0570184   0.919478  16.8    
2   15.3018   0.0796283   1.28409   18.8    
3   16.6214   0.108158    1.74415   21      
4   17.8244   0.118443    1.91001   22      
5   18.7814   0.13969     2.25265   23.2    
6   19.3432   0.159095    2.56557   24.8    
7   19.794    0.174665    2.81664   24.8    
8   20.279    0.17233     2.779     24.8    
9   20.5744   0.172069    2.77478   25.2    
10  20.6816   0.18506     2.98428   25.4    
11  20.9044   0.189678    3.05874   26      
12  21.131    0.188218    3.03521   26      
13  21.0814   0.199946    3.22433   26      
14  21.209    0.206669    3.33274   27.2    
15  21.4668   0.202239    3.2613    27.2    
16  21.5566   0.208225    3.35784   27.2    
17  21.8414   0.209537    3.37899   27.4    
18  21.9276   0.216705    3.49458   27.8    
19  22.1816   0.221882    3.57806   27.8    
20  22.2398   0.22718     3.6635    29.2    
21  22.402    0.234338    3.77893   29.2    
22  22.6812   0.223557    3.60508   29.2    
23  22.8118   0.227778    3.67314   29.2    
24  22.819    0.233086    3.75874   29.2    
25  22.9074   0.234973    3.78917   29.2    
26  22.8746   0.241118    3.88827   29.2    
27  22.905    0.249414    4.02206   31.4    
28  23.1376   0.233748    3.76942   31.4    
29  23.1012   0.241038    3.88698   31.4    
30  23.151    0.238679    3.84893   31.4    
31  23.1942   0.243903    3.93318   31.4    
32  23.159    0.24928     4.01989   31.4    
33  23.2158   0.25473     4.10777   31.4    
34  23.2936   0.256507    4.13644   31.4    
35  23.3792   0.254234    4.09977   31.4    
36  23.4448   0.255493    4.12009   31.4    
37  23.4334   0.254242    4.09991   31.4    
38  23.5026   0.249809    4.02843   31.4    
39  23.7696   0.252358    4.06953   31.4    
40  23.5392   0.258485    4.16833   31.4    
41  23.5128   0.271292    4.37485   31.4    
42  23.6978   0.266782    4.30212   31.4    
43  23.6936   0.268382    4.32792   31.4    
44  23.646    0.27512     4.43658   31.4    
45  23.8854   0.268924    4.33667   31.4    
46  23.7984   0.267307    4.31059   31.4    
47  23.9018   0.265       4.27339   31.4    
48  23.856    0.274317    4.42364   31.4    
49  24.0098   0.279792    4.51193   31.4    
50  24.1964   0.263892    4.25553   31.4    
51  24.0426   0.264258    4.26143   31.4    
52  24.0162   0.260021    4.19309   31.4    
53  24.0684   0.265359    4.27918   31.4    
54  23.9514   0.269559    4.34691   31.4    
55  24.2012   0.264065    4.25831   31.4    
56  24.1604   0.261859    4.22274   31.4    
57  24.2134   0.269906    4.35251   31.4    
58  24.2568   0.266419    4.29627   31.4    
59  24.1076   0.273556    4.41137   31.4    
60  24.2874   0.274838    4.43204   31.4    
61  24.233    0.275703    4.44599   31.8    
62  24.3488   0.266687    4.3006    32.4    
63  24.3702   0.275543    4.4434    32.4    
64  24.448    0.267138    4.30787   32.4    
65  24.524    0.271397    4.37654   32.4    
66  24.5494   0.269115    4.33975   32.4    
67  24.5062   0.272642    4.39663   32.4    
68  24.702    0.268874    4.33586   32.4    
69  24.6052   0.29053     4.68508   32.4    
70  24.7132   0.276995    4.46682   32.4    
71  24.6      0.290367    4.68245   32.4    
72  24.5366   0.293528    4.73344   32.4    
73  24.7572   0.280502    4.52338   32.4    
74  24.8902   0.280449    4.52252   32.4    
75  24.9242   0.286321    4.61722   32.4    
76  25.125    0.282716    4.55907   32.4    
77  24.898    0.282866    4.56149   32.4    
78  24.805    0.295503    4.76528   32.4    
79  24.9818   0.281673    4.54226   32.4    
80  24.9588   0.296619    4.78329   32.4    
81  24.8988   0.30038     4.84393   32.4    
82  25.1736   0.288258    4.64844   32.4    
83  25.2142   0.287572    4.63738   32.4    
84  25.106    0.289168    4.66313   32.4    
85  25.1916   0.288374    4.65032   32.8    
86  25.1968   0.296819    4.7865    32.8    
87  25.2228   0.29474     4.75297   32.8    
88  25.437    0.289906    4.67502   32.8    
89  25.4658   0.289925    4.67533   32.8    
90  25.3832   0.293148    4.7273    32.8    
91  25.2934   0.298034    4.8061    33.2    
92  25.4474   0.293172    4.72769   33.2    
93  25.447    0.283433    4.57064   33.2    
94  25.3158   0.312138    5.03354   33.2    
95  25.5682   0.285624    4.60598   33.2    
96  25.6442   0.290945    4.69177   33.2    
97  25.4422   0.304429    4.90923   33.2    
98  25.6288   0.294653    4.75158   33.2    
99  25.7044   0.287555    4.63712   33.2    
100 25.4444   0.30331     4.89117   33.2    
