0   9.424     0.0324875   0.523893  11.2    
1   12.0134   0.0396729   0.639766  14.4    
2   14.2956   0.0491788   0.793058  16.8    
3   17.1412   0.0613452   0.989254  21      
4   18.5114   0.0787921   1.2706    22.8    
5   19.4312   0.0873547   1.40868   23.2    
6   20.298    0.104492    1.68504   25      
7   20.9416   0.117031    1.88725   25.2    
8   21.6724   0.123395    1.98986   28.2    
9   22.2772   0.125165    2.01841   28.2    
10  22.7222   0.129765    2.09259   28.2    
11  23.025    0.135302    2.18188   28.6    
12  23.4012   0.134477    2.16858   29      
13  23.5234   0.144791    2.3349    29.4    
14  23.6648   0.150797    2.43175   29.4    
15  23.7452   0.159286    2.56865   29.4    
16  24.0652   0.14434     2.32762   29.4    
17  24.0882   0.157692    2.54295   29.8    
18  24.2368   0.164548    2.6535    29.8    
19  24.3236   0.172141    2.77594   30      
20  24.4438   0.170788    2.75413   30.4    
21  24.641    0.162277    2.61688   32      
22  24.625    0.177867    2.86829   32      
23  24.7992   0.170274    2.74583   32      
24  25.0142   0.166933    2.69196   32      
25  25.141    0.172263    2.77791   32      
26  25.3954   0.17505     2.82285   32      
27  25.6006   0.177757    2.8665    32      
28  25.69     0.183112    2.95287   32      
29  25.829    0.182716    2.94648   32      
30  26.054    0.180785    2.91535   32      
31  26.187    0.187608    3.02536   32      
32  26.3066   0.187936    3.03065   33.8    
33  26.3606   0.198191    3.19602   33.8    
34  26.4234   0.197106    3.17852   35.2    
35  26.494    0.202386    3.26367   35.2    
36  26.7482   0.194197    3.13162   35.2    
37  26.8558   0.197356    3.18256   35.2    
38  26.9196   0.201693    3.25251   35.2    
39  26.9606   0.200488    3.23307   35.2    
40  26.9438   0.206153    3.32442   36.6    
41  27.0308   0.204489    3.29759   36.6    
42  27.075    0.205002    3.30586   36.6    
43  27.2854   0.195609    3.15439   36.6    
44  27.1508   0.211934    3.41765   36.6    
45  27.2662   0.211479    3.41031   36.6    
46  27.2954   0.206845    3.33557   36.6    
47  27.3316   0.208569    3.36339   36.6    
48  27.4472   0.208665    3.36493   36.6    
49  27.4462   0.207416    3.34478   36.6    
50  27.6036   0.213306    3.43977   36.6    
51  27.521    0.211928    3.41755   36.6    
52  27.3628   0.222485    3.5878    36.6    
53  27.494    0.221269    3.56818   36.6    
54  27.6952   0.211474    3.41023   36.6    
55  27.6344   0.21932     3.53675   36.6    
56  27.822    0.209306    3.37526   36.6    
57  27.6808   0.224745    3.62424   36.6    
58  27.8698   0.21126     3.40678   36.6    
59  27.8288   0.217261    3.50355   36.6    
60  27.9364   0.207909    3.35275   36.6    
61  27.907    0.219571    3.5408    36.6    
62  27.8658   0.219963    3.54713   36.6    
63  27.8868   0.219492    3.53952   36.6    
64  27.9368   0.224838    3.62573   36.6    
65  28.1628   0.207358    3.34386   36.6    
66  27.9716   0.22284     3.59352   36.6    
67  28.0686   0.219335    3.537     36.6    
68  28.02     0.23508     3.7909    36.6    
69  28.1778   0.222167    3.58266   36.6    
70  28.234    0.220937    3.56283   36.6    
71  28.2632   0.212792    3.43149   36.6    
72  28.2578   0.226097    3.64604   36.6    
73  28.2592   0.226806    3.65748   36.6    
74  28.2458   0.221108    3.56558   36.6    
75  28.2272   0.221143    3.56615   36.6    
76  28.3444   0.219261    3.5358    36.6    
77  28.2774   0.22985     3.70656   36.6    
78  28.322    0.218992    3.53147   36.6    
79  28.4378   0.222071    3.58111   36.6    
80  28.5516   0.221433    3.57083   36.6    
81  28.4546   0.232641    3.75157   36.6    
82  28.5008   0.226008    3.6446    36.6    
83  28.6966   0.22185     3.57755   36.6    
84  28.5802   0.229384    3.69904   36.6    
85  28.4958   0.232977    3.75699   36.6    
86  28.7552   0.22971     3.70431   36.6    
87  28.7552   0.234236    3.77729   36.8    
88  28.9014   0.238035    3.83855   36.8    
89  28.7814   0.243125    3.92063   36.8    
90  28.9162   0.236475    3.81339   36.8    
91  28.9896   0.245517    3.95921   36.8    
92  29.1036   0.236777    3.81826   36.8    
93  29.3334   0.231768    3.7375    36.8    
94  29.4762   0.229139    3.69509   36.8    
95  29.515    0.236114    3.80757   37.2    
96  29.4772   0.247185    3.98611   39.4    
97  29.6568   0.251091    4.0491    39.4    
98  29.8402   0.245847    3.96454   39.4    
99  30.0006   0.249678    4.02631   39.4    
100 30.255    0.238019    3.83829   39.4    
