0   11.2988   0.0461259   0.743827  14.2    
1   13.6914   0.0573065   0.924124  17.4    
2   15.0052   0.0949709   1.5315    19.2    
3   16.211    0.122124    1.96937   20.8    
4   16.9862   0.141564    2.28286   21.6    
5   17.4984   0.154855    2.4972    22      
6   17.9618   0.168675    2.72005   24.4    
7   18.4302   0.173651    2.8003    24.4    
8   18.919    0.193191    3.1154    26.4    
9   19.1102   0.202413    3.26412   26.4    
10  19.486    0.204699    3.30098   26.4    
11  19.5012   0.222463    3.58743   26.4    
12  19.6416   0.230202    3.71224   26.4    
13  19.7916   0.228487    3.68459   26.4    
14  19.804    0.236331    3.81108   26.4    
15  19.8646   0.241862    3.90026   26.4    
16  20.0538   0.243564    3.92771   26.4    
17  19.9212   0.25726     4.14857   26.4    
18  19.9278   0.259355    4.18236   27      
19  20.223    0.249939    4.03052   27      
20  20.2214   0.260551    4.20165   29      
21  20.296    0.25887     4.17454   29      
22  19.835    0.283207    4.567     29      
23  20.197    0.267794    4.31845   29      
24  20.311    0.272232    4.39001   29      
25  20.487    0.262436    4.23204   29      
26  20.4342   0.270691    4.36516   29      
27  20.463    0.272219    4.3898    29      
28  20.6166   0.267036    4.30623   29      
29  20.5994   0.276055    4.45166   29      
30  20.3316   0.288802    4.65722   29      
31  20.403    0.291104    4.69435   29      
32  20.7558   0.276321    4.45595   29      
33  20.6188   0.288419    4.65105   29      
34  20.642    0.291295    4.69743   29      
35  20.7718   0.288507    4.65247   29      
36  20.6872   0.288685    4.65533   29      
37  20.6354   0.301976    4.86966   29      
38  20.6196   0.304219    4.90584   29      
39  20.9432   0.28622     4.61559   29      
40  20.8604   0.302171    4.87282   29      
41  21.0426   0.295434    4.76416   29      
42  21.0018   0.288633    4.65449   29      
43  20.8176   0.304808    4.91534   29      
44  20.8604   0.304975    4.91803   29      
45  20.968    0.304919    4.91712   29      
46  20.9828   0.308442    4.97393   29      
47  21.113    0.300888    4.85212   29      
48  21.2034   0.298835    4.81902   30.2    
49  21.0068   0.307462    4.95814   30.2    
50  21.1944   0.316388    5.10207   30.2    
51  21.9848   0.223831    3.6095    30.2    
52  22.1658   0.212953    3.43409   30.2    
53  22.1798   0.21404     3.45161   30.2    
54  22.3884   0.20831     3.35921   30.2    
55  22.4642   0.209859    3.38419   30.2    
56  22.5046   0.20703     3.33856   30.2    
57  22.6364   0.208524    3.36266   30.2    
58  22.8592   0.20577     3.31824   30.2    
59  22.87     0.213474    3.44248   31.2    
60  23.016    0.215698    3.47834   31.2    
61  23.169    0.218943    3.53067   31.2    
62  23.3266   0.214426    3.45784   31.2    
63  23.4096   0.215427    3.47397   31.2    
64  23.6308   0.213345    3.44041   31.2    
65  23.6356   0.22572     3.63997   31.2    
66  23.8218   0.230391    3.71528   32      
67  23.8704   0.234455    3.78082   32      
68  24.1722   0.230271    3.71335   32      
69  24.1924   0.236121    3.80769   32      
70  24.264    0.239106    3.85582   32      
71  24.322    0.243779    3.93119   32      
72  24.2862   0.246767    3.97936   32      
73  24.5362   0.245382    3.95703   32      
74  24.5692   0.255233    4.11589   32      
75  24.7842   0.25429     4.10068   32.2    
76  24.856    0.251646    4.05804   32.8    
77  25.0182   0.253876    4.094     33      
78  24.9236   0.270941    4.3692    33      
79  24.8736   0.266537    4.29818   33      
80  24.924    0.269658    4.34851   33      
81  25.1416   0.263342    4.24666   33      
82  25.108    0.265387    4.27964   33      
83  25.0338   0.270449    4.36127   33      
84  25.0652   0.271139    4.37239   33      
85  25.2184   0.267092    4.30713   33      
86  25.3902   0.262823    4.23828   33      
87  25.3074   0.275491    4.44256   33      
88  25.2082   0.277884    4.48116   33      
89  25.4154   0.275586    4.4441    33.2    
90  25.4862   0.263355    4.24687   33.2    
91  25.2394   0.280568    4.52443   33.2    
92  25.1892   0.284007    4.57989   33.2    
93  25.4378   0.278287    4.48765   33.2    
94  25.3124   0.280186    4.51828   33.2    
95  25.4428   0.281808    4.54443   33.2    
96  25.4516   0.28246     4.55494   33.8    
97  25.3848   0.288735    4.65615   33.8    
98  25.5592   0.281433    4.53839   33.8    
99  25.7008   0.273946    4.41766   33.8    
100 25.6422   0.284259    4.58397   33.8    
