0   11.1555   0.0361854   0.583526  9.28766 	Dead: 0
1   10.766    0.0310259   0.500323  9.1935  	Dead: 0
2   10.4936   0.0304959   0.491778  8.16709 	Dead: 0
3   10.2654   0.0294068   0.474214  8.16709 	Dead: 0
4   10.0459   0.0305878   0.493259  8.16709 	Dead: 0
5   9.85106   0.0310435   0.500607  8.16709 	Dead: 0
6   9.62903   0.0294694   0.475224  8.16709 	Dead: 0
7   9.43764   0.0298064   0.480658  7.80408 	Dead: 0
8   9.23273   0.0292827   0.472213  7.80408 	Dead: 0
9   9.04959   0.0301483   0.486171  7.38503 	Dead: 0
10  8.86094   0.030461    0.491214  6.38663 	Dead: 0
11  8.68772   0.0313127   0.504949  6.38663 	Dead: 0
12  8.49192   0.0339498   0.547474  6.38663 	Dead: 0
13  8.2489    0.0346893   0.559399  5.98669 	Dead: 0
14  7.97494   0.0396991   0.640188  5.98669 	Dead: 0
15  7.65655   0.0425063   0.685456  4.70248 	Dead: 0
16  7.28827   0.0441984   0.712743  4.70248 	Dead: 0
17  6.93848   0.0464024   0.748286  4.70248 	Dead: 0
18  6.58072   0.0448536   0.723309  4.4058  	Dead: 0
19  6.27131   0.0446797   0.720504  4.4058  	Dead: 0
20  6.00666   0.0424885   0.68517   3.96324 	Dead: 0
21  5.83154   0.0454026   0.732163  3.96324 	Dead: 0
22  5.6957    0.0454453   0.732851  3.96324 	Dead: 0
23  5.58916   0.0484748   0.781705  3.65317 	Dead: 0
24  5.45546   0.0448295   0.72292   3.65317 	Dead: 0
25  5.37331   0.0469217   0.756659  3.31688 	Dead: 0
26  5.27876   0.0450801   0.726962  3.31688 	Dead: 0
27  5.25069   0.0487994   0.78694   3.31688 	Dead: 0
28  5.1617    0.0488552   0.787839  3.31688 	Dead: 0
29  5.08993   0.0487144   0.785568  3.26139 	Dead: 0
30  5.04629   0.0501116   0.808099  3.26139 	Dead: 0
31  4.95741   0.0518894   0.836768  3.2263  	Dead: 0
32  4.85359   0.0512644   0.826689  3.19214 	Dead: 0
33  4.81372   0.0557993   0.899819  3.08794 	Dead: 0
34  4.7514    0.0577851   0.931842  3.08794 	Dead: 0
35  4.60106   0.0530167   0.854947  3.08794 	Dead: 0
36  4.49037   0.0530229   0.855047  3.08794 	Dead: 0
37  4.49566   0.0616588   0.99431   3.03058 	Dead: 0
38  4.41021   0.0591696   0.954169  2.70158 	Dead: 0
39  4.34209   0.0593561   0.957177  2.70158 	Dead: 0
40  4.28313   0.0578685   0.933188  2.70158 	Dead: 0
41  4.22684   0.0586414   0.945652  2.45502 	Dead: 0
42  4.17566   0.0584182   0.942052  2.45502 	Dead: 0
43  4.16347   0.0580704   0.936443  2.45502 	Dead: 0
44  4.15368   0.0612731   0.988091  2.45502 	Dead: 0
45  4.12552   0.0606783   0.978499  2.45502 	Dead: 0
46  4.14153   0.0636334   1.02615   2.45502 	Dead: 0
47  4.08212   0.0625163   1.00814   2.45502 	Dead: 0
48  4.11752   0.0668372   1.07782   2.45502 	Dead: 0
49  4.04294   0.0608179   0.980749  2.45502 	Dead: 0
50  4.05026   0.0610179   0.983975  2.45502 	Dead: 0
51  4.0668    0.0629422   1.01501   2.45502 	Dead: 0
52  4.05619   0.0634537   1.02325   2.45502 	Dead: 0
53  4.0499    0.0640187   1.03237   2.45502 	Dead: 0
54  4.01283   0.0634315   1.0229    2.26453 	Dead: 0
55  3.98271   0.0626542   1.01036   2.26453 	Dead: 0
56  3.9592    0.0621891   1.00286   2.26453 	Dead: 0
57  3.97357   0.0626699   1.01061   2.26453 	Dead: 0
58  3.95974   0.0636887   1.02704   2.26453 	Dead: 0
59  3.96542   0.0659871   1.06411   2.26453 	Dead: 0
60  3.95767   0.065383    1.05437   2.26453 	Dead: 0
61  3.89788   0.0638046   1.02891   2.26453 	Dead: 0
62  3.88008   0.065279    1.05269   2.26453 	Dead: 0
63  3.91028   0.0662842   1.0689    2.26453 	Dead: 0
64  3.94357   0.0698811   1.1269    2.26453 	Dead: 0
65  3.9351    0.0689658   1.11214   2.26453 	Dead: 0
66  3.93773   0.069863    1.12661   2.26453 	Dead: 0
67  3.86957   0.0665056   1.07247   2.26453 	Dead: 0
68  3.93789   0.0697179   1.12427   2.26453 	Dead: 0
69  3.91152   0.0701057   1.13052   2.26453 	Dead: 0
70  3.85813   0.067794    1.09325   2.26453 	Dead: 0
71  3.81638   0.0643771   1.03815   2.26453 	Dead: 0
72  3.8012    0.0649328   1.04711   2.26453 	Dead: 0
73  3.79886   0.0661137   1.06615   2.26453 	Dead: 0
74  3.79882   0.0651789   1.05107   2.26453 	Dead: 0
75  3.80297   0.0690097   1.11285   2.26453 	Dead: 0
76  3.8061    0.0675162   1.08877   2.26453 	Dead: 0
77  3.82124   0.0695      1.12076   2.26453 	Dead: 0
78  3.80694   0.0677236   1.09211   2.26453 	Dead: 0
79  3.80008   0.0665569   1.0733    2.26453 	Dead: 0
80  3.80786   0.0689006   1.11109   2.26453 	Dead: 0
81  3.75867   0.0661945   1.06745   2.26453 	Dead: 0
82  3.78351   0.0691236   1.11469   2.26453 	Dead: 0
83  3.79656   0.067949    1.09575   2.26453 	Dead: 0
84  3.80113   0.0706641   1.13953   2.26453 	Dead: 0
85  3.75067   0.0667967   1.07716   2.26453 	Dead: 0
86  3.85411   0.0765288   1.2341    2.26453 	Dead: 0
87  3.79333   0.0716924   1.15611   2.26453 	Dead: 0
88  3.83829   0.0750083   1.20958   2.26453 	Dead: 0
89  3.80617   0.0730941   1.17871   2.26453 	Dead: 0
90  3.73978   0.0668      1.07722   2.26453 	Dead: 0
91  3.78603   0.0717242   1.15662   2.26453 	Dead: 0
92  3.75239   0.0703178   1.13394   2.26453 	Dead: 0
93  3.73935   0.0722072   1.16441   2.26453 	Dead: 0
94  3.72321   0.0674275   1.08734   2.26453 	Dead: 0
95  3.80011   0.0726425   1.17143   2.26453 	Dead: 0
96  3.8306    0.0737146   1.18872   2.26453 	Dead: 0
97  3.74341   0.073324    1.18242   2.26453 	Dead: 0
98  3.76035   0.0709469   1.14409   2.26453 	Dead: 0
99  3.75835   0.0720639   1.1621    2.26453 	Dead: 0
100 3.74789   0.074844    1.20693   2.26453 	Dead: 0
