0   11.797    0.0338223   0.545419  10.383  	Dead: 0
1   11.4566   0.031228    0.503583  9.49535 	Dead: 0
2   11.2334   0.0308973   0.49825   9.49535 	Dead: 0
3   11.0342   0.0295889   0.477151  9.49535 	Dead: 0
4   10.8463   0.0280332   0.452063  9.49535 	Dead: 0
5   10.7028   0.0291168   0.469537  9.45361 	Dead: 0
6   10.5557   0.0299868   0.483566  9.20235 	Dead: 0
7   10.3862   0.0285168   0.459861  9.12516 	Dead: 0
8   10.2496   0.0294729   0.47528   8.65762 	Dead: 0
9   10.124    0.0308364   0.497268  8.3668  	Dead: 0
10  9.92868   0.0305808   0.493146  8.35524 	Dead: 0
11  9.69965   0.0305929   0.49334   7.80583 	Dead: 0
12  9.52247   0.0320481   0.516807  7.80583 	Dead: 0
13  9.33286   0.032763    0.528337  7.80583 	Dead: 0
14  9.14229   0.0316114   0.509766  7.2952  	Dead: 0
15  8.9161    0.0312411   0.503794  7.08874 	Dead: 0
16  8.70293   0.0334491   0.5394    6.11224 	Dead: 0
17  8.486     0.0347771   0.560816  5.85582 	Dead: 0
18  8.23028   0.0383877   0.61904   5.81247 	Dead: 0
19  7.96535   0.0414707   0.668756  5.42865 	Dead: 0
20  7.678     0.0481347   0.77622   4.80974 	Dead: 0
21  7.35923   0.0505518   0.815199  4.80856 	Dead: 0
22  6.97659   0.0496237   0.800232  4.80856 	Dead: 0
23  6.61992   0.0516857   0.833483  4.69244 	Dead: 0
24  6.31747   0.0492391   0.794029  4.69244 	Dead: 0
25  6.12594   0.0504198   0.813069  4.31727 	Dead: 0
26  5.90877   0.0475856   0.767366  4.31727 	Dead: 0
27  5.71557   0.0447827   0.722165  4.31727 	Dead: 0
28  5.61177   0.0489806   0.789861  4.31727 	Dead: 0
29  5.48471   0.0477024   0.76925   4.31727 	Dead: 0
30  5.44048   0.0526158   0.848482  4.31727 	Dead: 0
31  5.2958    0.0466054   0.751559  4.19168 	Dead: 0
32  5.24221   0.0483761   0.780113  4.14602 	Dead: 0
33  5.17104   0.0498086   0.803213  4.14602 	Dead: 0
34  5.0849    0.0465628   0.750872  3.77504 	Dead: 0
35  5.03604   0.0492377   0.794008  3.77504 	Dead: 0
36  5.0177    0.0504175   0.813033  3.77504 	Dead: 0
37  4.9545    0.0512887   0.827081  3.77504 	Dead: 0
38  4.86437   0.0488566   0.787861  3.77504 	Dead: 0
39  4.8448    0.0525555   0.84751   3.64365 	Dead: 0
40  4.76824   0.049868    0.804172  3.39649 	Dead: 0
41  4.70415   0.0489464   0.78931   3.39649 	Dead: 0
42  4.68226   0.0519679   0.838035  3.32593 	Dead: 0
43  4.62407   0.0517365   0.834302  3.32593 	Dead: 0
44  4.57945   0.0509612   0.821801  3.32593 	Dead: 0
45  4.56467   0.0548176   0.883989  3.32593 	Dead: 0
46  4.52497   0.0553922   0.893254  3.32593 	Dead: 0
47  4.52248   0.0593198   0.956591  3.32593 	Dead: 0
48  4.51454   0.0621543   1.0023    3.32593 	Dead: 0
49  4.48567   0.0613968   0.990084  3.32593 	Dead: 0
50  4.42587   0.0599394   0.966583  3.32593 	Dead: 0
51  4.36173   0.05739     0.92547   3.00495 	Dead: 0
52  4.3391    0.0590083   0.951568  3.00495 	Dead: 0
53  4.28912   0.0566345   0.913288  3.00495 	Dead: 0
54  4.32794   0.0633811   1.02208   3.00495 	Dead: 0
55  4.31497   0.0623998   1.00626   3.00495 	Dead: 0
56  4.30363   0.0642634   1.03631   3.00495 	Dead: 0
57  4.25298   0.0634622   1.02339   3.00495 	Dead: 0
58  4.25124   0.0621342   1.00198   3.00495 	Dead: 0
59  4.15974   0.0606016   0.977262  2.89892 	Dead: 0
60  4.17264   0.0613276   0.988968  2.89892 	Dead: 0
61  4.11457   0.0589369   0.950417  2.89892 	Dead: 0
62  4.16569   0.065344    1.05374   2.89892 	Dead: 0
63  4.2254    0.0746449   1.20372   2.89892 	Dead: 0
64  4.10649   0.0652404   1.05207   2.89892 	Dead: 0
65  4.09424   0.0670505   1.08126   2.89892 	Dead: 0
66  4.06005   0.066347    1.06991   2.80154 	Dead: 0
67  4.08516   0.0710097   1.1451    2.77814 	Dead: 0
68  4.00888   0.0672973   1.08524   2.77814 	Dead: 0
69  3.99087   0.0654812   1.05595   2.77814 	Dead: 0
70  3.94937   0.061833    0.997119  2.77814 	Dead: 0
71  3.9544    0.0674469   1.08765   2.77814 	Dead: 0
72  3.9334    0.0659468   1.06346   2.77814 	Dead: 0
73  3.93959   0.0707221   1.14046   2.6934  	Dead: 0
74  3.9158    0.0725723   1.1703    2.59794 	Dead: 0
75  3.86849   0.0679371   1.09555   2.59794 	Dead: 0
76  3.85341   0.0705118   1.13707   2.5895  	Dead: 0
77  3.80341   0.0685675   1.10572   2.5895  	Dead: 0
78  3.7827    0.0693071   1.11765   2.5895  	Dead: 0
79  3.81544   0.0741145   1.19517   2.46251 	Dead: 0
80  3.71229   0.0684795   1.1043    2.41475 	Dead: 0
81  3.6938    0.0696366   1.12296   2.10187 	Dead: 0
82  3.57732   0.0625149   1.00812   2.10187 	Dead: 0
83  3.56019   0.0652335   1.05196   2.10187 	Dead: 0
84  3.5652    0.0700375   1.12942   2.10187 	Dead: 0
85  3.5153    0.0676684   1.09122   2.10187 	Dead: 0
86  3.47755   0.0673436   1.08598   2.10187 	Dead: 0
87  3.50533   0.0771194   1.24363   2.10187 	Dead: 0
88  3.57536   0.0849336   1.36964   2.10187 	Dead: 0
89  3.42036   0.0737757   1.18971   2.10187 	Dead: 0
90  3.4415    0.0764624   1.23303   2.10187 	Dead: 0
91  3.34772   0.0706201   1.13882   2.10187 	Dead: 0
92  3.3959    0.0746997   1.20461   2.10187 	Dead: 0
93  3.39742   0.0796751   1.28484   1.7925  	Dead: 0
94  3.33314   0.0784459   1.26502   1.7925  	Dead: 0
95  3.38205   0.0812539   1.3103    1.7925  	Dead: 0
96  3.35396   0.0782187   1.26136   1.7925  	Dead: 0
97  3.30776   0.0747607   1.20559   1.7925  	Dead: 0
98  3.27094   0.0745509   1.20221   1.7925  	Dead: 0
99  3.33713   0.085608    1.38052   1.7925  	Dead: 0
100 3.29958   0.0811646   1.30886   1.7925  	Dead: 0
