0   11.7714   0.0322491   0.520049  10.2375 	Dead: 0
1   11.4766   0.0304822   0.491556  10.1798 	Dead: 0
2   11.2346   0.0287413   0.463481  10.0389 	Dead: 0
3   11.0693   0.0291051   0.469349  9.67912 	Dead: 0
4   10.9041   0.0291323   0.469787  9.67912 	Dead: 0
5   10.7829   0.029413    0.474315  9.64555 	Dead: 0
6   10.6191   0.0294283   0.474561  9.47061 	Dead: 0
7   10.476    0.0291413   0.469933  9.13828 	Dead: 0
8   10.3377   0.0302987   0.488597  8.91299 	Dead: 0
9   10.1969   0.0317981   0.512775  8.72938 	Dead: 0
10  10.0341   0.0319774   0.515668  8.72938 	Dead: 0
11  9.87469   0.0317712   0.512342  8.5626  	Dead: 0
12  9.6523    0.0302658   0.488066  8.38044 	Dead: 0
13  9.48316   0.0292136   0.471099  7.3645  	Dead: 0
14  9.32134   0.0305341   0.492393  7.3645  	Dead: 0
15  9.14492   0.0305702   0.492974  7.15838 	Dead: 0
16  8.93808   0.0320865   0.517427  6.68675 	Dead: 0
17  8.67362   0.0355897   0.573919  6.14523 	Dead: 0
18  8.43404   0.0393706   0.634891  6.14523 	Dead: 0
19  8.09648   0.0415471   0.669989  5.42565 	Dead: 0
20  7.81895   0.0431823   0.696358  5.10744 	Dead: 0
21  7.57081   0.0482385   0.777894  4.81347 	Dead: 0
22  7.35102   0.0511001   0.824041  4.81347 	Dead: 0
23  7.03557   0.0534754   0.862344  4.58277 	Dead: 0
24  6.70014   0.0519846   0.838303  4.58277 	Dead: 0
25  6.45639   0.0533663   0.860585  4.45923 	Dead: 0
26  6.24543   0.0562106   0.906453  4.35587 	Dead: 0
27  6.05318   0.0572089   0.922551  4.34167 	Dead: 0
28  5.83061   0.0556868   0.898005  4.2237  	Dead: 0
29  5.66245   0.0584817   0.943075  3.9061  	Dead: 0
30  5.47475   0.0536928   0.86585   3.66836 	Dead: 0
31  5.27953   0.0541455   0.87315   3.411   	Dead: 0
32  5.14202   0.0590903   0.95289   3.411   	Dead: 0
33  4.9735    0.0589524   0.950666  3.40897 	Dead: 0
34  4.82109   0.0594698   0.95901   3.40897 	Dead: 0
35  4.64774   0.0548072   0.883821  3.17327 	Dead: 0
36  4.62962   0.0622262   1.00346   2.91633 	Dead: 0
37  4.50841   0.0599143   0.966178  2.91633 	Dead: 0
38  4.47007   0.0623352   1.00522   2.91633 	Dead: 0
39  4.36585   0.0591074   0.953165  2.91633 	Dead: 0
40  4.3544    0.0623624   1.00566   2.91633 	Dead: 0
41  4.28444   0.0590391   0.952065  2.53826 	Dead: 0
42  4.28187   0.0655088   1.05639   2.53826 	Dead: 0
43  4.31171   0.0702755   1.13326   2.53826 	Dead: 0
44  4.32621   0.0707771   1.14135   2.53826 	Dead: 0
45  4.25618   0.0696362   1.12295   2.53826 	Dead: 0
46  4.24126   0.0737416   1.18916   2.53826 	Dead: 0
47  4.13278   0.0633837   1.02212   2.53826 	Dead: 0
48  4.11852   0.0661983   1.06751   2.53826 	Dead: 0
49  4.13861   0.0687643   1.10889   2.53826 	Dead: 0
50  4.09956   0.0684203   1.10335   2.53826 	Dead: 0
51  4.046     0.0670202   1.08077   2.53826 	Dead: 0
52  4.03393   0.0694047   1.11922   2.53826 	Dead: 0
53  3.96863   0.0666671   1.07507   2.53826 	Dead: 0
54  4.03458   0.0746587   1.20395   2.53826 	Dead: 0
55  3.98663   0.0729413   1.17625   2.53826 	Dead: 0
56  3.92711   0.0714287   1.15186   2.53826 	Dead: 0
57  3.93971   0.0750026   1.20949   2.53826 	Dead: 0
58  3.92322   0.0734903   1.1851    2.51433 	Dead: 0
59  3.90629   0.0758868   1.22375   2.4094  	Dead: 0
60  3.81374   0.0673074   1.0854    2.4094  	Dead: 0
61  3.8212    0.0700459   1.12956   2.4094  	Dead: 0
62  3.73667   0.0667765   1.07684   2.18417 	Dead: 0
63  3.77265   0.0699032   1.12726   2.18417 	Dead: 0
64  3.73916   0.0711146   1.14679   2.18417 	Dead: 0
65  3.7708    0.0781888   1.26087   2.18417 	Dead: 0
66  3.7437    0.0771777   1.24457   2.18417 	Dead: 0
67  3.69666   0.0759043   1.22403   2.18417 	Dead: 0
68  3.69837   0.0792947   1.27871   2.18417 	Dead: 0
69  3.66206   0.076791    1.23833   2.18417 	Dead: 0
70  3.62162   0.0763722   1.23158   2.18417 	Dead: 0
71  3.59153   0.0772338   1.24547   2.10485 	Dead: 0
72  3.58393   0.0783986   1.26426   2.05763 	Dead: 0
73  3.54008   0.0780036   1.25789   2.05763 	Dead: 0
74  3.53146   0.0795859   1.2834    2.05763 	Dead: 0
75  3.45071   0.0735614   1.18625   2.05763 	Dead: 0
76  3.44438   0.0733458   1.18277   1.86462 	Dead: 0
77  3.39969   0.0714388   1.15202   1.86462 	Dead: 0
78  3.37483   0.0718852   1.15922   1.86462 	Dead: 0
79  3.35809   0.0722742   1.16549   1.86462 	Dead: 0
80  3.39936   0.0780037   1.25789   1.82415 	Dead: 0
81  3.45068   0.084576    1.36387   1.79171 	Dead: 0
82  3.36006   0.0788704   1.27186   1.79171 	Dead: 0
83  3.2879    0.072194    1.1642    1.75864 	Dead: 0
84  3.2684    0.0752655   1.21373   1.75864 	Dead: 0
85  3.27135   0.0772616   1.24592   1.75864 	Dead: 0
86  3.2248    0.0752814   1.21399   1.75864 	Dead: 0
87  3.19214   0.0745306   1.20188   1.75864 	Dead: 0
88  3.16179   0.076043    1.22627   1.75864 	Dead: 0
89  3.18483   0.0820284   1.32279   1.75864 	Dead: 0
90  3.20414   0.0840751   1.3558    1.75864 	Dead: 0
91  3.1616    0.0792353   1.27775   1.7169  	Dead: 0
92  3.11127   0.0773738   1.24773   1.7169  	Dead: 0
93  3.12257   0.0790012   1.27397   1.7169  	Dead: 0
94  3.12061   0.0818746   1.32031   1.7169  	Dead: 0
95  3.14698   0.0828199   1.33555   1.7169  	Dead: 0
96  3.11227   0.0845738   1.36384   1.7169  	Dead: 0
97  3.0724    0.0822907   1.32702   1.7169  	Dead: 0
98  3.04294   0.0781033   1.25949   1.7169  	Dead: 0
99  3.01437   0.0786612   1.26849   1.7169  	Dead: 0
100 3.00104   0.0772246   1.24532   1.7169  	Dead: 0
