0   11.3487   0.0354693   0.571979  9.7778  	Dead: 0
1   10.9245   0.0322603   0.52023   9.23547 	Dead: 0
2   10.622    0.0298649   0.481602  8.78303 	Dead: 0
3   10.3929   0.0286141   0.461432  8.78272 	Dead: 0
4   10.1664   0.0272135   0.438845  8.59897 	Dead: 0
5   9.9538    0.0273408   0.440897  8.59897 	Dead: 0
6   9.76571   0.0278478   0.449074  8.26971 	Dead: 0
7   9.58101   0.0288423   0.465111  8.11053 	Dead: 0
8   9.38505   0.0303151   0.488861  7.81171 	Dead: 0
9   9.18814   0.0304707   0.491371  7.18828 	Dead: 0
10  8.97754   0.0327844   0.528682  7.18828 	Dead: 0
11  8.75515   0.0319799   0.515708  6.86728 	Dead: 0
12  8.53111   0.0326213   0.526051  6.24627 	Dead: 0
13  8.33211   0.0333066   0.537103  6.24627 	Dead: 0
14  8.13046   0.0338892   0.546498  6.24627 	Dead: 0
15  7.96926   0.0352651   0.568686  6.24627 	Dead: 0
16  7.78769   0.0372261   0.600308  5.83588 	Dead: 0
17  7.57815   0.037718    0.608241  5.77225 	Dead: 0
18  7.41424   0.0387428   0.624767  5.19865 	Dead: 0
19  7.24212   0.0361877   0.583563  5.19865 	Dead: 0
20  7.13293   0.0377909   0.609416  5.19865 	Dead: 0
21  6.99182   0.0364071   0.587101  4.30597 	Dead: 0
22  6.8878    0.0390325   0.629437  4.30597 	Dead: 0
23  6.76017   0.0394583   0.636305  4.30597 	Dead: 0
24  6.69606   0.0400642   0.646075  4.30597 	Dead: 0
25  6.61934   0.0417962   0.674005  4.30597 	Dead: 0
26  6.52348   0.0399352   0.643995  4.30597 	Dead: 0
27  6.43924   0.0409039   0.659616  4.30597 	Dead: 0
28  6.36353   0.0422518   0.681353  4.30597 	Dead: 0
29  6.29361   0.0442586   0.713714  4.30597 	Dead: 0
30  6.21359   0.0425681   0.686453  4.30597 	Dead: 0
31  6.13184   0.0438153   0.706565  4.24584 	Dead: 0
32  6.04479   0.0438969   0.707882  4.24584 	Dead: 0
33  5.988     0.0453434   0.731208  4.24584 	Dead: 0
34  5.96427   0.0469344   0.756864  4.24584 	Dead: 0
35  5.88571   0.044186    0.712543  4.24584 	Dead: 0
36  5.84289   0.0463555   0.747529  4.24584 	Dead: 0
37  5.86676   0.0507765   0.818822  4.24584 	Dead: 0
38  5.81153   0.0493615   0.796003  4.12405 	Dead: 0
39  5.76015   0.0485828   0.783446  4.04877 	Dead: 0
40  5.69575   0.0489706   0.7897    4.04877 	Dead: 0
41  5.63259   0.0488089   0.787092  4.04877 	Dead: 0
42  5.62982   0.0519723   0.838106  4.04877 	Dead: 0
43  5.55272   0.0489202   0.788888  3.83777 	Dead: 0
44  5.54169   0.0497436   0.802165  3.83777 	Dead: 0
45  5.52785   0.0536743   0.865551  3.83777 	Dead: 0
46  5.43954   0.0519832   0.838281  3.4231  	Dead: 0
47  5.36813   0.0517292   0.834186  3.4231  	Dead: 0
48  5.31024   0.0534286   0.861589  3.4231  	Dead: 0
49  5.23145   0.0551082   0.888675  3.4231  	Dead: 0
50  5.17025   0.0566736   0.913919  3.4231  	Dead: 0
51  5.03933   0.0548304   0.884195  3.4231  	Dead: 0
52  4.94391   0.0558769   0.90107   2.96226 	Dead: 0
53  4.79864   0.0536579   0.865288  2.96226 	Dead: 0
54  4.68539   0.051927    0.837375  2.96226 	Dead: 0
55  4.61641   0.0537438   0.866672  2.96226 	Dead: 0
56  4.5338    0.0524354   0.845574  2.96226 	Dead: 0
57  4.5195    0.0558532   0.900689  2.96226 	Dead: 0
58  4.42409   0.0527169   0.850112  2.96226 	Dead: 0
59  4.39623   0.0547289   0.882558  2.96226 	Dead: 0
60  4.3378    0.0543714   0.876794  2.84774 	Dead: 0
61  4.31106   0.0544926   0.878747  2.84774 	Dead: 0
62  4.26598   0.0549345   0.885873  2.84774 	Dead: 0
63  4.29312   0.0578665   0.933156  2.84774 	Dead: 0
64  4.24053   0.0540253   0.871212  2.84774 	Dead: 0
65  4.228     0.0592038   0.954721  2.84749 	Dead: 0
66  4.19709   0.0560208   0.903392  2.84749 	Dead: 0
67  4.17466   0.0553372   0.892367  2.68452 	Dead: 0
68  4.19725   0.0572262   0.92283   2.68452 	Dead: 0
69  4.18183   0.0593113   0.956453  2.68452 	Dead: 0
70  4.15211   0.0594465   0.958635  2.68452 	Dead: 0
71  4.1964    0.0643472   1.03766   2.68452 	Dead: 0
72  4.17219   0.0633029   1.02082   2.68452 	Dead: 0
73  4.12547   0.0585209   0.943708  2.68452 	Dead: 0
74  4.04165   0.0546798   0.881767  2.68452 	Dead: 0
75  4.08909   0.0602521   0.971625  2.65134 	Dead: 0
76  4.06722   0.0586427   0.945672  2.65134 	Dead: 0
77  4.09575   0.0615142   0.991979  2.65134 	Dead: 0
78  4.0804    0.0602546   0.971666  2.65134 	Dead: 0
79  4.0258    0.0577531   0.931326  2.65134 	Dead: 0
80  4.02135   0.059605    0.96119   2.65134 	Dead: 0
81  4.00278   0.0577811   0.931778  2.59847 	Dead: 0
82  4.06248   0.0612504   0.987723  2.59847 	Dead: 0
83  4.08331   0.0652363   1.052     2.59847 	Dead: 0
84  4.02606   0.060143    0.969865  2.59847 	Dead: 0
85  4.03043   0.0618921   0.998072  2.59847 	Dead: 0
86  4.01065   0.0620131   1.00002   2.59847 	Dead: 0
87  3.96799   0.0588726   0.949379  2.59847 	Dead: 0
88  4.03499   0.0656595   1.05883   2.59847 	Dead: 0
89  4.00115   0.0624592   1.00722   2.59847 	Dead: 0
90  3.9912    0.0650062   1.04829   2.59847 	Dead: 0
91  3.94678   0.0604467   0.974763  2.59847 	Dead: 0
92  3.9844    0.0636062   1.02571   2.59847 	Dead: 0
93  3.96779   0.0625864   1.00927   2.59847 	Dead: 0
94  3.9568    0.0628736   1.0139    2.59847 	Dead: 0
95  3.92723   0.0620659   1.00088   2.59847 	Dead: 0
96  3.90904   0.0600692   0.968676  2.59847 	Dead: 0
97  3.9422    0.0663282   1.06961   2.59847 	Dead: 0
98  3.94334   0.065498    1.05622   2.59847 	Dead: 0
99  3.96599   0.0694083   1.11928   2.58135 	Dead: 0
100 4.01493   0.0720294   1.16155   2.58135 	Dead: 0
