0   11.3293   0.0383968   0.619187  9.33003 	Dead: 0
1   10.8722   0.0333414   0.537664  8.98125 	Dead: 0
2   10.5798   0.0303251   0.489023  8.98125 	Dead: 0
3   10.3628   0.0286403   0.461853  8.98125 	Dead: 0
4   10.1823   0.0286006   0.461214  8.89905 	Dead: 0
5   10.0212   0.0298567   0.481469  8.20952 	Dead: 0
6   9.87083   0.0292281   0.471333  8.20952 	Dead: 0
7   9.7337    0.0305302   0.49233   8.20952 	Dead: 0
8   9.61305   0.0300646   0.484821  7.80555 	Dead: 0
9   9.47558   0.0296457   0.478066  7.80555 	Dead: 0
10  9.32515   0.0290412   0.468319  7.80555 	Dead: 0
11  9.16888   0.0285857   0.460973  7.62212 	Dead: 0
12  9.02613   0.0292083   0.471013  7.55773 	Dead: 0
13  8.91492   0.0295197   0.476035  7.55773 	Dead: 0
14  8.78943   0.0299327   0.482694  7.13363 	Dead: 0
15  8.6729    0.0305588   0.492791  7.13363 	Dead: 0
16  8.53631   0.0297362   0.479527  7.13363 	Dead: 0
17  8.40241   0.030081    0.485086  6.90707 	Dead: 0
18  8.28848   0.0310907   0.501369  6.90707 	Dead: 0
19  8.16234   0.032461    0.523466  6.60321 	Dead: 0
20  8.01689   0.0312291   0.503601  6.55629 	Dead: 0
21  7.89211   0.032158    0.518579  6.0687  	Dead: 0
22  7.73462   0.0317086   0.511334  6.01076 	Dead: 0
23  7.60487   0.0335014   0.540244  5.90743 	Dead: 0
24  7.4798    0.0330486   0.532941  5.90743 	Dead: 0
25  7.37904   0.0324567   0.523398  5.90743 	Dead: 0
26  7.23517   0.034       0.548285  5.74614 	Dead: 0
27  7.10746   0.0351406   0.566677  5.50448 	Dead: 0
28  6.97284   0.0367553   0.592716  5.50448 	Dead: 0
29  6.81589   0.0370477   0.597431  4.94144 	Dead: 0
30  6.6543    0.0384097   0.619394  4.72175 	Dead: 0
31  6.46167   0.0387408   0.624735  4.50862 	Dead: 0
32  6.26559   0.0393039   0.633814  4.50862 	Dead: 0
33  6.06471   0.0403555   0.650773  4.33269 	Dead: 0
34  5.90329   0.0411761   0.664005  4.1307  	Dead: 0
35  5.72894   0.0415984   0.670816  4.1307  	Dead: 0
36  5.59984   0.0408197   0.658259  4.1307  	Dead: 0
37  5.47243   0.0423538   0.682997  3.98233 	Dead: 0
38  5.38448   0.0444117   0.716183  3.57252 	Dead: 0
39  5.25513   0.0435211   0.701821  3.32266 	Dead: 0
40  5.17944   0.0464275   0.748689  3.32266 	Dead: 0
41  5.06437   0.0462466   0.745773  3.27303 	Dead: 0
42  4.94603   0.0439121   0.708126  3.27303 	Dead: 0
43  4.87859   0.047072    0.759083  3.27303 	Dead: 0
44  4.79198   0.0465315   0.750367  3.15105 	Dead: 0
45  4.71848   0.0448258   0.722861  3.15105 	Dead: 0
46  4.70227   0.0480748   0.775255  3.15105 	Dead: 0
47  4.67092   0.047828    0.771274  3.15105 	Dead: 0
48  4.63592   0.0477364   0.769797  3.15105 	Dead: 0
49  4.59823   0.0492168   0.79367   3.15105 	Dead: 0
50  4.55318   0.0477305   0.769702  3.15105 	Dead: 0
51  4.53912   0.0477402   0.769858  3.15105 	Dead: 0
52  4.5487    0.054286    0.875417  3.11353 	Dead: 0
53  4.49766   0.0511459   0.824779  3.11353 	Dead: 0
54  4.48398   0.0521294   0.840639  3.11353 	Dead: 0
55  4.47077   0.0537996   0.867572  3.08685 	Dead: 0
56  4.45433   0.0545028   0.878913  2.96588 	Dead: 0
57  4.40884   0.0538145   0.867812  2.85339 	Dead: 0
58  4.40393   0.0564379   0.910117  2.85339 	Dead: 0
59  4.36355   0.0557451   0.898946  2.85339 	Dead: 0
60  4.33908   0.0546343   0.881033  2.85339 	Dead: 0
61  4.3312    0.0569018   0.917599  2.85339 	Dead: 0
62  4.32789   0.056148    0.905443  2.85339 	Dead: 0
63  4.29436   0.0549506   0.886133  2.53693 	Dead: 0
64  4.23709   0.0540302   0.871291  2.53693 	Dead: 0
65  4.25792   0.0562964   0.907836  2.53693 	Dead: 0
66  4.24436   0.0567964   0.915899  2.53693 	Dead: 0
67  4.2454    0.0601247   0.96957   2.53693 	Dead: 0
68  4.22946   0.0592039   0.954721  2.53693 	Dead: 0
69  4.27172   0.0629294   1.0148    2.53693 	Dead: 0
70  4.2297    0.0619116   0.998386  2.38646 	Dead: 0
71  4.18381   0.0576684   0.929961  2.38646 	Dead: 0
72  4.17428   0.0588391   0.948839  2.38646 	Dead: 0
73  4.18058   0.0624289   1.00673   2.38646 	Dead: 0
74  4.1866    0.0599985   0.967535  2.38646 	Dead: 0
75  4.16672   0.0615984   0.993335  2.38646 	Dead: 0
76  4.16951   0.0649061   1.04668   2.38646 	Dead: 0
77  4.1377    0.0635253   1.02441   2.38646 	Dead: 0
78  4.13613   0.0642753   1.0365    2.38646 	Dead: 0
79  4.10058   0.0613526   0.989372  2.38646 	Dead: 0
80  4.11768   0.0640408   1.03272   2.38646 	Dead: 0
81  4.08498   0.0641774   1.03493   2.38646 	Dead: 0
82  4.09168   0.0668036   1.07727   2.38646 	Dead: 0
83  4.05441   0.0635945   1.02553   2.38646 	Dead: 0
84  4.06422   0.0683837   1.10276   2.38646 	Dead: 0
85  4.0178    0.0635145   1.02424   2.38646 	Dead: 0
86  4.04974   0.0686232   1.10662   2.38646 	Dead: 0
87  4.02731   0.0663831   1.07049   2.38646 	Dead: 0
88  4.05639   0.0702694   1.13316   2.38646 	Dead: 0
89  4.05232   0.0695276   1.1212    2.38646 	Dead: 0
90  4.01908   0.0703669   1.13474   2.25589 	Dead: 0
91  3.97905   0.0684897   1.10447   2.25589 	Dead: 0
92  4.01645   0.0696867   1.12377   2.25589 	Dead: 0
93  4.00847   0.0690194   1.11301   2.25589 	Dead: 0
94  3.97293   0.0673428   1.08597   2.25589 	Dead: 0
95  3.93304   0.0676052   1.0902    2.25589 	Dead: 0
96  3.91806   0.0658917   1.06257   2.25589 	Dead: 0
97  3.93701   0.0677434   1.09243   2.25589 	Dead: 0
98  3.98062   0.06963     1.12285   2.25589 	Dead: 0
99  3.9576    0.0706038   1.13856   2.25589 	Dead: 0
100 3.92367   0.0677812   1.09304   2.25589 	Dead: 0
