0   11.2196   0.0360984   0.582122  9.53455 	Dead: 0
1   10.8235   0.031743    0.511888  9.38905 	Dead: 0
2   10.5389   0.0291685   0.470372  9.16337 	Dead: 0
3   10.348    0.0286935   0.462711  9.16337 	Dead: 0
4   10.1889   0.0275132   0.443677  8.80789 	Dead: 0
5   10.0242   0.0286984   0.462791  8.73125 	Dead: 0
6   9.85128   0.0284723   0.459145  8.00307 	Dead: 0
7   9.68163   0.0278991   0.449901  8.00307 	Dead: 0
8   9.53793   0.0276602   0.446048  7.97254 	Dead: 0
9   9.38818   0.028639    0.461832  7.76048 	Dead: 0
10  9.25403   0.0296395   0.477967  7.76048 	Dead: 0
11  9.09878   0.0300702   0.484913  7.56445 	Dead: 0
12  8.95538   0.0302623   0.488009  7.2334  	Dead: 0
13  8.81752   0.0315094   0.50812   6.75082 	Dead: 0
14  8.69216   0.0325362   0.524679  6.75082 	Dead: 0
15  8.53159   0.0335697   0.541345  6.65219 	Dead: 0
16  8.33285   0.0339226   0.547036  6.60084 	Dead: 0
17  8.10684   0.0357738   0.576888  6.06781 	Dead: 0
18  7.90141   0.0384926   0.620732  6.06781 	Dead: 0
19  7.61359   0.037258    0.600823  5.82144 	Dead: 0
20  7.38152   0.0388855   0.627067  5.58031 	Dead: 0
21  7.13343   0.0392871   0.633544  5.29061 	Dead: 0
22  6.9337    0.0387627   0.625088  5.22635 	Dead: 0
23  6.71127   0.0397361   0.640784  4.65085 	Dead: 0
24  6.52699   0.0402902   0.64972   4.62659 	Dead: 0
25  6.36461   0.0407659   0.657392  4.62659 	Dead: 0
26  6.20002   0.0390384   0.629533  4.57818 	Dead: 0
27  6.06308   0.0388769   0.626929  4.27288 	Dead: 0
28  5.96559   0.040202    0.648297  4.27288 	Dead: 0
29  5.87514   0.0411534   0.66364   4.27288 	Dead: 0
30  5.78286   0.0409843   0.660912  4.25193 	Dead: 0
31  5.71213   0.0418544   0.674945  3.98637 	Dead: 0
32  5.63324   0.0427243   0.688972  3.73146 	Dead: 0
33  5.60032   0.0450569   0.726587  3.73146 	Dead: 0
34  5.49412   0.042763    0.689596  3.73146 	Dead: 0
35  5.4409    0.0462259   0.745438  3.73146 	Dead: 0
36  5.37822   0.0449603   0.725029  3.73146 	Dead: 0
37  5.30619   0.045254    0.729765  3.73146 	Dead: 0
38  5.25932   0.0479646   0.773478  3.73146 	Dead: 0
39  5.20399   0.0480369   0.774642  3.73146 	Dead: 0
40  5.13433   0.048335    0.77945   3.65896 	Dead: 0
41  5.05861   0.0485786   0.783378  3.65896 	Dead: 0
42  4.98513   0.0465962   0.75141   3.63003 	Dead: 0
43  4.96718   0.0472794   0.762428  3.63003 	Dead: 0
44  4.92526   0.0503743   0.812336  3.56597 	Dead: 0
45  4.86201   0.0516998   0.833712  3.42358 	Dead: 0
46  4.7714    0.0505401   0.81501   3.3204  	Dead: 0
47  4.69285   0.0494167   0.796894  3.18845 	Dead: 0
48  4.65287   0.0492493   0.794194  3.18845 	Dead: 0
49  4.64007   0.0538933   0.869083  3.14032 	Dead: 0
50  4.59792   0.0536497   0.865155  3.14032 	Dead: 0
51  4.55172   0.0519597   0.837902  2.92763 	Dead: 0
52  4.50994   0.0534945   0.862653  2.92763 	Dead: 0
53  4.48411   0.0539044   0.869262  2.92763 	Dead: 0
54  4.47508   0.0540963   0.872358  2.91974 	Dead: 0
55  4.45887   0.05453     0.879351  2.91974 	Dead: 0
56  4.43502   0.0551637   0.889569  2.91974 	Dead: 0
57  4.42878   0.0564363   0.910092  2.91974 	Dead: 0
58  4.35953   0.0523841   0.844746  2.91974 	Dead: 0
59  4.38727   0.0531245   0.856686  2.91974 	Dead: 0
60  4.3839    0.0549972   0.886884  2.86917 	Dead: 0
61  4.39547   0.0591168   0.953317  2.86917 	Dead: 0
62  4.33192   0.0552502   0.890965  2.86917 	Dead: 0
63  4.3176    0.0565094   0.91127   2.86917 	Dead: 0
64  4.35971   0.0611302   0.985786  2.86917 	Dead: 0
65  4.30249   0.0580767   0.936545  2.86917 	Dead: 0
66  4.27362   0.0561172   0.904946  2.86917 	Dead: 0
67  4.28823   0.0600865   0.968955  2.86917 	Dead: 0
68  4.26771   0.0581786   0.938188  2.86917 	Dead: 0
69  4.25863   0.0611898   0.986747  2.84133 	Dead: 0
70  4.25133   0.0602367   0.971377  2.84133 	Dead: 0
71  4.22146   0.0588269   0.948643  2.78302 	Dead: 0
72  4.27873   0.0629204   1.01465   2.78302 	Dead: 0
73  4.22059   0.0579864   0.935089  2.78302 	Dead: 0
74  4.25579   0.0616965   0.994918  2.78302 	Dead: 0
75  4.17144   0.0570535   0.920044  2.73659 	Dead: 0
76  4.2232    0.0622333   1.00357   2.73659 	Dead: 0
77  4.19661   0.0610215   0.984033  2.72924 	Dead: 0
78  4.17814   0.0592961   0.956208  2.72924 	Dead: 0
79  4.16148   0.0583441   0.940858  2.72924 	Dead: 0
80  4.18226   0.061575    0.992959  2.72924 	Dead: 0
81  4.1414    0.0587146   0.946832  2.72924 	Dead: 0
82  4.1688    0.0610243   0.984078  2.72924 	Dead: 0
83  4.15683   0.0595674   0.960584  2.72924 	Dead: 0
84  4.16269   0.0604013   0.974032  2.72924 	Dead: 0
85  4.16762   0.0616108   0.993536  2.72924 	Dead: 0
86  4.15286   0.0622848   1.0044    2.72924 	Dead: 0
87  4.14586   0.0620617   1.00081   2.70463 	Dead: 0
88  4.16244   0.0644621   1.03952   2.70463 	Dead: 0
89  4.14999   0.0632522   1.02      2.70463 	Dead: 0
90  4.12669   0.0612569   0.987828  2.70463 	Dead: 0
91  4.13543   0.0629633   1.01535   2.70463 	Dead: 0
92  4.11811   0.0633154   1.02102   2.70463 	Dead: 0
93  4.17664   0.0667123   1.0758    2.56238 	Dead: 0
94  4.1073    0.0629514   1.01515   2.56238 	Dead: 0
95  4.09923   0.0639521   1.03129   2.56238 	Dead: 0
96  4.11755   0.0633068   1.02088   2.56238 	Dead: 0
97  4.09859   0.0633513   1.0216    2.56238 	Dead: 0
98  4.09109   0.0637555   1.02812   2.56238 	Dead: 0
99  4.10522   0.0637074   1.02735   2.56238 	Dead: 0
100 4.08887   0.0623406   1.0053    2.56238 	Dead: 0
