0   11.3031   0.0366912   0.591683  9.33447 	Dead: 0
1   10.8386   0.0327724   0.528487  9.19971 	Dead: 0
2   10.5699   0.0295107   0.475889  9.19971 	Dead: 0
3   10.364    0.0276459   0.445819  9.11402 	Dead: 0
4   10.1905   0.0267492   0.431357  8.98091 	Dead: 0
5   10.0544   0.0276908   0.446542  8.43352 	Dead: 0
6   9.94826   0.0287674   0.463903  8.43352 	Dead: 0
7   9.7937    0.0283872   0.457772  8.21638 	Dead: 0
8   9.68017   0.0303219   0.488971  8.17633 	Dead: 0
9   9.5445    0.0293076   0.472614  8.10193 	Dead: 0
10  9.41588   0.029247    0.471638  8.10193 	Dead: 0
11  9.3003    0.0302573   0.487929  7.59384 	Dead: 0
12  9.17777   0.0322386   0.51988   7.59384 	Dead: 0
13  9.03745   0.0326251   0.526112  7.578   	Dead: 0
14  8.89349   0.032966    0.53161   6.80683 	Dead: 0
15  8.75413   0.0333138   0.537219  6.45401 	Dead: 0
16  8.61324   0.034237    0.552106  6.45401 	Dead: 0
17  8.46642   0.0352667   0.568711  6.45401 	Dead: 0
18  8.32785   0.0361526   0.582997  6.45401 	Dead: 0
19  8.15301   0.0371809   0.59958   6.45401 	Dead: 0
20  8.00517   0.0384314   0.619746  6.32552 	Dead: 0
21  7.79965   0.0384709   0.620382  6.13575 	Dead: 0
22  7.58349   0.0395826   0.638309  5.15682 	Dead: 0
23  7.35857   0.0396571   0.63951   5.15682 	Dead: 0
24  7.12217   0.0397381   0.640816  4.78531 	Dead: 0
25  6.93371   0.0409009   0.659568  4.78531 	Dead: 0
26  6.71427   0.0421132   0.679117  4.78531 	Dead: 0
27  6.56227   0.0425212   0.685696  4.44543 	Dead: 0
28  6.41604   0.0445393   0.718242  4.28872 	Dead: 0
29  6.25938   0.0456322   0.735865  4.28872 	Dead: 0
30  6.10186   0.0462383   0.745639  3.79884 	Dead: 0
31  5.94908   0.0465205   0.750189  3.79884 	Dead: 0
32  5.78712   0.0461677   0.7445    3.79868 	Dead: 0
33  5.65963   0.0476705   0.768735  3.79868 	Dead: 0
34  5.56079   0.0502591   0.810478  3.62309 	Dead: 0
35  5.41652   0.0485177   0.782396  3.62309 	Dead: 0
36  5.28585   0.0491263   0.792211  3.53363 	Dead: 0
37  5.13453   0.048788    0.786756  3.53363 	Dead: 0
38  5.01256   0.0492489   0.794189  3.53363 	Dead: 0
39  4.91218   0.0498175   0.803356  3.12073 	Dead: 0
40  4.87985   0.0524406   0.845658  3.12073 	Dead: 0
41  4.82878   0.0539705   0.870329  3.12073 	Dead: 0
42  4.75738   0.0555568   0.89591   3.12073 	Dead: 0
43  4.68001   0.0518192   0.835636  3.12073 	Dead: 0
44  4.63653   0.0538275   0.868022  3.12073 	Dead: 0
45  4.58351   0.0523452   0.844118  3.12073 	Dead: 0
46  4.55227   0.0532432   0.8586    3.01915 	Dead: 0
47  4.49177   0.052136    0.840745  3.01915 	Dead: 0
48  4.46948   0.0542824   0.875359  3.01915 	Dead: 0
49  4.48353   0.0573022   0.924055  3.01915 	Dead: 0
50  4.44064   0.0560469   0.903812  3.01915 	Dead: 0
51  4.40192   0.0557056   0.898308  3.01915 	Dead: 0
52  4.35304   0.0567958   0.915889  2.51369 	Dead: 0
53  4.38136   0.0609752   0.983286  2.51369 	Dead: 0
54  4.29479   0.0573972   0.925588  2.51369 	Dead: 0
55  4.24726   0.054702    0.882124  2.51369 	Dead: 0
56  4.21765   0.0544255   0.877665  2.51369 	Dead: 0
57  4.20584   0.0551875   0.889953  2.51369 	Dead: 0
58  4.17483   0.0541381   0.873032  2.51369 	Dead: 0
59  4.19457   0.0590554   0.952327  2.51369 	Dead: 0
60  4.19098   0.0596743   0.962308  2.51369 	Dead: 0
61  4.14201   0.0567536   0.915208  2.51369 	Dead: 0
62  4.11739   0.0577135   0.930688  2.51369 	Dead: 0
63  4.09059   0.0571132   0.921007  2.51369 	Dead: 0
64  4.08787   0.0585718   0.944528  2.51369 	Dead: 0
65  4.09284   0.0581822   0.938246  2.51369 	Dead: 0
66  4.06527   0.0586106   0.945154  2.51369 	Dead: 0
67  4.04389   0.0592581   0.955597  2.51369 	Dead: 0
68  4.02314   0.0585889   0.944805  2.51369 	Dead: 0
69  4.0244    0.0592504   0.955472  2.51369 	Dead: 0
70  4.02427   0.0596038   0.961171  2.51369 	Dead: 0
71  4.05462   0.0630425   1.01662   2.51369 	Dead: 0
72  4.00415   0.0595315   0.960005  2.51369 	Dead: 0
73  4.01955   0.0650631   1.04921   2.51369 	Dead: 0
74  3.97266   0.0608142   0.98069   2.51369 	Dead: 0
75  3.94125   0.0563731   0.909072  2.51369 	Dead: 0
76  3.98729   0.0620165   1.00008   2.50051 	Dead: 0
77  3.92107   0.0576736   0.930045  2.50051 	Dead: 0
78  3.95676   0.0617846   0.996338  2.50051 	Dead: 0
79  3.94707   0.0612886   0.98834   2.44023 	Dead: 0
80  3.94619   0.0600015   0.967584  2.44023 	Dead: 0
81  3.9827    0.0655164   1.05652   2.44023 	Dead: 0
82  3.96935   0.0647727   1.04452   2.44023 	Dead: 0
83  3.95969   0.0643991   1.0385    2.44023 	Dead: 0
84  3.934     0.0623379   1.00526   2.44023 	Dead: 0
85  3.96146   0.0649145   1.04681   2.44023 	Dead: 0
86  3.96042   0.0653099   1.05319   2.44023 	Dead: 0
87  3.94176   0.0651001   1.0498    2.44023 	Dead: 0
88  3.92092   0.0626526   1.01034   2.44023 	Dead: 0
89  3.88598   0.0642889   1.03672   2.3967  	Dead: 0
90  3.85982   0.06226     1.00401   2.3967  	Dead: 0
91  3.91794   0.0688613   1.11046   2.3967  	Dead: 0
92  3.89363   0.0643743   1.0381    2.3967  	Dead: 0
93  3.88884   0.0665379   1.07299   2.3967  	Dead: 0
94  3.85024   0.0639378   1.03106   2.3967  	Dead: 0
95  3.90583   0.0685744   1.10583   2.3967  	Dead: 0
96  3.84839   0.064642    1.04242   2.3967  	Dead: 0
97  3.89801   0.0672735   1.08485   2.3967  	Dead: 0
98  3.83676   0.0630835   1.01728   2.3967  	Dead: 0
99  3.8132    0.0602196   0.971101  2.3967  	Dead: 0
100 3.87455   0.0657162   1.05974   2.3967  	Dead: 0
