0   11.2994   0.038441    0.6199    9.25986 	Dead: 0
1   10.8621   0.0322878   0.520674  9.25986 	Dead: 0
2   10.5897   0.0307205   0.495399  9.1608  	Dead: 0
3   10.3533   0.0300543   0.484655  8.81811 	Dead: 0
4   10.1343   0.0270315   0.43591   8.81811 	Dead: 0
5   9.95759   0.0278414   0.44897   8.58915 	Dead: 0
6   9.79727   0.0282006   0.454763  8.38671 	Dead: 0
7   9.63345   0.0298469   0.481311  7.3021  	Dead: 0
8   9.49256   0.0296976   0.478904  7.3021  	Dead: 0
9   9.34585   0.0304653   0.491283  7.3021  	Dead: 0
10  9.17672   0.030587    0.493246  7.3021  	Dead: 0
11  8.95478   0.0321006   0.517655  7.15884 	Dead: 0
12  8.74528   0.0344227   0.555101  6.781   	Dead: 0
13  8.50897   0.0361245   0.582544  6.39156 	Dead: 0
14  8.25776   0.0350645   0.565451  6.16502 	Dead: 0
15  8.04778   0.0352494   0.568432  6.16502 	Dead: 0
16  7.81662   0.0367064   0.591927  5.55963 	Dead: 0
17  7.56564   0.0367552   0.592714  5.55963 	Dead: 0
18  7.33033   0.0379685   0.61228   5.55963 	Dead: 0
19  7.12671   0.0381593   0.615357  5.55963 	Dead: 0
20  6.94573   0.0377395   0.608587  5.3853  	Dead: 0
21  6.75264   0.0373304   0.60199   5.28518 	Dead: 0
22  6.61312   0.0379705   0.612312  5.19179 	Dead: 0
23  6.48631   0.0373604   0.602473  5.18975 	Dead: 0
24  6.38597   0.0385201   0.621174  5.15111 	Dead: 0
25  6.28465   0.0355351   0.573039  4.74084 	Dead: 0
26  6.24954   0.0376567   0.607252  4.74084 	Dead: 0
27  6.19545   0.0375755   0.605942  4.41182 	Dead: 0
28  6.16102   0.0393974   0.635323  4.41182 	Dead: 0
29  6.10576   0.0396846   0.639954  4.41182 	Dead: 0
30  6.0542    0.0418872   0.675474  4.41182 	Dead: 0
31  5.98196   0.0393909   0.635217  4.41182 	Dead: 0
32  5.97143   0.0420057   0.677383  4.41182 	Dead: 0
33  5.95332   0.0438325   0.706842  4.41182 	Dead: 0
34  5.84738   0.0407903   0.657784  4.37343 	Dead: 0
35  5.80442   0.0412858   0.665775  4.37343 	Dead: 0
36  5.81575   0.0465274   0.750302  4.00437 	Dead: 0
37  5.7526    0.0442334   0.713308  4.00437 	Dead: 0
38  5.69713   0.0430936   0.694928  4.00437 	Dead: 0
39  5.69241   0.0448693   0.723562  4.00437 	Dead: 0
40  5.63006   0.0440397   0.710184  4.00437 	Dead: 0
41  5.58469   0.0436228   0.703461  4.00437 	Dead: 0
42  5.59714   0.0474022   0.764408  4.00437 	Dead: 0
43  5.55374   0.0458176   0.738855  4.00437 	Dead: 0
44  5.51566   0.0446774   0.720467  4.00437 	Dead: 0
45  5.50058   0.046948    0.757084  4.00437 	Dead: 0
46  5.47616   0.047821    0.771162  4.00437 	Dead: 0
47  5.4478    0.0465257   0.750274  4.00437 	Dead: 0
48  5.44258   0.0478074   0.770941  4.00437 	Dead: 0
49  5.39227   0.0479386   0.773058  4.00437 	Dead: 0
50  5.38464   0.0491607   0.792766  4.00437 	Dead: 0
51  5.37882   0.0491962   0.793339  4.00437 	Dead: 0
52  5.36638   0.0499887   0.806118  4.00437 	Dead: 0
53  5.34642   0.0499024   0.804726  4.00437 	Dead: 0
54  5.34498   0.0504466   0.813502  4.00437 	Dead: 0
55  5.30797   0.0494906   0.798086  3.69485 	Dead: 0
56  5.26865   0.0480959   0.775595  3.69485 	Dead: 0
57  5.31521   0.0521389   0.840792  3.69485 	Dead: 0
58  5.29131   0.0510971   0.823991  3.69485 	Dead: 0
59  5.30734   0.0523747   0.844594  3.69485 	Dead: 0
60  5.2705    0.0515213   0.830833  3.69485 	Dead: 0
61  5.27431   0.0531564   0.857199  3.69485 	Dead: 0
62  5.2527    0.0519308   0.837436  3.69485 	Dead: 0
63  5.18341   0.04914     0.792431  3.69485 	Dead: 0
64  5.19152   0.050498    0.81433   3.69485 	Dead: 0
65  5.17954   0.051999    0.838536  3.69485 	Dead: 0
66  5.19791   0.0529637   0.854093  3.69485 	Dead: 0
67  5.20556   0.0552133   0.890369  3.69485 	Dead: 0
68  5.12176   0.0493671   0.796094  3.69485 	Dead: 0
69  5.11547   0.0499366   0.805278  3.69485 	Dead: 0
70  5.10296   0.051892    0.836811  3.69485 	Dead: 0
71  5.10145   0.053136    0.856872  3.47221 	Dead: 0
72  5.11125   0.0539714   0.870343  3.47221 	Dead: 0
73  5.10354   0.0546683   0.881581  3.47221 	Dead: 0
74  5.05414   0.0511873   0.825447  3.47221 	Dead: 0
75  5.06501   0.0523106   0.843561  3.47221 	Dead: 0
76  5.05836   0.0534744   0.862328  3.47221 	Dead: 0
77  5.04468   0.0562394   0.906916  3.47221 	Dead: 0
78  5.02467   0.0557426   0.898904  3.47221 	Dead: 0
79  5.00954   0.0568008   0.91597   3.47221 	Dead: 0
80  5.00068   0.0561053   0.904754  3.47221 	Dead: 0
81  4.98336   0.0548069   0.883816  3.47221 	Dead: 0
82  4.9553    0.0551113   0.888725  3.47221 	Dead: 0
83  4.95268   0.0563198   0.908213  3.47221 	Dead: 0
84  4.91549   0.0558054   0.899917  3.07868 	Dead: 0
85  4.89941   0.0546373   0.88108   3.07868 	Dead: 0
86  4.89161   0.0572044   0.922479  3.07868 	Dead: 0
87  4.86203   0.0589212   0.950164  3.07868 	Dead: 0
88  4.80475   0.0564014   0.909529  3.07868 	Dead: 0
89  4.77945   0.0559896   0.902888  3.07868 	Dead: 0
90  4.75636   0.0567454   0.915076  3.07868 	Dead: 0
91  4.71505   0.0582447   0.939254  2.68801 	Dead: 0
92  4.66781   0.0557558   0.899118  2.68801 	Dead: 0
93  4.67088   0.0606084   0.977371  2.68801 	Dead: 0
94  4.59925   0.0553337   0.892312  2.68801 	Dead: 0
95  4.57078   0.0559569   0.902361  2.68801 	Dead: 0
96  4.59116   0.0578528   0.932934  2.68801 	Dead: 0
97  4.56421   0.0594522   0.958725  2.68801 	Dead: 0
98  4.54179   0.0576747   0.930062  2.68801 	Dead: 0
99  4.47573   0.05658     0.912409  2.68801 	Dead: 0
100 4.45332   0.0542847   0.875394  2.68801 	Dead: 0
