Initial Graph Fitness: 3898
200 200 400
1 1 1 1 2 198 199 199 199 199
0 0 0 0 2 2 2 2 3 3 3 199 199 199
0 1 1 1 1 3 3 3 3 4 4 4 4 4
1 1 1 2 2 2 2 4 4 5
2 2 2 2 2 3 3 5 5 6 6 6 6 6
3 4 4 6 6 6 6 6 7
4 4 4 4 4 5 5 5 5 5 7 7 7 7 7 8 8
5 6 6 6 6 6 8 9 9 9 9
6 6 7 9 10 10
7 7 7 7 8 10 10 11 11 11 11
8 8 9 9 11 11 12 12
9 9 9 9 10 10 12 12 12 12 13
10 10 11 11 11 11 13 13 13 13 14 14
11 12 12 12 12 14 14 14 15
12 12 13 13 13 15 15 15 16
13 14 14 14 16 16 16 16 16 17
14 15 15 15 15 15 17 17 17 17 17 18
15 16 16 16 16 16 18 19
16 17 19 20 20
17 18 20 21
18 18 19 21 22 22
19 20 22 22 22 23
20 20 21 21 21 23 23 23 24 24 24
21 22 22 22 24 24 24 24 24 25 25 25 25 25
22 22 22 23 23 23 23 23 25 25 25 25 25 26 26 26
23 23 23 23 23 24 24 24 24 24 26 26 26 26 27 27 27 27 27
24 24 24 25 25 25 25 27 27 27 27 28 28 28
25 25 25 25 25 26 26 26 26 28 28 28 29
26 26 26 27 27 27 29 29 29 30 30 30
27 28 28 28 30 30 30 30 31
28 28 28 29 29 29 29 31 31 31 31 32
29 30 30 30 30 32 32 32 33 33 33 33
30 31 31 31 33 33 33 34
31 31 31 31 32 32 32 34 34 35 35 35 35
32 33 33 35 35 36 36 36 36
33 33 33 33 34 34 36 36 37
34 34 34 34 35 35 37 37 38 38 38 38
35 36 36 38 38 39
36 36 36 36 37 37 39 39 40
37 38 38 40 40 40 41 41 41 41 41
38 39 39 39 41 41 41 42
39 39 39 39 39 40 40 40 42 43 43 43 43 43
40 41 43 44
41 41 41 41 41 42 44 44 44 44 45 45 45 45 45
42 43 43 43 43 45 45 45 45 46
43 43 43 43 43 44 44 44 44 46 46 46 47 47 47 47 47
44 45 45 45 47 47 47 48
45 45 45 45 45 46 46 46 48 49 49 49 49
46 47 49 50
47 47 47 47 48 50 50 50 51 51 51 51
48 49 49 49 51 51 51 52
49 49 49 49 50 50 50 52 52 52 52 53
50 51 51 51 51 53 53 53 53 54
51 52 52 52 52 54 54 54 55
52 53 53 53 55 55 55 56 56
53 54 54 54 56 56 56 57
54 54 55 55 55 57 57 57 58 58
55 56 56 56 58 58 59
56 56 57 57 59 59 60 60 60
57 58 58 60 60 61 61
58 58 58 59 59 61 61 62 62 62
59 59 60 60 62 63 63
60 60 60 61 63 64 64 64 64 64
61 61 62 64 64 64 65 65
62 62 62 62 62 63 63 63 65 65 65 66 66 66 66 66
63 63 64 64 64 66 66 66 66 67 67
64 64 64 64 64 65 65 65 65 67 67 67 67 68 68 68 68
65 65 66 66 66 66 68 69 69
66 66 66 66 67 69 70 70 70 70
67 67 68 70 70 70 70 70 71 71
68 68 68 68 69 69 69 69 69 71 71 71 71 71 72 72
69 69 70 70 70 70 70 72 72 72 72 72 73 73 73 73 73
70 70 71 71 71 71 71 73 73 73 73 73 74 74
71 71 71 71 71 72 72 72 72 72 74 74 74 75 75 75 75 75
72 72 73 73 73 75 75 75 76
73 73 73 73 73 74 74 74 76 76 76 76 77 77 77
74 75 75 75 75 77 77 77 77 78
75 75 75 76 76 76 76 78 79 79 79
76 77 79 80 80 80
77 77 77 78 80 81 81 81 81
78 78 78 79 81 82 82 82
79 79 79 79 80 82 83 83 83 83
80 80 80 81 83 84
81 81 81 81 82 84 84 84 85 85 85 85 85
82 83 83 83 85 85 85 86
83 83 83 83 83 84 84 84 86 86 87 87 87 87 87
84 85 85 87 87 88 88 88 88 88
85 85 85 85 85 86 86 88 88 89 89 89
86 86 86 86 86 87 87 89 89 90 90 90 90 90
87 87 87 88 88 90 90 90 90 90 91 91 91
88 88 88 88 88 89 89 89 89 89 91 91 91 91 91 92 92
89 89 89 90 90 90 90 90 92 92 92 93
90 90 91 91 91 93 93 93 94 94
91 92 92 92 94 94 95
92 92 93 93 95 95 96 96
93 94 94 96 96 96 97 97 97
94 94 95 95 95 97 97 97 98 98
95 95 95 96 96 96 98 98 98 99 99 99
96 96 97 97 97 99 99 99 100 100 100 100
97 97 97 98 98 98 100 101 101
98 98 98 98 99 101 102 102 102 102
99 99 100 102 102 103 103
100 100 100 100 101 101 103 103 104 104 104
101 101 102 102 104 104 105 105 105 105
102 102 102 103 103 105 105 106 106 106
103 103 103 103 104 104 106 106 107 107 107 107
104 104 104 105 105 107 107 108 108 108
105 105 105 105 106 106 108 108 108 108 109 109 109
106 106 106 107 107 107 107 109 109 109 109 110 110 110
107 107 107 108 108 108 108 110 111 111 111
108 108 108 109 111 112 112 112
109 109 109 110 112 112 112 112 112 113 113
110 110 110 111 111 111 111 111 113 113 113 113 113 114 114 114
111 111 112 112 112 112 112 114 114 115 115
112 112 112 113 113 115 115 116
113 113 114 114 116 116 116 117 117 117
114 115 115 115 117 117 117 118
115 115 115 116 116 116 118 119 119 119
116 117 119 120 120 120
117 117 117 118 120 120 120 121
118 118 118 119 119 119 121 121 121 122 122 122
119 120 120 120 122 122 123
120 120 120 121 121 123 123 124
121 122 122 124 124 124 124 125 125 125
122 123 123 123 123 125 125 125 125 126
123 123 123 124 124 124 124 126 127 127 127
124 125 127 128 128 128 128 128
125 125 125 126 128 128 129
126 126 126 126 126 127 127 129 129 130 130 130 130 130
127 128 128 130 130 130 130 131
128 128 128 128 128 129 129 129 129 131 131 131 131 132 132 132 132
129 130 130 130 130 132 133 133 133 133 133
130 130 130 130 131 133 134 134 134 134
131 131 131 131 131 132 134 134 134 134 135 135 135 135 135
132 132 132 132 133 133 133 133 135 135 135 135 136
133 133 133 133 133 134 134 134 134 136 136 137
134 135 135 137 137 138
135 136 136 138 138 139
136 137 137 139 139 140 140 140 140 140
137 138 138 140 140 140 141 141
138 138 138 138 138 139 139 139 141 141 141 142 142 142 142 142
139 139 140 140 140 142 142 142 143 143
140 140 140 140 140 141 141 141 143 143 143 144 144 144 144 144
141 141 142 142 142 144 144 145
142 142 142 142 142 143 143 145 145 146 146 146 146 146
143 144 144 146 146 146 146 147
144 144 144 144 144 145 145 145 145 147 147 147 147 148 148 148 148
145 146 146 146 146 148 149 149 149 149
146 146 146 146 147 149 150 150 150 150
147 147 147 147 148 150 150 150 151 151 151 151
148 148 148 148 149 149 149 151 151 151 152
149 149 149 149 150 150 150 152 152 152 153
150 151 151 151 153 153 153 154
151 152 152 152 154 154 154 155
152 153 153 153 155 155 155 156 156 156 156 156
153 154 154 154 156 157 157 157 157 157
154 154 154 154 154 155 157 158 158 158 158 158
155 155 155 155 155 156 158 158 158 158 158 159 159 159 159 159
156 156 156 156 156 157 157 157 157 157 159 159 159 159 159 160 160 160 160 160
157 157 157 157 157 158 158 158 158 158 160 160 160 160 160 161 161 161
158 158 158 158 158 159 159 159 159 159 161 161 161 161 161 162 162 162 162 162
159 159 159 160 160 160 160 160 162 162 163 163 163
160 160 160 160 160 161 161 163 163 164 164 164 164 164
161 161 161 162 162 164 164 164 164 165 165
162 162 162 162 162 163 163 163 163 165 165 165 165 166 166 166 166 166
163 163 164 164 164 164 166 166 167 167
164 164 164 164 164 165 165 167 167 168 168 168 168
165 165 166 166 168 168 168 168 168 169 169 169
166 166 166 166 167 167 167 167 167 169 169 169 169 169 170 170 170 170
167 167 167 168 168 168 168 168 170 170 171 171 171
168 168 168 168 169 169 171 171 172
169 169 169 170 170 172 172 172 173
170 171 171 171 173 173 173 174
171 172 172 172 174 174 174 174 175
172 173 173 173 173 175 175 175 175 176 176
173 174 174 174 174 176 177 177 177 177
174 174 175 177 178 178
175 175 175 175 176 178 178 178 179 179 179 179
176 176 177 177 177 179 179 179 180 180 180 180 180
177 177 177 177 178 178 178 180 180 181 181
178 178 178 178 178 179 179 181 181 182 182 182 182 182
179 179 180 180 182 183 183
180 180 180 180 180 181 183 184 184
181 181 182 184 184 184 184 184 185 185 185
182 182 183 183 183 183 183 185 185 185 185 185 186 186
183 183 183 184 184 184 184 184 186 186 186 187 187 187
184 184 185 185 185 187 187 187 188 188
185 185 185 186 186 186 188 189 189 189 189
186 186 187 189 190 190
187 187 187 187 188 190 190 191 191 191 191
188 188 189 189 191 191 192 192 192
189 189 189 189 190 190 192 192 193 193 193 193 193
190 190 190 191 191 193 193 194 194 194
191 191 191 191 191 192 192 194 194 195 195 195 195 195
192 192 192 193 193 195 195 196 196
193 193 193 193 193 194 194 196 196 197 197 197 197 197
194 194 195 195 197 197 198 198
195 195 195 195 195 196 196 198 199 199 199 199 199
0 196 196 197 199
0 0 0 0 1 1 1 197 197 197 197 197 198
