0   4729.38   3.37008     54.346    4549    	Dead: 0
1   4434.94   2.5874      41.7244   4299    	Dead: 0
2   4232.23   1.96722     31.7234   4120    	Dead: 0
3   4074.93   1.57975     25.4751   3987    	Dead: 0
4   3967.64   1.19813     19.321    3889    	Dead: 0
5   3884.15   1.11184     17.9295   3826    	Dead: 0
6   3814      1.26136     20.3407   3747    	Dead: 0
7   3739.64   0.998921    16.1086   3688    	Dead: 0
8   3693.06   0.93308     15.0469   3636    	Dead: 0
9   3659.67   0.955152    15.4028   3603    	Dead: 0
10  3635.48   0.939254    15.1464   3585    	Dead: 0
11  3609.96   0.977901    15.7696   3572    	Dead: 0
12  3584.64   0.981581    15.829    3531    	Dead: 0
13  3559.63   0.97735     15.7607   3508    	Dead: 0
14  3533.54   1.0006      16.1357   3492    	Dead: 0
15  3511.83   1.03092     16.6246   3466    	Dead: 0
16  3490.13   0.995718    16.057    3451    	Dead: 0
17  3471.82   0.999356    16.1156   3419    	Dead: 0
18  3456.44   1.01937     16.4384   3415    	Dead: 0
19  3439      1.06549     17.1821   3397    	Dead: 0
20  3418.45   1.01547     16.3755   3380    	Dead: 0
21  3402.11   0.925878    14.9307   3367    	Dead: 0
22  3392.03   1.07608     17.3529   3354    	Dead: 0
23  3382.23   1.15422     18.613    3339    	Dead: 0
24  3374.74   1.23058     19.8443   3337    	Dead: 0
25  3369.86   1.21218     19.5476   3337    	Dead: 0
26  3366.8    1.30598     21.0602   3329    	Dead: 0
27  3363.69   1.3455      21.6976   3322    	Dead: 0
28  3358.82   1.30033     20.9692   3309    	Dead: 0
29  3354.36   1.27659     20.5864   3309    	Dead: 0
30  3348.68   1.34011     21.6106   3302    	Dead: 0
31  3341.69   1.34686     21.7194   3299    	Dead: 0
32  3335.77   1.32939     21.4377   3295    	Dead: 0
33  3327.39   1.25414     20.2243   3283    	Dead: 0
34  3317.41   1.29879     20.9442   3276    	Dead: 0
35  3304.29   1.18867     19.1685   3263    	Dead: 0
36  3293.48   1.20049     19.3591   3255    	Dead: 0
37  3283.69   1.15145     18.5683   3241    	Dead: 0
38  3276.09   1.20036     19.357    3237    	Dead: 0
39  3267.91   1.18704     19.1422   3232    	Dead: 0
40  3261.48   1.21366     19.5715   3226    	Dead: 0
41  3255.73   1.25262     20.1998   3224    	Dead: 0
42  3251.52   1.34749     21.7297   3219    	Dead: 0
43  3245.64   1.30434     21.0338   3210    	Dead: 0
44  3239.04   1.2253      19.7593   3206    	Dead: 0
45  3233.84   1.34306     21.6582   3191    	Dead: 0
46  3226.93   1.40331     22.6298   3181    	Dead: 0
47  3218.75   1.3201      21.288    3158    	Dead: 0
48  3213.2    1.37301     22.1411   3158    	Dead: 0
49  3207.17   1.38358     22.3117   3158    	Dead: 0
50  3199.43   1.29282     20.848    3158    	Dead: 0
51  3192.12   1.32632     21.3882   3148    	Dead: 0
52  3183.21   1.37784     22.2191   3140    	Dead: 0
53  3172.89   1.31409     21.191    3131    	Dead: 0
54  3161.7    1.27044     20.487    3114    	Dead: 0
55  3151.45   1.27908     20.6265   3114    	Dead: 0
56  3145.37   1.36641     22.0348   3108    	Dead: 0
57  3137.55   1.3167      21.2331   3104    	Dead: 0
58  3132.33   1.33508     21.5294   3093    	Dead: 0
59  3126.87   1.36777     22.0566   3086    	Dead: 0
60  3120.54   1.40294     22.6238   3081    	Dead: 0
61  3113.33   1.36597     22.0277   3073    	Dead: 0
62  3107.13   1.33409     21.5136   3068    	Dead: 0
63  3102.67   1.35173     21.798    3058    	Dead: 0
64  3099.39   1.45274     23.4269   3057    	Dead: 0
65  3093.79   1.40015     22.5787   3054    	Dead: 0
66  3089.53   1.44841     23.357    3042    	Dead: 0
67  3081.99   1.35604     21.8676   3042    	Dead: 0
68  3074.93   1.38201     22.2863   3033    	Dead: 0
69  3066.73   1.33707     21.5616   3024    	Dead: 0
70  3059.37   1.45034     23.3882   3017    	Dead: 0
71  3052.33   1.49318     24.079    3006    	Dead: 0
72  3044.34   1.52513     24.5942   2989    	Dead: 0
73  3037.52   1.53236     24.7108   2989    	Dead: 0
74  3031.26   1.50205     24.2221   2989    	Dead: 0
75  3026.99   1.58059     25.4886   2985    	Dead: 0
76  3020.82   1.54303     24.8829   2979    	Dead: 0
77  3017.84   1.58066     25.4897   2977    	Dead: 0
78  3014.72   1.63298     26.3335   2976    	Dead: 0
79  3008.84   1.55089     25.0097   2967    	Dead: 0
80  3005.57   1.58169     25.5063   2967    	Dead: 0
81  3000.87   1.53764     24.7959   2960    	Dead: 0
82  2996.98   1.55403     25.0602   2957    	Dead: 0
83  2994.23   1.66069     26.7803   2946    	Dead: 0
84  2990.76   1.6456      26.5369   2946    	Dead: 0
85  2986.21   1.65028     26.6124   2942    	Dead: 0
86  2981.02   1.62853     26.2618   2938    	Dead: 0
87  2978.68   1.65979     26.7657   2933    	Dead: 0
88  2976.73   1.71897     27.7202   2933    	Dead: 0
89  2973.19   1.73251     27.9385   2930    	Dead: 0
90  2968.73   1.67878     27.0721   2925    	Dead: 0
91  2966.06   1.69791     27.3804   2924    	Dead: 0
92  2964.48   1.73625     27.9987   2923    	Dead: 0
93  2960.85   1.69679     27.3625   2919    	Dead: 0
94  2958.13   1.70952     27.5676   2915    	Dead: 0
95  2956.21   1.73817     28.0297   2915    	Dead: 0
96  2954.77   1.76152     28.4063   2915    	Dead: 0
97  2952.65   1.80003     29.0273   2915    	Dead: 0
98  2950.87   1.81733     29.3063   2906    	Dead: 0
99  2949.3    1.80023     29.0306   2906    	Dead: 0
100 2947.28   1.78089     28.7186   2902    	Dead: 0
