0   4727.26   3.39572     54.7594   4550    	Dead: 0
1   4571.43   2.87561     46.372    4462    	Dead: 0
2   4447.74   2.5958      41.8599   4329    	Dead: 0
3   4331.79   2.29593     37.0242   4226    	Dead: 0
4   4244.13   1.88465     30.3919   4163    	Dead: 0
5   4170.71   1.7004      27.4206   4089    	Dead: 0
6   4106.12   1.49868     24.1677   4024    	Dead: 0
7   4050.84   1.42953     23.0525   3975    	Dead: 0
8   4001.28   1.37367     22.1519   3932    	Dead: 0
9   3957.28   1.25697     20.2699   3897    	Dead: 0
10  3917.78   1.13348     18.2786   3859    	Dead: 0
11  3886.16   1.07462     17.3294   3829    	Dead: 0
12  3856.77   1.01383     16.349    3811    	Dead: 0
13  3829.84   1.05141     16.955    3783    	Dead: 0
14  3803.42   0.97881     15.7843   3756    	Dead: 0
15  3778.92   0.984424    15.8748   3725    	Dead: 0
16  3751.56   1.0121      16.3211   3707    	Dead: 0
17  3729.86   0.94178     15.1871   3689    	Dead: 0
18  3709.13   1.05808     17.0626   3659    	Dead: 0
19  3681.67   1.01612     16.386    3628    	Dead: 0
20  3659.21   0.975884    15.7371   3609    	Dead: 0
21  3639.78   0.922308    14.8731   3597    	Dead: 0
22  3620.55   0.85903     13.8527   3574    	Dead: 0
23  3606.53   0.780256    12.5824   3574    	Dead: 0
24  3596.81   0.800425    12.9076   3562    	Dead: 0
25  3586.63   0.771182    12.4361   3556    	Dead: 0
26  3578.21   0.785553    12.6678   3534    	Dead: 0
27  3570      0.805312    12.9865   3534    	Dead: 0
28  3559.84   0.896177    14.4517   3498    	Dead: 0
29  3545.37   0.907529    14.6348   3498    	Dead: 0
30  3530.01   0.9128      14.7198   3488    	Dead: 0
31  3516.44   0.842305    13.583    3475    	Dead: 0
32  3504.79   0.901803    14.5425   3462    	Dead: 0
33  3489.14   0.914818    14.7524   3453    	Dead: 0
34  3476.49   0.873625    14.0881   3440    	Dead: 0
35  3466.8    0.909043    14.6592   3426    	Dead: 0
36  3455.79   0.947309    15.2763   3411    	Dead: 0
37  3444.46   1.00048     16.1338   3399    	Dead: 0
38  3433.63   0.971987    15.6743   3391    	Dead: 0
39  3425.11   0.967522    15.6023   3388    	Dead: 0
40  3416.4    0.999862    16.1238   3380    	Dead: 0
41  3405.68   0.974415    15.7134   3366    	Dead: 0
42  3398.29   0.98259     15.8452   3366    	Dead: 0
43  3393.09   1.04233     16.8086   3362    	Dead: 0
44  3386.93   0.996629    16.0716   3355    	Dead: 0
45  3382.02   1.04502     16.852    3346    	Dead: 0
46  3376.39   1.00518     16.2096   3336    	Dead: 0
47  3372.03   1.0092      16.2744   3336    	Dead: 0
48  3367.72   1.04989     16.9305   3336    	Dead: 0
49  3362.1    1.03782     16.7359   3331    	Dead: 0
50  3356.31   0.970702    15.6535   3322    	Dead: 0
51  3351.6    1.07994     17.4151   3314    	Dead: 0
52  3344.37   1.03018     16.6127   3314    	Dead: 0
53  3336.99   0.994731    16.041    3300    	Dead: 0
54  3330.48   0.984411    15.8746   3295    	Dead: 0
55  3324.49   1.04085     16.7848   3293    	Dead: 0
56  3318.83   1.07252     17.2954   3286    	Dead: 0
57  3312.13   0.99795     16.0929   3276    	Dead: 0
58  3307.08   1.04152     16.7956   3273    	Dead: 0
59  3301.64   1.07256     17.2962   3267    	Dead: 0
60  3296.39   1.06664     17.2006   3255    	Dead: 0
61  3289.4    1.02019     16.4516   3250    	Dead: 0
62  3284.54   1.14069     18.3948   3248    	Dead: 0
63  3277.17   1.10081     17.7517   3240    	Dead: 0
64  3269.98   1.01456     16.3608   3237    	Dead: 0
65  3264.18   1.02879     16.5903   3234    	Dead: 0
66  3259.08   1.05472     17.0085   3225    	Dead: 0
67  3252.91   0.991128    15.9829   3224    	Dead: 0
68  3248.45   1.00794     16.2541   3215    	Dead: 0
69  3242.09   0.944818    15.2361   3214    	Dead: 0
70  3237.92   1.07383     17.3166   3204    	Dead: 0
71  3232.52   0.959121    15.4668   3202    	Dead: 0
72  3226.92   0.917514    14.7958   3197    	Dead: 0
73  3222.89   1.00759     16.2484   3193    	Dead: 0
74  3217.93   0.994392    16.0356   3190    	Dead: 0
75  3213.61   0.973127    15.6926   3183    	Dead: 0
76  3210.61   1.06577     17.1866   3173    	Dead: 0
77  3205.9    0.998906    16.1084   3172    	Dead: 0
78  3202.49   1.04659     16.8774   3161    	Dead: 0
79  3197.87   1.06279     17.1386   3161    	Dead: 0
80  3193.78   1.11313     17.9504   3147    	Dead: 0
81  3188.5    1.15253     18.5857   3147    	Dead: 0
82  3182.43   1.13341     18.2773   3143    	Dead: 0
83  3175.33   1.13627     18.3235   3136    	Dead: 0
84  3169.34   1.15923     18.6938   3136    	Dead: 0
85  3163.15   1.06463     17.1683   3129    	Dead: 0
86  3158.89   1.07717     17.3705   3122    	Dead: 0
87  3155.93   1.12206     18.0943   3122    	Dead: 0
88  3152.62   1.14862     18.5227   3116    	Dead: 0
89  3148.7    1.12228     18.0978   3115    	Dead: 0
90  3143.65   1.06416     17.1607   3115    	Dead: 0
91  3140.07   1.06201     17.1259   3105    	Dead: 0
92  3137.29   1.10838     17.8737   3105    	Dead: 0
93  3134.84   1.18239     19.0672   3103    	Dead: 0
94  3131.49   1.18819     19.1607   3102    	Dead: 0
95  3127.59   1.12262     18.1033   3100    	Dead: 0
96  3124.23   1.09967     17.7332   3090    	Dead: 0
97  3121.09   1.11888     18.043    3087    	Dead: 0
98  3117.59   1.12217     18.0962   3079    	Dead: 0
99  3114.06   1.12099     18.0771   3079    	Dead: 0
100 3110.06   1.13126     18.2427   3077    	Dead: 0
