0   4722      3.17587     51.2141   4559    	Dead: 0
1   4572.47   3.003       48.4263   4441    	Dead: 0
2   4442.19   2.39916     38.6889   4314    	Dead: 0
3   4334.6    2.01748     32.5339   4244    	Dead: 0
4   4258.59   1.6678      26.8949   4178    	Dead: 0
5   4190.79   1.68134     27.1133   4100    	Dead: 0
6   4122.33   1.5811      25.4968   4046    	Dead: 0
7   4069.11   1.40865     22.7159   3993    	Dead: 0
8   4016.62   1.29628     20.9038   3954    	Dead: 0
9   3976.61   1.18739     19.1479   3912    	Dead: 0
10  3938.71   1.18379     19.0897   3877    	Dead: 0
11  3905.45   1.13482     18.3      3846    	Dead: 0
12  3872.5    1.16909     18.8527   3809    	Dead: 0
13  3840.39   1.16317     18.7572   3782    	Dead: 0
14  3807.61   1.18196     19.0603   3752    	Dead: 0
15  3782.71   1.08707     17.5301   3739    	Dead: 0
16  3764.88   1.08388     17.4786   3702    	Dead: 0
17  3745.43   1.16671     18.8144   3688    	Dead: 0
18  3719.89   1.19049     19.1979   3660    	Dead: 0
19  3699.84   1.10519     17.8223   3652    	Dead: 0
20  3683.81   1.06283     17.1391   3635    	Dead: 0
21  3667.54   1.03781     16.7358   3626    	Dead: 0
22  3652.64   1.08049     17.4239   3599    	Dead: 0
23  3639.12   1.05469     17.008    3577    	Dead: 0
24  3628.64   1.07138     17.2771   3577    	Dead: 0
25  3617.59   1.04761     16.8937   3571    	Dead: 0
26  3608.9    1.07679     17.3644   3571    	Dead: 0
27  3601.22   1.09725     17.6943   3561    	Dead: 0
28  3592.6    1.03442     16.681    3561    	Dead: 0
29  3585.28   1.09129     17.5981   3538    	Dead: 0
30  3575.28   1.0515      16.9564   3530    	Dead: 0
31  3565.61   1.03685     16.7203   3530    	Dead: 0
32  3555.77   1.04425     16.8396   3514    	Dead: 0
33  3546.82   0.967702    15.6052   3514    	Dead: 0
34  3540.64   1.04934     16.9217   3507    	Dead: 0
35  3532.2    1.02613     16.5474   3495    	Dead: 0
36  3522.29   0.991653    15.9914   3477    	Dead: 0
37  3511.26   1.01497     16.3675   3472    	Dead: 0
38  3501.8    1.02597     16.5447   3456    	Dead: 0
39  3493.47   1.0297      16.6049   3451    	Dead: 0
40  3486.45   1.08944     17.5683   3441    	Dead: 0
41  3477.96   1.07427     17.3237   3435    	Dead: 0
42  3466.8    1.08883     17.5585   3426    	Dead: 0
43  3456.21   0.930314    15.0022   3417    	Dead: 0
44  3447.69   0.988911    15.9472   3407    	Dead: 0
45  3440.7    0.980678    15.8144   3394    	Dead: 0
46  3432.77   0.998937    16.1089   3394    	Dead: 0
47  3425.11   0.990457    15.9721   3388    	Dead: 0
48  3419.7    1.07297     17.3027   3374    	Dead: 0
49  3412.58   1.12281     18.1064   3371    	Dead: 0
50  3405.38   1.09807     17.7075   3370    	Dead: 0
51  3397.75   1.11427     17.9687   3354    	Dead: 0
52  3389.28   1.0923      17.6145   3338    	Dead: 0
53  3380.66   1.0669      17.2048   3338    	Dead: 0
54  3372.6    1.07325     17.3072   3334    	Dead: 0
55  3366.36   1.10776     17.8638   3327    	Dead: 0
56  3358.52   1.03358     16.6675   3310    	Dead: 0
57  3351.82   1.05303     16.9812   3310    	Dead: 0
58  3345.96   1.01838     16.4224   3310    	Dead: 0
59  3341.43   1.12024     18.065    3301    	Dead: 0
60  3336.28   1.07855     17.3927   3301    	Dead: 0
61  3330.67   1.06151     17.1179   3295    	Dead: 0
62  3328.46   1.16143     18.7292   3293    	Dead: 0
63  3323.78   1.15103     18.5614   3283    	Dead: 0
64  3319.99   1.12478     18.1381   3283    	Dead: 0
65  3315.91   1.13155     18.2474   3281    	Dead: 0
66  3313.24   1.22015     19.6762   3272    	Dead: 0
67  3308.39   1.16617     18.8056   3272    	Dead: 0
68  3305.54   1.18055     19.0376   3262    	Dead: 0
69  3303.41   1.25881     20.2995   3262    	Dead: 0
70  3299.5    1.26102     20.3351   3254    	Dead: 0
71  3294.99   1.26646     20.4229   3251    	Dead: 0
72  3290.61   1.25054     20.1661   3246    	Dead: 0
73  3287.21   1.356       21.8668   3246    	Dead: 0
74  3282.81   1.41853     22.8752   3234    	Dead: 0
75  3277.68   1.38521     22.3379   3228    	Dead: 0
76  3275.32   1.47521     23.7893   3228    	Dead: 0
77  3271.22   1.45312     23.433    3220    	Dead: 0
78  3265.46   1.45103     23.3992   3209    	Dead: 0
79  3261.38   1.4948      24.1051   3209    	Dead: 0
80  3255.8    1.52543     24.599    3209    	Dead: 0
81  3251.15   1.56166     25.1833   3203    	Dead: 0
82  3247.15   1.57309     25.3677   3203    	Dead: 0
83  3244.16   1.66264     26.8117   3203    	Dead: 0
84  3240.33   1.6703      26.9353   3197    	Dead: 0
85  3235.49   1.62739     26.2433   3192    	Dead: 0
86  3233.63   1.69915     27.4005   3189    	Dead: 0
87  3231.28   1.72746     27.857    3178    	Dead: 0
88  3227.66   1.71955     27.7295   3178    	Dead: 0
89  3226.05   1.8131      29.238    3172    	Dead: 0
90  3222.11   1.77311     28.5932   3172    	Dead: 0
91  3218.07   1.70035     27.4199   3172    	Dead: 0
92  3215.19   1.82243     29.3884   3169    	Dead: 0
93  3211.79   1.78639     28.8073   3163    	Dead: 0
94  3207.14   1.79576     28.9584   3156    	Dead: 0
95  3202.36   1.72662     27.8434   3156    	Dead: 0
96  3198.12   1.7345      27.9706   3154    	Dead: 0
97  3194.94   1.74314     28.1099   3154    	Dead: 0
98  3192.64   1.69929     27.4028   3154    	Dead: 0
99  3190.51   1.70679     27.5237   3149    	Dead: 0
100 3188.05   1.74872     28.1998   3143    	Dead: 0
