0   4723.55   3.3097      53.3723   4570    	Dead: 0
1   4564.54   2.8645      46.1929   4397    	Dead: 0
2   4439.91   2.54823     41.0928   4327    	Dead: 0
3   4339.91   1.99074     32.1027   4246    	Dead: 0
4   4254.51   2.04265     32.9399   4157    	Dead: 0
5   4170.91   1.84858     29.8102   4065    	Dead: 0
6   4102.67   1.63838     26.4206   4025    	Dead: 0
7   4045.36   1.48361     23.9247   3953    	Dead: 0
8   3990.97   1.44409     23.2873   3901    	Dead: 0
9   3943.9    1.38368     22.3132   3880    	Dead: 0
10  3907.53   1.18131     19.0498   3848    	Dead: 0
11  3878.84   1.21542     19.5999   3820    	Dead: 0
12  3849.86   1.25384     20.2194   3801    	Dead: 0
13  3825.09   1.23416     19.9021   3751    	Dead: 0
14  3797.46   1.26728     20.4362   3745    	Dead: 0
15  3773.03   1.28623     20.7417   3704    	Dead: 0
16  3753.63   1.27816     20.6116   3688    	Dead: 0
17  3735.53   1.34528     21.694    3675    	Dead: 0
18  3719.2    1.27887     20.623    3674    	Dead: 0
19  3706.98   1.30364     21.0225   3653    	Dead: 0
20  3694.41   1.29399     20.8669   3640    	Dead: 0
21  3683.04   1.31048     21.1328   3635    	Dead: 0
22  3672.38   1.32559     21.3765   3624    	Dead: 0
23  3659.11   1.19521     19.274    3614    	Dead: 0
24  3647.1    1.15978     18.7026   3604    	Dead: 0
25  3635.32   1.14157     18.409    3595    	Dead: 0
26  3625.49   1.12099     18.0771   3582    	Dead: 0
27  3617.25   1.10779     17.8643   3581    	Dead: 0
28  3609.44   1.06257     17.1351   3581    	Dead: 0
29  3603.81   1.16317     18.7573   3566    	Dead: 0
30  3596.57   1.15965     18.7005   3562    	Dead: 0
31  3589.06   1.07265     17.2975   3547    	Dead: 0
32  3581.96   1.12461     18.1355   3541    	Dead: 0
33  3572.7    1.0424      16.8098   3534    	Dead: 0
34  3566.92   1.05256     16.9737   3534    	Dead: 0
35  3562.25   1.09285     17.6233   3525    	Dead: 0
36  3558.13   1.08807     17.5462   3520    	Dead: 0
37  3552.57   1.19336     19.2441   3510    	Dead: 0
38  3541.2    1.16346     18.762    3496    	Dead: 0
39  3529.03   1.1172      18.0159   3483    	Dead: 0
40  3520.15   1.14791     18.5112   3483    	Dead: 0
41  3512.68   1.22861     19.8125   3472    	Dead: 0
42  3502.85   1.16015     18.7085   3454    	Dead: 0
43  3494.01   1.27584     20.5742   3452    	Dead: 0
44  3485.21   1.35141     21.7928   3436    	Dead: 0
45  3475.73   1.31279     21.17     3429    	Dead: 0
46  3467.46   1.27658     20.5861   3424    	Dead: 0
47  3461.47   1.44158     23.2469   3411    	Dead: 0
48  3456.58   1.58977     25.6366   3405    	Dead: 0
49  3449.92   1.53023     24.6765   3405    	Dead: 0
50  3445.76   1.54141     24.8568   3400    	Dead: 0
51  3439.81   1.56312     25.2069   3394    	Dead: 0
52  3435.96   1.57765     25.4411   3393    	Dead: 0
53  3430.31   1.52        24.5115   3390    	Dead: 0
54  3425.6    1.52291     24.5585   3385    	Dead: 0
55  3420.96   1.54482     24.9117   3375    	Dead: 0
56  3416.48   1.54507     24.9158   3372    	Dead: 0
57  3410.42   1.48666     23.9739   3370    	Dead: 0
58  3407.02   1.53948     24.8257   3360    	Dead: 0
59  3403.28   1.51978     24.5079   3360    	Dead: 0
60  3398.44   1.49505     24.1092   3360    	Dead: 0
61  3396      1.53994     24.8331   3356    	Dead: 0
62  3394.77   1.6317      26.3129   3350    	Dead: 0
63  3391.15   1.53582     24.7666   3348    	Dead: 0
64  3388.81   1.54189     24.8645   3346    	Dead: 0
65  3387.82   1.64849     26.5836   3338    	Dead: 0
66  3384.25   1.55436     25.0656   3338    	Dead: 0
67  3382.1    1.61384     26.0248   3338    	Dead: 0
68  3379.28   1.65642     26.7114   3332    	Dead: 0
69  3376.16   1.64415     26.5135   3330    	Dead: 0
70  3373.23   1.62008     26.1255   3328    	Dead: 0
71  3368.37   1.60004     25.8023   3324    	Dead: 0
72  3362.78   1.52417     24.5787   3316    	Dead: 0
73  3359.67   1.56734     25.2749   3316    	Dead: 0
74  3357.72   1.60622     25.9019   3313    	Dead: 0
75  3353.06   1.54812     24.9651   3313    	Dead: 0
76  3349.04   1.50048     24.1968   3308    	Dead: 0
77  3346.26   1.54059     24.8436   3306    	Dead: 0
78  3343.68   1.51591     24.4455   3303    	Dead: 0
79  3341.76   1.53428     24.7417   3300    	Dead: 0
80  3338.35   1.47194     23.7364   3300    	Dead: 0
81  3335.62   1.50749     24.3097   3297    	Dead: 0
82  3332.39   1.48116     23.8852   3294    	Dead: 0
83  3330.44   1.39415     22.482    3294    	Dead: 0
84  3327.13   1.39645     22.5191   3288    	Dead: 0
85  3324.4    1.37571     22.1847   3288    	Dead: 0
86  3320.1    1.28861     20.7802   3286    	Dead: 0
87  3319.02   1.42886     23.0418   3283    	Dead: 0
88  3315.84   1.35761     21.8929   3278    	Dead: 0
89  3313.46   1.40732     22.6945   3278    	Dead: 0
90  3310.05   1.35369     21.8296   3264    	Dead: 0
91  3308.47   1.48134     23.8881   3264    	Dead: 0
92  3305.57   1.48294     23.9139   3259    	Dead: 0
93  3301.42   1.3885      22.391    3259    	Dead: 0
94  3298.07   1.49563     24.1186   3253    	Dead: 0
95  3295.03   1.49629     24.1292   3253    	Dead: 0
96  3293.23   1.62018     26.127    3252    	Dead: 0
97  3287.86   1.5501      24.997    3248    	Dead: 0
98  3284.26   1.5941      25.7065   3243    	Dead: 0
99  3282.42   1.6503      26.6128   3239    	Dead: 0
100 3279.3    1.65482     26.6857   3229    	Dead: 0
