0   25.0692   0.0671615   1.08305   22.2471 	Dead: 0
1   24.3396   0.0636229   1.02598   21.6954 	Dead: 0
2   23.784    0.0617618   0.99597   21.1029 	Dead: 0
3   23.2028   0.0546039   0.880543  20.8015 	Dead: 0
4   22.6855   0.0498301   0.80356   19.4931 	Dead: 0
5   22.3272   0.0485019   0.782142  19.4931 	Dead: 0
6   22.0436   0.0457244   0.737352  19.4931 	Dead: 0
7   21.7624   0.0423593   0.683085  19.4931 	Dead: 0
8   21.5139   0.045561    0.734716  19.4931 	Dead: 0
9   21.2495   0.0433534   0.699117  19.1967 	Dead: 0
10  21.018    0.0455686   0.734839  19.1243 	Dead: 0
11  20.7397   0.0430458   0.694157  18.9892 	Dead: 0
12  20.5228   0.0449477   0.724827  18.9743 	Dead: 0
13  20.2828   0.0432255   0.697054  18.2435 	Dead: 0
14  20.1062   0.0415021   0.669262  18.2435 	Dead: 0
15  19.9798   0.0420433   0.67799   18.1002 	Dead: 0
16  19.8395   0.0417668   0.673532  17.8011 	Dead: 0
17  19.6954   0.0413554   0.666897  17.8011 	Dead: 0
18  19.5306   0.0407841   0.657684  17.8011 	Dead: 0
19  19.3924   0.0415473   0.669992  17.6918 	Dead: 0
20  19.248    0.0415494   0.670025  17.5266 	Dead: 0
21  19.0659   0.0410504   0.661979  17.3378 	Dead: 0
22  18.8922   0.0401359   0.647231  17.2903 	Dead: 0
23  18.7076   0.0417291   0.672923  16.8785 	Dead: 0
24  18.4508   0.0418394   0.674702  16.8785 	Dead: 0
25  18.2107   0.0396567   0.639504  16.1413 	Dead: 0
26  17.9974   0.0399082   0.643559  16.1413 	Dead: 0
27  17.7958   0.0387134   0.624292  15.7318 	Dead: 0
28  17.6167   0.0357768   0.576936  15.7318 	Dead: 0
29  17.5156   0.0395755   0.638195  15.7171 	Dead: 0
30  17.3693   0.0395719   0.638137  15.7171 	Dead: 0
31  17.2019   0.0366374   0.590814  15.7171 	Dead: 0
32  17.08     0.0385846   0.622216  15.5135 	Dead: 0
33  16.9113   0.0394637   0.636392  15.2614 	Dead: 0
34  16.7598   0.0406877   0.65613   15.0304 	Dead: 0
35  16.556    0.039316    0.63401   14.9552 	Dead: 0
36  16.3685   0.0416906   0.672303  14.6649 	Dead: 0
37  16.2166   0.0415876   0.670642  14.1463 	Dead: 0
38  16.0323   0.0426555   0.687863  14.0147 	Dead: 0
39  15.8379   0.0423095   0.682283  13.6661 	Dead: 0
40  15.6597   0.0429889   0.693239  13.6661 	Dead: 0
41  15.5054   0.0420595   0.678251  13.6527 	Dead: 0
42  15.3465   0.0441314   0.711662  12.7291 	Dead: 0
43  15.1777   0.0462708   0.746164  12.1913 	Dead: 0
44  15.0129   0.048512    0.782305  12.1913 	Dead: 0
45  14.8407   0.0473567   0.763674  12.1913 	Dead: 0
46  14.6736   0.0516394   0.832736  12.1913 	Dead: 0
47  14.5338   0.0538166   0.867847  12.1913 	Dead: 0
48  14.3915   0.0540213   0.871148  12.1913 	Dead: 0
49  14.254    0.0545766   0.880102  12.1913 	Dead: 0
50  14.1438   0.0552471   0.890914  11.8124 	Dead: 0
51  14.0291   0.0546585   0.881423  11.8124 	Dead: 0
52  13.9216   0.0561934   0.906175  11.6188 	Dead: 0
53  13.7773   0.0566099   0.912891  11.1168 	Dead: 0
54  13.7056   0.0578936   0.933592  11.1168 	Dead: 0
55  13.5845   0.0571053   0.92088   11.1168 	Dead: 0
56  13.46     0.0571431   0.921489  11.1168 	Dead: 0
57  13.3077   0.0571185   0.921093  11.1168 	Dead: 0
58  13.1804   0.056737    0.914942  11.1168 	Dead: 0
59  13.106    0.0578158   0.932338  11.1168 	Dead: 0
60  12.9991   0.0574341   0.926183  10.7451 	Dead: 0
61  12.9056   0.0590744   0.952634  10.7451 	Dead: 0
62  12.7747   0.0581261   0.937341  10.7451 	Dead: 0
63  12.6645   0.0558468   0.900586  10.0526 	Dead: 0
64  12.6103   0.0596631   0.962128  10.0526 	Dead: 0
65  12.4999   0.0597387   0.963346  10.0526 	Dead: 0
66  12.4024   0.0610151   0.98393   9.90486 	Dead: 0
67  12.2616   0.0593187   0.956574  9.49024 	Dead: 0
68  12.1647   0.0597842   0.964079  9.49024 	Dead: 0
69  12.024    0.0604202   0.974337  9.49024 	Dead: 0
70  11.945    0.0653432   1.05372   9.49024 	Dead: 0
71  11.7787   0.0619767   0.999437  9.20179 	Dead: 0
72  11.681    0.0692226   1.11628   9.20179 	Dead: 0
73  11.5422   0.0702661   1.13311   9.00538 	Dead: 0
74  11.266    0.0699922   1.12869   8.50114 	Dead: 0
75  10.9739   0.0699725   1.12838   8.41193 	Dead: 0
76  10.7012   0.0735815   1.18658   7.9858  	Dead: 0
77  10.4124   0.0685521   1.10547   7.9858  	Dead: 0
78  10.3106   0.074911    1.20801   7.9858  	Dead: 0
79  10.1521   0.0727568   1.17328   7.9858  	Dead: 0
80  10.0262   0.072477    1.16876   7.9858  	Dead: 0
81  9.88387   0.0708072   1.14184   7.84745 	Dead: 0
82  9.78446   0.0686731   1.10742   7.84745 	Dead: 0
83  9.7309    0.0707557   1.14101   7.71146 	Dead: 0
84  9.68942   0.0738473   1.19086   7.71146 	Dead: 0
85  9.56243   0.0678879   1.09476   7.23905 	Dead: 0
86  9.52498   0.0693688   1.11864   7.23905 	Dead: 0
87  9.46163   0.0713969   1.15135   7.23905 	Dead: 0
88  9.40084   0.0756949   1.22066   7.23905 	Dead: 0
89  9.37628   0.07592     1.22429   7.1898  	Dead: 0
90  9.27987   0.073175    1.18002   7.1898  	Dead: 0
91  9.23039   0.0747614   1.2056    7.1898  	Dead: 0
92  9.18651   0.0733729   1.18321   7.1898  	Dead: 0
93  9.21432   0.0807848   1.30274   7.1898  	Dead: 0
94  9.13681   0.0775408   1.25042   7.1898  	Dead: 0
95  9.04656   0.0745513   1.20221   7.1898  	Dead: 0
96  9.03014   0.0769131   1.2403    7.07601 	Dead: 0
97  9.00224   0.0732226   1.18079   7.07601 	Dead: 0
98  8.96035   0.0766774   1.2365    7.07601 	Dead: 0
99  8.96462   0.0826722   1.33317   6.91207 	Dead: 0
100 8.88909   0.0774798   1.24944   6.91207 	Dead: 0
