0   25.759    0.136083    2.19447   20.2968 	Dead: 0
1   24.0713   0.105072    1.69439   20.077  	Dead: 0
2   23.3224   0.0900072   1.45146   19.9888 	Dead: 0
3   22.806    0.0814322   1.31318   19.6309 	Dead: 0
4   22.4686   0.0826581   1.33294   19.018  	Dead: 0
5   22.2113   0.0857704   1.38313   19.0139 	Dead: 0
6   21.9252   0.0844857   1.36242   18.6229 	Dead: 0
7   21.7149   0.0835913   1.34799   18.5777 	Dead: 0
8   21.5456   0.0847271   1.36631   17.6178 	Dead: 0
9   21.3523   0.0880001   1.41909   16.6252 	Dead: 0
10  21.1666   0.0881945   1.42222   16.6252 	Dead: 0
11  20.9569   0.0878065   1.41597   16.6252 	Dead: 0
12  20.8151   0.0931537   1.5022    16.6252 	Dead: 0
13  20.5878   0.0877331   1.41478   16.6252 	Dead: 0
14  20.4429   0.09215     1.48601   16.3428 	Dead: 0
15  20.252    0.0894903   1.44312   16.3428 	Dead: 0
16  20.0594   0.0936068   1.5095    16.176  	Dead: 0
17  19.9012   0.0947207   1.52747   16.176  	Dead: 0
18  19.7017   0.0934079   1.5063    16.176  	Dead: 0
19  19.4872   0.0932016   1.50297   15.1467 	Dead: 0
20  19.2004   0.088592    1.42864   15.1467 	Dead: 0
21  18.9984   0.0909436   1.46656   14.2359 	Dead: 0
22  18.783    0.0906228   1.46138   14.2359 	Dead: 0
23  18.5861   0.0917869   1.48016   14.2359 	Dead: 0
24  18.3616   0.0980442   1.58106   14.1678 	Dead: 0
25  18.137    0.0960868   1.5495    14.1678 	Dead: 0
26  17.9068   0.0969298   1.56309   14.0615 	Dead: 0
27  17.7126   0.0967549   1.56027   13.8874 	Dead: 0
28  17.5904   0.100962    1.62811   13.4656 	Dead: 0
29  17.3284   0.0924495   1.49084   13.2936 	Dead: 0
30  17.1658   0.0933891   1.50599   13.2936 	Dead: 0
31  16.9774   0.0930116   1.49991   12.9063 	Dead: 0
32  16.7934   0.0947763   1.52836   12.9063 	Dead: 0
33  16.6143   0.0973824   1.57039   12.9063 	Dead: 0
34  16.4627   0.0979804   1.58003   12.9063 	Dead: 0
35  16.234    0.0944398   1.52294   12.7406 	Dead: 0
36  16.103    0.0969537   1.56347   12.7406 	Dead: 0
37  15.9046   0.094256    1.51997   12.6912 	Dead: 0
38  15.8528   0.0992665   1.60077   12.6479 	Dead: 0
39  15.6829   0.0947647   1.52818   12.6479 	Dead: 0
40  15.5928   0.0951954   1.53512   12.6479 	Dead: 0
41  15.505    0.0948841   1.5301    12.6479 	Dead: 0
42  15.4373   0.098239    1.5842    12.6479 	Dead: 0
43  15.3646   0.0973595   1.57002   12.6479 	Dead: 0
44  15.3258   0.0998468   1.61013   12.2038 	Dead: 0
45  15.3102   0.0976481   1.57467   12.2038 	Dead: 0
46  15.2783   0.101182    1.63166   11.352  	Dead: 0
47  15.1936   0.102324    1.65007   11.352  	Dead: 0
48  15.1241   0.0998509   1.6102    11.352  	Dead: 0
49  15.0516   0.100868    1.62659   11.352  	Dead: 0
50  15.0202   0.0960273   1.54854   11.352  	Dead: 0
51  15.0527   0.103473    1.6686    11.352  	Dead: 0
52  14.8918   0.098255    1.58446   11.352  	Dead: 0
53  14.8246   0.0971116   1.56602   11.352  	Dead: 0
54  14.8678   0.100524    1.62105   11.352  	Dead: 0
55  14.8665   0.101897    1.6432    11.352  	Dead: 0
56  14.7427   0.0996868   1.60755   11.352  	Dead: 0
57  14.8191   0.10452     1.68548   11.352  	Dead: 0
58  14.6909   0.101881    1.64293   11.352  	Dead: 0
59  14.7591   0.106082    1.71068   11.352  	Dead: 0
60  14.7133   0.106393    1.71569   11.1389 	Dead: 0
61  14.6935   0.107065    1.72653   11.1389 	Dead: 0
62  14.6142   0.104859    1.69095   11.1389 	Dead: 0
63  14.6084   0.105116    1.6951    11.1389 	Dead: 0
64  14.596    0.109558    1.76673   11.1389 	Dead: 0
65  14.5812   0.108875    1.75571   11.1389 	Dead: 0
66  14.5943   0.109381    1.76388   11.1389 	Dead: 0
67  14.584    0.1084      1.74806   11.1389 	Dead: 0
68  14.4884   0.106366    1.71526   11.1389 	Dead: 0
69  14.4443   0.106415    1.71605   11.0773 	Dead: 0
70  14.385    0.10439     1.6834    11.0773 	Dead: 0
71  14.389    0.106076    1.71058   11.0773 	Dead: 0
72  14.3303   0.104356    1.68285   11.0773 	Dead: 0
73  14.3783   0.107598    1.73513   11.0773 	Dead: 0
74  14.306    0.103418    1.66772   11.0735 	Dead: 0
75  14.3061   0.105515    1.70153   11.0735 	Dead: 0
76  14.2685   0.107146    1.72783   11.0735 	Dead: 0
77  14.2161   0.105013    1.69343   10.7703 	Dead: 0
78  14.2505   0.112396    1.8125    10.7703 	Dead: 0
79  14.1593   0.106656    1.71993   10.7703 	Dead: 0
80  14.1178   0.107872    1.73955   10.7703 	Dead: 0
81  14.0907   0.107501    1.73355   10.7703 	Dead: 0
82  14.0923   0.111284    1.79456   10.5386 	Dead: 0
83  14.0845   0.108839    1.75514   10.5386 	Dead: 0
84  14.0432   0.112469    1.81368   10.5386 	Dead: 0
85  13.9815   0.109987    1.77366   10.5386 	Dead: 0
86  14.0397   0.113596    1.83186   10.5386 	Dead: 0
87  14.0008   0.112898    1.82059   10.5386 	Dead: 0
88  13.9719   0.110892    1.78825   10.5386 	Dead: 0
89  13.9808   0.113386    1.82846   10.5386 	Dead: 0
90  13.8782   0.108254    1.74571   10.5386 	Dead: 0
91  13.8583   0.107312    1.73052   10.5386 	Dead: 0
92  13.8686   0.111538    1.79865   10.5386 	Dead: 0
93  13.7856   0.109724    1.76941   10.1699 	Dead: 0
94  13.8025   0.110758    1.78609   10.1699 	Dead: 0
95  13.7568   0.110283    1.77843   10.1699 	Dead: 0
96  13.6857   0.106098    1.71094   10.1699 	Dead: 0
97  13.759    0.11238     1.81225   10.1699 	Dead: 0
98  13.7925   0.11607     1.87175   10.1699 	Dead: 0
99  13.6958   0.11069     1.78499   10.1699 	Dead: 0
100 13.6937   0.114097    1.83992   10.1699 	Dead: 0
