0   25.2729   0.122807    1.98039   20.3354 	Dead: 0
1   24.0095   0.10478     1.68968   19.2046 	Dead: 0
2   23.2589   0.0925263   1.49208   18.8842 	Dead: 0
3   22.7423   0.0869309   1.40185   18.8842 	Dead: 0
4   22.3206   0.0916019   1.47717   17.7467 	Dead: 0
5   21.8635   0.0954909   1.53989   17.7467 	Dead: 0
6   21.3856   0.0944769   1.52353   16.8544 	Dead: 0
7   20.8479   0.0890746   1.43642   16.8544 	Dead: 0
8   20.4121   0.0900522   1.45218   16.4129 	Dead: 0
9   19.9934   0.0841599   1.35716   16.4129 	Dead: 0
10  19.5434   0.0858818   1.38493   15.346  	Dead: 0
11  19.2062   0.0863106   1.39184   15.346  	Dead: 0
12  18.8145   0.0856847   1.38175   14.2523 	Dead: 0
13  18.5034   0.0847473   1.36663   14.2523 	Dead: 0
14  18.2222   0.0833777   1.34455   14.2523 	Dead: 0
15  17.9772   0.0848324   1.36801   14.2523 	Dead: 0
16  17.7807   0.0850157   1.37096   14.2523 	Dead: 0
17  17.5748   0.0877481   1.41503   14.2491 	Dead: 0
18  17.4301   0.0875798   1.41231   14.2491 	Dead: 0
19  17.3211   0.0865921   1.39638   14.2491 	Dead: 0
20  17.2501   0.0896594   1.44585   14.2491 	Dead: 0
21  17.1694   0.089959    1.45068   12.9581 	Dead: 0
22  17.0598   0.0915948   1.47706   12.9581 	Dead: 0
23  17.0372   0.096055    1.54898   12.9581 	Dead: 0
24  16.9329   0.0938366   1.51321   12.9581 	Dead: 0
25  16.9066   0.0963551   1.55382   12.9581 	Dead: 0
26  16.7827   0.0918225   1.48073   12.9581 	Dead: 0
27  16.7595   0.0961337   1.55025   12.9581 	Dead: 0
28  16.7965   0.0971271   1.56627   12.9581 	Dead: 0
29  16.7525   0.0992709   1.60084   12.9581 	Dead: 0
30  16.6707   0.0977442   1.57622   12.9581 	Dead: 0
31  16.6331   0.0988085   1.59339   12.9581 	Dead: 0
32  16.6052   0.100207    1.61593   12.9581 	Dead: 0
33  16.5337   0.0988439   1.59396   12.9581 	Dead: 0
34  16.4054   0.094967    1.53144   12.9581 	Dead: 0
35  16.4351   0.100869    1.62661   12.9581 	Dead: 0
36  16.3895   0.0995968   1.6061    12.9581 	Dead: 0
37  16.4234   0.106941    1.72452   12.9581 	Dead: 0
38  16.3981   0.104602    1.68681   12.9581 	Dead: 0
39  16.3161   0.101501    1.6368    12.9581 	Dead: 0
40  16.2644   0.0978338   1.57767   12.9581 	Dead: 0
41  16.306    0.103398    1.66739   12.6759 	Dead: 0
42  16.2075   0.103025    1.66138   12.6759 	Dead: 0
43  16.2239   0.104738    1.68901   12.6759 	Dead: 0
44  16.1678   0.102085    1.64622   12.6759 	Dead: 0
45  16.1626   0.101371    1.6347    12.6759 	Dead: 0
46  16.1086   0.104821    1.69034   12.6759 	Dead: 0
47  16.1116   0.104771    1.68953   12.6759 	Dead: 0
48  16.0106   0.101841    1.64229   12.3029 	Dead: 0
49  16.0015   0.103181    1.66389   12.3029 	Dead: 0
50  15.9868   0.0986559   1.59093   12.3029 	Dead: 0
51  16.0045   0.106443    1.7165    12.3029 	Dead: 0
52  15.9931   0.10523     1.69694   12.3029 	Dead: 0
53  15.9878   0.105433    1.70021   12.3029 	Dead: 0
54  15.9015   0.105197    1.6964    12.3029 	Dead: 0
55  15.878    0.106321    1.71454   12.3029 	Dead: 0
56  15.8253   0.104903    1.69167   12.3029 	Dead: 0
57  15.7613   0.102348    1.65046   12.3029 	Dead: 0
58  15.7437   0.10717     1.72822   12.3029 	Dead: 0
59  15.708    0.107902    1.74002   11.7705 	Dead: 0
60  15.8404   0.115913    1.86921   11.7705 	Dead: 0
61  15.7679   0.113645    1.83264   11.7705 	Dead: 0
62  15.6763   0.108446    1.74879   11.7705 	Dead: 0
63  15.6468   0.108889    1.75594   11.7705 	Dead: 0
64  15.6096   0.109381    1.76388   11.7705 	Dead: 0
65  15.5489   0.105988    1.70916   11.7705 	Dead: 0
66  15.5392   0.108795    1.75443   11.7705 	Dead: 0
67  15.4612   0.104983    1.69295   11.7705 	Dead: 0
68  15.5008   0.113655    1.8328    11.7705 	Dead: 0
69  15.3597   0.106069    1.71048   11.7705 	Dead: 0
70  15.2985   0.105774    1.70571   11.7705 	Dead: 0
71  15.2118   0.109656    1.76831   11.7705 	Dead: 0
72  15.1524   0.105286    1.69784   11.5949 	Dead: 0
73  15.1189   0.106305    1.71428   11.5949 	Dead: 0
74  15.2043   0.114727    1.85008   11.5949 	Dead: 0
75  15.0888   0.11207     1.80724   11.5949 	Dead: 0
76  14.9984   0.107883    1.73972   11.5949 	Dead: 0
77  14.995    0.108206    1.74493   11.5949 	Dead: 0
78  14.9132   0.108167    1.7443    11.5949 	Dead: 0
79  14.8909   0.107202    1.72874   11.5949 	Dead: 0
80  14.8295   0.105464    1.70071   11.1895 	Dead: 0
81  14.845    0.110767    1.78624   11.1895 	Dead: 0
82  14.8913   0.115985    1.87038   10.7554 	Dead: 0
83  14.7626   0.110058    1.7748    10.7554 	Dead: 0
84  14.7221   0.106249    1.71338   10.7554 	Dead: 0
85  14.7002   0.110116    1.77574   10.7554 	Dead: 0
86  14.7705   0.112187    1.80913   10.7554 	Dead: 0
87  14.741    0.112247    1.8101    10.7554 	Dead: 0
88  14.7198   0.111538    1.79866   10.7554 	Dead: 0
89  14.6545   0.109298    1.76254   10.7554 	Dead: 0
90  14.6489   0.111372    1.79599   10.7554 	Dead: 0
91  14.5969   0.108812    1.7547    10.7554 	Dead: 0
92  14.6007   0.110044    1.77457   10.7554 	Dead: 0
93  14.5326   0.110384    1.78005   10.7554 	Dead: 0
94  14.5305   0.110264    1.77812   10.7554 	Dead: 0
95  14.4893   0.113099    1.82384   10.7554 	Dead: 0
96  14.3967   0.109733    1.76955   10.7554 	Dead: 0
97  14.4122   0.112089    1.80755   10.7554 	Dead: 0
98  14.333    0.111519    1.79835   10.7554 	Dead: 0
99  14.3231   0.111728    1.80172   10.7554 	Dead: 0
100 14.2585   0.107067    1.72656   10.7554 	Dead: 0
