0   25.0336   0.122628    1.9775    20.2573 	Dead: 0
1   23.8473   0.100087    1.61401   20.0411 	Dead: 0
2   23.2215   0.095291    1.53666   19.8804 	Dead: 0
3   22.6903   0.0875844   1.41239   18.9511 	Dead: 0
4   22.3314   0.0866515   1.39734   18.2575 	Dead: 0
5   22.047    0.0892814   1.43975   18.2575 	Dead: 0
6   21.7039   0.0852254   1.37435   17.3149 	Dead: 0
7   21.4028   0.0882546   1.42319   17.3149 	Dead: 0
8   21.1175   0.0857461   1.38274   17.3149 	Dead: 0
9   20.8808   0.0864705   1.39442   16.9073 	Dead: 0
10  20.7001   0.0917919   1.48024   16.6277 	Dead: 0
11  20.543    0.0900569   1.45226   16.6277 	Dead: 0
12  20.366    0.093       1.49972   16.6277 	Dead: 0
13  20.2246   0.0944972   1.52386   16.6035 	Dead: 0
14  20.097    0.0967144   1.55962   16.6035 	Dead: 0
15  19.8876   0.0960417   1.54877   16.6035 	Dead: 0
16  19.7389   0.0935635   1.50881   15.9922 	Dead: 0
17  19.5907   0.0939272   1.51467   15.9922 	Dead: 0
18  19.4342   0.092138    1.48582   15.9922 	Dead: 0
19  19.4049   0.100901    1.62714   15.712  	Dead: 0
20  19.2726   0.0986226   1.59039   15.3896 	Dead: 0
21  19.196    0.0997205   1.60809   15.3896 	Dead: 0
22  19.0132   0.0959408   1.54714   15.3896 	Dead: 0
23  18.8521   0.0930831   1.50106   15.3896 	Dead: 0
24  18.7982   0.0969481   1.56339   14.994  	Dead: 0
25  18.6582   0.0986415   1.59069   14.994  	Dead: 0
26  18.6002   0.101643    1.63909   14.994  	Dead: 0
27  18.4711   0.0998351   1.60994   14.994  	Dead: 0
28  18.3902   0.100048    1.61337   14.994  	Dead: 0
29  18.3061   0.099506    1.60463   14.994  	Dead: 0
30  18.1793   0.0974543   1.57155   14.7921 	Dead: 0
31  18.1567   0.103256    1.6651    14.4466 	Dead: 0
32  18.0271   0.101192    1.63182   14.1812 	Dead: 0
33  17.8855   0.102787    1.65754   14.1812 	Dead: 0
34  17.7151   0.0977722   1.57667   14.1812 	Dead: 0
35  17.6879   0.106206    1.71267   14.1812 	Dead: 0
36  17.5431   0.0986505   1.59084   14.1812 	Dead: 0
37  17.4827   0.097632    1.57441   14.1812 	Dead: 0
38  17.4234   0.0981701   1.58309   14.1812 	Dead: 0
39  17.3655   0.0989595   1.59582   14.1812 	Dead: 0
40  17.3012   0.100399    1.61903   14.0809 	Dead: 0
41  17.1499   0.0951021   1.53362   13.2608 	Dead: 0
42  17.0771   0.10334     1.66646   13.2608 	Dead: 0
43  17.0428   0.104866    1.69107   13.2608 	Dead: 0
44  16.9241   0.101494    1.6367    13.2608 	Dead: 0
45  16.7591   0.101544    1.6375    13.1748 	Dead: 0
46  16.5976   0.0976371   1.5745    13.1748 	Dead: 0
47  16.5144   0.0988038   1.59331   13.1748 	Dead: 0
48  16.3811   0.0966392   1.5584    13.0388 	Dead: 0
49  16.324    0.101699    1.63999   13.0388 	Dead: 0
50  16.1912   0.0973622   1.57006   12.5534 	Dead: 0
51  16.1275   0.102144    1.64718   12.424  	Dead: 0
52  16.0112   0.103191    1.66405   11.3878 	Dead: 0
53  15.8403   0.0942275   1.51951   11.3878 	Dead: 0
54  15.7963   0.097053    1.56508   11.3878 	Dead: 0
55  15.8088   0.101656    1.6393    11.3878 	Dead: 0
56  15.7307   0.100422    1.6194    11.3878 	Dead: 0
57  15.5994   0.0988891   1.59469   11.3878 	Dead: 0
58  15.557    0.100495    1.62059   11.3878 	Dead: 0
59  15.4727   0.0993124   1.60151   11.3878 	Dead: 0
60  15.52     0.105614    1.70313   11.3878 	Dead: 0
61  15.4111   0.102955    1.66025   11.3878 	Dead: 0
62  15.3464   0.106435    1.71638   11.3878 	Dead: 0
63  15.2217   0.102065    1.64589   11.3878 	Dead: 0
64  15.2191   0.106329    1.71467   11.3878 	Dead: 0
65  15.1535   0.105473    1.70086   11.3878 	Dead: 0
66  15.0862   0.105141    1.6955    11.3878 	Dead: 0
67  15.0954   0.109386    1.76397   11.3878 	Dead: 0
68  14.9914   0.107971    1.74114   11.3878 	Dead: 0
69  14.8676   0.102915    1.65961   11.3878 	Dead: 0
70  14.8043   0.102567    1.654     11.3878 	Dead: 0
71  14.7966   0.105753    1.70537   10.8734 	Dead: 0
72  14.7578   0.108479    1.74932   10.8734 	Dead: 0
73  14.7363   0.107981    1.7413    10.8734 	Dead: 0
74  14.678    0.107161    1.72808   10.8734 	Dead: 0
75  14.6674   0.108243    1.74552   10.8734 	Dead: 0
76  14.595    0.104792    1.68988   10.8734 	Dead: 0
77  14.5618   0.108569    1.75078   10.8734 	Dead: 0
78  14.5543   0.107876    1.73961   10.8734 	Dead: 0
79  14.5846   0.109262    1.76195   10.8734 	Dead: 0
80  14.524    0.106181    1.71228   10.8734 	Dead: 0
81  14.4997   0.108567    1.75075   10.3317 	Dead: 0
82  14.5614   0.112031    1.80661   10.3317 	Dead: 0
83  14.5587   0.11066     1.7845    10.3317 	Dead: 0
84  14.51     0.111565    1.7991    10.3317 	Dead: 0
85  14.5276   0.112776    1.81862   10.3317 	Dead: 0
86  14.4689   0.109865    1.77168   10.3317 	Dead: 0
87  14.4995   0.111914    1.80473   10.3317 	Dead: 0
88  14.4984   0.113772    1.83468   10.3317 	Dead: 0
89  14.4787   0.112964    1.82165   10.3317 	Dead: 0
90  14.4541   0.112284    1.81069   10.3317 	Dead: 0
91  14.3952   0.112482    1.81388   10.3317 	Dead: 0
92  14.3643   0.113291    1.82693   10.3317 	Dead: 0
93  14.3384   0.113912    1.83695   10.3317 	Dead: 0
94  14.386    0.116197    1.87379   10.3317 	Dead: 0
95  14.2855   0.11606     1.87158   10.3317 	Dead: 0
96  14.2755   0.112185    1.80909   10.3317 	Dead: 0
97  14.3077   0.117929    1.90173   10.3317 	Dead: 0
98  14.3011   0.116853    1.88437   10.3317 	Dead: 0
99  14.2415   0.113055    1.82312   10.3317 	Dead: 0
100 14.3276   0.117571    1.89596   10.3317 	Dead: 0
