0   24.9626   0.119768    1.93138   20.9632 	Dead: 0
1   23.8719   0.104227    1.68077   19.6641 	Dead: 0
2   23.1715   0.0941807   1.51876   17.4824 	Dead: 0
3   22.6957   0.087964    1.41851   17.4824 	Dead: 0
4   22.1842   0.0789344   1.2729    17.4824 	Dead: 0
5   21.8205   0.0793333   1.27933   17.4824 	Dead: 0
6   21.5356   0.0834319   1.34542   17.4824 	Dead: 0
7   21.3132   0.0870888   1.40439   17.4824 	Dead: 0
8   20.9972   0.0864249   1.39369   16.8688 	Dead: 0
9   20.8212   0.0908883   1.46566   16.8688 	Dead: 0
10  20.5924   0.0891622   1.43783   16.8007 	Dead: 0
11  20.3556   0.0866773   1.39776   16.8007 	Dead: 0
12  20.1159   0.0846299   1.36474   16.4185 	Dead: 0
13  19.8266   0.0881268   1.42113   15.9586 	Dead: 0
14  19.5204   0.0891379   1.43744   15.6112 	Dead: 0
15  19.2218   0.0913259   1.47272   15.4493 	Dead: 0
16  18.8851   0.086569    1.39601   14.7021 	Dead: 0
17  18.6084   0.089181    1.43813   14.7021 	Dead: 0
18  18.259    0.0910066   1.46757   14.3775 	Dead: 0
19  17.9454   0.086478    1.39454   14.3775 	Dead: 0
20  17.7315   0.08709     1.40441   14.0279 	Dead: 0
21  17.452    0.0847023   1.36591   14.0279 	Dead: 0
22  17.2933   0.0853814   1.37686   14.0279 	Dead: 0
23  17.1095   0.0864262   1.39371   13.8173 	Dead: 0
24  16.9566   0.0866184   1.39681   13.8173 	Dead: 0
25  16.8554   0.0870201   1.40329   13.8173 	Dead: 0
26  16.6829   0.0865314   1.39541   13.4859 	Dead: 0
27  16.5951   0.0876803   1.41393   13.4859 	Dead: 0
28  16.5237   0.0864245   1.39368   13.4859 	Dead: 0
29  16.4053   0.0877386   1.41487   12.4138 	Dead: 0
30  16.2965   0.0899023   1.44977   12.4138 	Dead: 0
31  16.1634   0.0884024   1.42558   12.4138 	Dead: 0
32  16.1244   0.0918887   1.4818    12.4138 	Dead: 0
33  15.9874   0.0876673   1.41372   11.9089 	Dead: 0
34  15.9295   0.0904307   1.45829   11.9089 	Dead: 0
35  15.8362   0.0897373   1.4471    11.9089 	Dead: 0
36  15.7423   0.0884254   1.42595   11.9089 	Dead: 0
37  15.7262   0.0929537   1.49897   11.9089 	Dead: 0
38  15.6228   0.0904809   1.4591    11.9089 	Dead: 0
39  15.5762   0.0938034   1.51267   11.9089 	Dead: 0
40  15.5086   0.0918426   1.48105   11.9089 	Dead: 0
41  15.3967   0.0891267   1.43726   11.9089 	Dead: 0
42  15.3265   0.092117    1.48548   11.9089 	Dead: 0
43  15.3183   0.093648    1.51017   11.9089 	Dead: 0
44  15.2202   0.0904125   1.45799   11.7927 	Dead: 0
45  15.1578   0.0937733   1.51219   11.7927 	Dead: 0
46  15.0888   0.0921204   1.48553   11.7142 	Dead: 0
47  15.0691   0.0952717   1.53635   11.7142 	Dead: 0
48  14.9663   0.0935845   1.50914   11.7142 	Dead: 0
49  14.8284   0.0909612   1.46684   11.7142 	Dead: 0
50  14.8757   0.0962805   1.55262   11.5676 	Dead: 0
51  14.8147   0.0975532   1.57314   11.5676 	Dead: 0
52  14.746    0.0977622   1.57651   11.5676 	Dead: 0
53  14.7213   0.0953446   1.53753   11.5676 	Dead: 0
54  14.6754   0.0954829   1.53976   11.3482 	Dead: 0
55  14.659    0.0984157   1.58705   11.1969 	Dead: 0
56  14.6343   0.0994799   1.60421   11.1969 	Dead: 0
57  14.5856   0.0993194   1.60162   11.1969 	Dead: 0
58  14.519    0.0965637   1.55719   11.1969 	Dead: 0
59  14.4915   0.0950505   1.53279   11.1969 	Dead: 0
60  14.5292   0.0988062   1.59335   11.1969 	Dead: 0
61  14.5239   0.100595    1.62219   11.1969 	Dead: 0
62  14.4634   0.100358    1.61837   11.1969 	Dead: 0
63  14.4662   0.0989663   1.59593   11.1969 	Dead: 0
64  14.4752   0.101776    1.64124   11.1969 	Dead: 0
65  14.3987   0.0986673   1.59111   11.1969 	Dead: 0
66  14.3642   0.0971947   1.56736   11.1969 	Dead: 0
67  14.3977   0.101852    1.64247   11.1969 	Dead: 0
68  14.3659   0.103188    1.66401   11.1969 	Dead: 0
69  14.245    0.0948134   1.52896   11.1969 	Dead: 0
70  14.2364   0.0960945   1.54962   11.1969 	Dead: 0
71  14.2071   0.0970771   1.56546   10.9127 	Dead: 0
72  14.1863   0.0984126   1.587     10.9127 	Dead: 0
73  14.1839   0.101513    1.637     10.8517 	Dead: 0
74  14.0608   0.0960574   1.54902   10.8517 	Dead: 0
75  14.1222   0.0994961   1.60447   10.8517 	Dead: 0
76  14.1474   0.10368     1.67194   10.8517 	Dead: 0
77  14.0689   0.10095     1.62792   10.8517 	Dead: 0
78  14.0483   0.102264    1.64911   10.7094 	Dead: 0
79  14.0087   0.100867    1.62658   10.7094 	Dead: 0
80  14.0087   0.101609    1.63854   10.7094 	Dead: 0
81  13.9689   0.0988429   1.59394   10.7094 	Dead: 0
82  13.8759   0.096588    1.55758   10.7094 	Dead: 0
83  13.929    0.102232    1.6486    10.7094 	Dead: 0
84  13.8985   0.100386    1.61882   10.7094 	Dead: 0
85  13.8682   0.100368    1.61854   10.7094 	Dead: 0
86  13.835    0.0986319   1.59054   10.7094 	Dead: 0
87  13.8339   0.0988399   1.59389   10.7094 	Dead: 0
88  13.8253   0.101743    1.64071   10.4191 	Dead: 0
89  13.8579   0.105645    1.70364   10.4191 	Dead: 0
90  13.8094   0.100452    1.6199    10.4191 	Dead: 0
91  13.814    0.101179    1.63162   10.4191 	Dead: 0
92  13.8548   0.105577    1.70253   10.4191 	Dead: 0
93  13.8016   0.102235    1.64864   10.4191 	Dead: 0
94  13.7497   0.0988407   1.59391   10.4191 	Dead: 0
95  13.7774   0.10198     1.64452   10.4191 	Dead: 0
96  13.7428   0.101536    1.63737   10.4191 	Dead: 0
97  13.7348   0.10264     1.65517   10.4191 	Dead: 0
98  13.6778   0.100182    1.61554   10.4191 	Dead: 0
99  13.6534   0.100982    1.62844   10.4191 	Dead: 0
100 13.706    0.10343     1.66792   10.4191 	Dead: 0
