0   25.838    0.150189    2.42194   20.2606 	Dead: 0
1   24.1346   0.105793    1.70601   20.2606 	Dead: 0
2   23.2995   0.0861341   1.389     19.831  	Dead: 0
3   22.7381   0.088206    1.42241   18.9346 	Dead: 0
4   22.3293   0.0838375   1.35196   18.9089 	Dead: 0
5   21.9949   0.0874113   1.4096    18.0678 	Dead: 0
6   21.7044   0.0871996   1.40618   17.8876 	Dead: 0
7   21.4787   0.090275    1.45577   17.8708 	Dead: 0
8   21.203    0.086818    1.40003   17.8708 	Dead: 0
9   20.9986   0.0892795   1.43972   16.7473 	Dead: 0
10  20.8712   0.093429    1.50664   16.7473 	Dead: 0
11  20.6319   0.0926305   1.49376   16.7473 	Dead: 0
12  20.3006   0.0886085   1.4289    15.6495 	Dead: 0
13  20.0942   0.0903788   1.45745   15.6495 	Dead: 0
14  19.968    0.090512    1.4596    15.6495 	Dead: 0
15  19.7641   0.0897762   1.44773   15.6495 	Dead: 0
16  19.6344   0.0971969   1.5674    15.4889 	Dead: 0
17  19.4137   0.093721    1.51134   15.4889 	Dead: 0
18  19.1002   0.0884376   1.42615   15.4889 	Dead: 0
19  18.932    0.0890532   1.43607   15.2339 	Dead: 0
20  18.7891   0.0943583   1.52162   15.0303 	Dead: 0
21  18.5977   0.0915293   1.476     15.0303 	Dead: 0
22  18.3504   0.0864588   1.39423   15.0303 	Dead: 0
23  18.194    0.0890329   1.43574   15.0303 	Dead: 0
24  18.1535   0.0923421   1.48911   15.0303 	Dead: 0
25  18.0036   0.0903957   1.45772   14.445  	Dead: 0
26  17.7925   0.0838125   1.35156   14.445  	Dead: 0
27  17.7949   0.0908814   1.46555   14.445  	Dead: 0
28  17.6891   0.0908822   1.46557   14.445  	Dead: 0
29  17.5843   0.0871074   1.40469   14.445  	Dead: 0
30  17.5614   0.0959237   1.54686   13.8529 	Dead: 0
31  17.4518   0.0925188   1.49196   13.8529 	Dead: 0
32  17.394    0.0929134   1.49832   13.8529 	Dead: 0
33  17.3371   0.0886346   1.42932   13.8529 	Dead: 0
34  17.2398   0.0880613   1.42008   13.8529 	Dead: 0
35  17.1968   0.0902925   1.45606   13.8529 	Dead: 0
36  17.1664   0.0934122   1.50636   13.8529 	Dead: 0
37  17.0644   0.0898303   1.4486    13.8529 	Dead: 0
38  17.0375   0.0919897   1.48343   13.8529 	Dead: 0
39  16.9813   0.0912932   1.47219   13.5028 	Dead: 0
40  16.9203   0.0928773   1.49774   13.5028 	Dead: 0
41  16.8235   0.0914759   1.47514   13.5028 	Dead: 0
42  16.7463   0.0906798   1.4623    13.5028 	Dead: 0
43  16.7166   0.0932622   1.50395   13.5028 	Dead: 0
44  16.6898   0.0945227   1.52427   13.5028 	Dead: 0
45  16.6474   0.0947548   1.52802   13.5028 	Dead: 0
46  16.6229   0.0993409   1.60197   13.4701 	Dead: 0
47  16.5441   0.0964045   1.55462   13.4701 	Dead: 0
48  16.4892   0.0948565   1.52966   13.4701 	Dead: 0
49  16.4098   0.0937156   1.51126   13.4701 	Dead: 0
50  16.4339   0.0986505   1.59084   12.9746 	Dead: 0
51  16.3205   0.0929736   1.49929   12.9746 	Dead: 0
52  16.3079   0.0971493   1.56663   12.3695 	Dead: 0
53  16.3287   0.101042    1.62941   12.3695 	Dead: 0
54  16.1838   0.0956012   1.54166   12.3695 	Dead: 0
55  16.1694   0.0979676   1.57983   12.3695 	Dead: 0
56  16.1258   0.0998294   1.60985   12.3695 	Dead: 0
57  16.0837   0.0983128   1.58539   12.3695 	Dead: 0
58  16.0617   0.0979894   1.58018   12.3695 	Dead: 0
59  16.0173   0.0978858   1.57851   12.1354 	Dead: 0
60  15.9725   0.0958763   1.5461    12.1354 	Dead: 0
61  15.9882   0.0985191   1.58872   12.1354 	Dead: 0
62  15.9371   0.0991336   1.59863   12.1354 	Dead: 0
63  15.9112   0.0992638   1.60073   12.1354 	Dead: 0
64  15.9022   0.101182    1.63166   12.1354 	Dead: 0
65  15.7865   0.0962557   1.55222   12.1354 	Dead: 0
66  15.7568   0.0969758   1.56383   12.1354 	Dead: 0
67  15.7972   0.0996161   1.60641   12.1354 	Dead: 0
68  15.7808   0.101476    1.6364    12.1354 	Dead: 0
69  15.7522   0.101446    1.63591   12.1354 	Dead: 0
70  15.7895   0.103266    1.66528   12.1354 	Dead: 0
71  15.6671   0.100847    1.62625   12.1354 	Dead: 0
72  15.6056   0.0977494   1.57631   12.1354 	Dead: 0
73  15.6034   0.098502    1.58844   12.1354 	Dead: 0
74  15.5844   0.0993537   1.60218   12.1354 	Dead: 0
75  15.5532   0.10234     1.65033   12.1354 	Dead: 0
76  15.5059   0.101042    1.62941   12.1354 	Dead: 0
77  15.4727   0.0988039   1.59331   12.1354 	Dead: 0
78  15.4835   0.103398    1.66739   12.1354 	Dead: 0
79  15.413    0.103459    1.66838   12.1354 	Dead: 0
80  15.3946   0.103136    1.66317   12.1354 	Dead: 0
81  15.4106   0.103359    1.66676   12.1354 	Dead: 0
82  15.4509   0.105664    1.70393   12.1354 	Dead: 0
83  15.4033   0.104865    1.69105   12.1354 	Dead: 0
84  15.4442   0.108209    1.74497   12.1354 	Dead: 0
85  15.4457   0.108632    1.7518    12.1354 	Dead: 0
86  15.3458   0.106816    1.72251   12.1354 	Dead: 0
87  15.304    0.103128    1.66304   12.1354 	Dead: 0
88  15.3202   0.106002    1.70939   12.1354 	Dead: 0
89  15.3224   0.106806    1.72235   11.8777 	Dead: 0
90  15.2424   0.105451    1.7005    11.4662 	Dead: 0
91  15.2208   0.104136    1.67929   11.4662 	Dead: 0
92  15.1898   0.10791     1.74015   11.4662 	Dead: 0
93  15.1271   0.106193    1.71246   11.4662 	Dead: 0
94  15.1468   0.104484    1.68491   11.4662 	Dead: 0
95  15.1145   0.104964    1.69264   11.4662 	Dead: 0
96  15.1332   0.108722    1.75326   11.1547 	Dead: 0
97  15.1227   0.106281    1.71388   11.1547 	Dead: 0
98  15.0826   0.104273    1.68151   11.1547 	Dead: 0
99  15.0125   0.103246    1.66494   11.1547 	Dead: 0
100 15.0079   0.107375    1.73153   11.1547 	Dead: 0
