0   25.0239   0.11591     1.86917   20.1243 	Dead: 0
1   23.899    0.101722    1.64036   19.6859 	Dead: 0
2   23.2852   0.0916215   1.47749   19.6859 	Dead: 0
3   22.7615   0.0892199   1.43876   19.1799 	Dead: 0
4   22.2488   0.0829014   1.33687   18.8587 	Dead: 0
5   21.9948   0.0890348   1.43578   18.8587 	Dead: 0
6   21.759    0.0910746   1.46867   18.8587 	Dead: 0
7   21.4945   0.089326    1.44047   17.832  	Dead: 0
8   21.2641   0.0884305   1.42603   17.832  	Dead: 0
9   21.1193   0.0913336   1.47285   17.832  	Dead: 0
10  20.9489   0.0961441   1.55042   17.832  	Dead: 0
11  20.7327   0.0904747   1.459     17.1484 	Dead: 0
12  20.5372   0.08908     1.4365    17.1484 	Dead: 0
13  20.4428   0.0964678   1.55564   16.6153 	Dead: 0
14  20.2038   0.0950712   1.53312   16.3631 	Dead: 0
15  20.0343   0.0931749   1.50254   16.3631 	Dead: 0
16  19.8403   0.0932323   1.50346   16.2657 	Dead: 0
17  19.6696   0.0937471   1.51177   16.131  	Dead: 0
18  19.5357   0.0954279   1.53887   16.131  	Dead: 0
19  19.3696   0.0978765   1.57836   15.6894 	Dead: 0
20  19.168    0.0945899   1.52536   15.4878 	Dead: 0
21  19.0219   0.0972849   1.56882   15.4878 	Dead: 0
22  18.8723   0.0962826   1.55265   15.4878 	Dead: 0
23  18.6243   0.095393    1.53831   14.8712 	Dead: 0
24  18.4936   0.0960861   1.54948   13.9105 	Dead: 0
25  18.3824   0.0998982   1.61096   13.9105 	Dead: 0
26  18.1546   0.0992048   1.59978   13.9105 	Dead: 0
27  18.0535   0.0987786   1.5929    13.9105 	Dead: 0
28  17.964    0.1029      1.65937   13.9105 	Dead: 0
29  17.7949   0.100712    1.62408   13.9105 	Dead: 0
30  17.6919   0.101492    1.63666   13.9105 	Dead: 0
31  17.509    0.101345    1.63429   13.9105 	Dead: 0
32  17.3948   0.0999722   1.61215   13.9105 	Dead: 0
33  17.2912   0.101204    1.63201   13.9105 	Dead: 0
34  17.1075   0.0954028   1.53847   13.5406 	Dead: 0
35  17.0319   0.0990448   1.5972    13.5406 	Dead: 0
36  16.8679   0.0980986   1.58194   13.5406 	Dead: 0
37  16.8804   0.103482    1.66875   13.5406 	Dead: 0
38  16.7647   0.104654    1.68765   12.655  	Dead: 0
39  16.6397   0.105471    1.70083   12.655  	Dead: 0
40  16.4648   0.102074    1.64605   12.655  	Dead: 0
41  16.3471   0.0990768   1.59771   12.655  	Dead: 0
42  16.2982   0.104432    1.68407   12.3617 	Dead: 0
43  16.2478   0.104633    1.68731   12.3617 	Dead: 0
44  16.1624   0.107737    1.73737   12.3617 	Dead: 0
45  16.1074   0.105456    1.70058   12.3617 	Dead: 0
46  15.9582   0.103846    1.67462   12.3617 	Dead: 0
47  15.8796   0.104653    1.68763   12.3617 	Dead: 0
48  15.7854   0.10284     1.6584    12.2301 	Dead: 0
49  15.755    0.105507    1.70141   12.2301 	Dead: 0
50  15.7158   0.109096    1.75928   11.8854 	Dead: 0
51  15.6102   0.105253    1.69731   11.8854 	Dead: 0
52  15.5213   0.10443     1.68403   11.8405 	Dead: 0
53  15.458    0.106265    1.71363   11.6168 	Dead: 0
54  15.3623   0.105984    1.70911   11.6168 	Dead: 0
55  15.2717   0.106386    1.71557   11.6168 	Dead: 0
56  15.2662   0.108427    1.74849   11.6168 	Dead: 0
57  15.1641   0.105397    1.69963   11.6168 	Dead: 0
58  15.1092   0.108697    1.75284   11.6168 	Dead: 0
59  15.0241   0.105398    1.69966   11.6168 	Dead: 0
60  15.0242   0.106366    1.71526   11.6168 	Dead: 0
61  14.9719   0.108645    1.752     11.6168 	Dead: 0
62  14.9415   0.108168    1.74432   11.6168 	Dead: 0
63  15.0431   0.114011    1.83854   11.6168 	Dead: 0
64  14.9238   0.109174    1.76054   11.6168 	Dead: 0
65  14.7828   0.105486    1.70107   10.7115 	Dead: 0
66  14.6952   0.105024    1.69362   10.7115 	Dead: 0
67  14.7576   0.111369    1.79594   10.7115 	Dead: 0
68  14.7054   0.111147    1.79236   10.7115 	Dead: 0
69  14.675    0.111961    1.80549   10.7115 	Dead: 0
70  14.7075   0.114737    1.85025   10.7115 	Dead: 0
71  14.6495   0.112121    1.80807   10.7115 	Dead: 0
72  14.4734   0.102686    1.65591   10.7115 	Dead: 0
73  14.5151   0.108114    1.74345   10.7115 	Dead: 0
74  14.5628   0.113623    1.83229   10.7115 	Dead: 0
75  14.4789   0.110509    1.78207   10.7115 	Dead: 0
76  14.4696   0.114641    1.8487    10.7115 	Dead: 0
77  14.4289   0.114845    1.85199   10.7115 	Dead: 0
78  14.3131   0.111574    1.79924   10.7115 	Dead: 0
79  14.2746   0.110049    1.77465   10.7115 	Dead: 0
80  14.2874   0.111616    1.79992   10.7115 	Dead: 0
81  14.2308   0.112083    1.80746   10.7115 	Dead: 0
82  14.1486   0.108769    1.754     10.7115 	Dead: 0
83  14.1698   0.111577    1.7993    10.7115 	Dead: 0
84  14.193    0.116       1.87061   10.3592 	Dead: 0
85  14.1316   0.116714    1.88213   10.3592 	Dead: 0
86  14.0881   0.114789    1.85109   10.3592 	Dead: 0
87  14.0396   0.113441    1.82934   8.91896 	Dead: 0
88  14.0052   0.1101      1.77546   8.91896 	Dead: 0
89  14.0651   0.116128    1.87268   8.91896 	Dead: 0
90  13.9963   0.110845    1.78749   8.91896 	Dead: 0
91  13.9722   0.112551    1.815     8.91896 	Dead: 0
92  14.0502   0.117979    1.90254   8.91896 	Dead: 0
93  13.9718   0.116652    1.88113   8.91896 	Dead: 0
94  13.9403   0.116799    1.8835    8.91896 	Dead: 0
95  13.8652   0.114033    1.8389    8.91896 	Dead: 0
96  13.9012   0.117361    1.89257   8.91896 	Dead: 0
97  13.8077   0.112017    1.80638   8.91896 	Dead: 0
98  13.8932   0.11881     1.91593   8.91896 	Dead: 0
99  13.8846   0.120377    1.9412    8.91896 	Dead: 0
100 13.8182   0.118696    1.91409   8.91896 	Dead: 0
