0   24.9271   0.117885    1.90101   19.1309 	Dead: 0
1   23.9632   0.0978747   1.57833   19.1309 	Dead: 0
2   23.4921   0.0933608   1.50554   18.4098 	Dead: 0
3   23.024    0.092678    1.49453   18.4098 	Dead: 0
4   22.5548   0.0880737   1.42028   18.4098 	Dead: 0
5   22.1477   0.0863317   1.39219   18.0814 	Dead: 0
6   21.7605   0.0946696   1.52664   18.0814 	Dead: 0
7   21.3922   0.0921965   1.48676   16.8024 	Dead: 0
8   21.0763   0.0865033   1.39495   16.8024 	Dead: 0
9   20.8058   0.0916482   1.47792   16.8024 	Dead: 0
10  20.5139   0.0951945   1.53511   16.8024 	Dead: 0
11  20.3071   0.0960522   1.54894   16.6886 	Dead: 0
12  20.0918   0.0953922   1.53829   15.6629 	Dead: 0
13  19.8147   0.0898803   1.44941   15.6629 	Dead: 0
14  19.6132   0.0925129   1.49186   15.6629 	Dead: 0
15  19.377    0.0953438   1.53751   15.6629 	Dead: 0
16  19.1225   0.0938491   1.51341   15.6629 	Dead: 0
17  18.7967   0.0916754   1.47836   15.3988 	Dead: 0
18  18.5538   0.0926626   1.49428   15.0894 	Dead: 0
19  18.3319   0.0914551   1.4748    14.966  	Dead: 0
20  18.131    0.0941668   1.51853   14.4841 	Dead: 0
21  17.8659   0.0915241   1.47592   14.4841 	Dead: 0
22  17.5884   0.0917658   1.47982   14.3119 	Dead: 0
23  17.3404   0.0920472   1.48435   14.0523 	Dead: 0
24  16.9735   0.0871947   1.4061    13.4322 	Dead: 0
25  16.7734   0.0869848   1.40272   13.2244 	Dead: 0
26  16.5      0.0867243   1.39852   12.9862 	Dead: 0
27  16.2425   0.0880419   1.41976   12.7059 	Dead: 0
28  16.0669   0.0872743   1.40739   12.7059 	Dead: 0
29  15.8739   0.0877889   1.41568   12.4642 	Dead: 0
30  15.6737   0.0907651   1.46368   12.4642 	Dead: 0
31  15.4582   0.0891398   1.43747   11.7866 	Dead: 0
32  15.3625   0.0873665   1.40887   11.7866 	Dead: 0
33  15.1438   0.0880824   1.42042   11.7866 	Dead: 0
34  14.9277   0.0896273   1.44533   11.126  	Dead: 0
35  14.7595   0.0946163   1.52578   11.126  	Dead: 0
36  14.5718   0.0940367   1.51644   11.126  	Dead: 0
37  14.3807   0.0946183   1.52581   10.9633 	Dead: 0
38  14.1665   0.0905069   1.45951   10.9633 	Dead: 0
39  13.9052   0.0870145   1.4032    10.713  	Dead: 0
40  13.7487   0.0869599   1.40231   10.63   	Dead: 0
41  13.6095   0.090343    1.45687   10.63   	Dead: 0
42  13.5081   0.0884476   1.42631   10.4211 	Dead: 0
43  13.427    0.0915225   1.47589   10.4211 	Dead: 0
44  13.2812   0.0899413   1.45039   10.4211 	Dead: 0
45  13.2719   0.0923226   1.48879   10.4211 	Dead: 0
46  13.2332   0.0936124   1.50959   10.2002 	Dead: 0
47  13.1476   0.0921007   1.48522   10.2002 	Dead: 0
48  13.0703   0.0903919   1.45766   10.2002 	Dead: 0
49  13.0574   0.0913699   1.47343   10.2002 	Dead: 0
50  12.9105   0.0870823   1.40429   10.1978 	Dead: 0
51  12.9554   0.0913997   1.47391   10.1364 	Dead: 0
52  12.8799   0.0905124   1.4596    10.1364 	Dead: 0
53  12.803    0.0921626   1.48621   10.0353 	Dead: 0
54  12.8039   0.0934128   1.50637   9.97844 	Dead: 0
55  12.7455   0.0922726   1.48799   9.58222 	Dead: 0
56  12.6706   0.0917214   1.4791    9.58222 	Dead: 0
57  12.6769   0.0955038   1.54009   9.58222 	Dead: 0
58  12.5914   0.0935115   1.50797   9.49926 	Dead: 0
59  12.5842   0.0967597   1.56035   9.49926 	Dead: 0
60  12.6293   0.101189    1.63178   9.49926 	Dead: 0
61  12.5245   0.0961596   1.55067   9.49926 	Dead: 0
62  12.4272   0.0948534   1.52961   9.49926 	Dead: 0
63  12.4949   0.0978819   1.57844   9.49926 	Dead: 0
64  12.4962   0.0987987   1.59323   9.49926 	Dead: 0
65  12.485    0.100509    1.6208    9.49926 	Dead: 0
66  12.4546   0.101178    1.6316    9.49926 	Dead: 0
67  12.4436   0.100718    1.62417   9.49926 	Dead: 0
68  12.372    0.098315    1.58543   9.15261 	Dead: 0
69  12.3035   0.0965129   1.55637   9.15261 	Dead: 0
70  12.2732   0.0946182   1.52581   9.15261 	Dead: 0
71  12.3191   0.0994742   1.60412   9.15261 	Dead: 0
72  12.2517   0.0978093   1.57727   9.15261 	Dead: 0
73  12.2401   0.0960359   1.54867   9.15261 	Dead: 0
74  12.282    0.0979034   1.57879   9.15261 	Dead: 0
75  12.212    0.0968982   1.56258   9.15261 	Dead: 0
76  12.2051   0.0974311   1.57117   9.15261 	Dead: 0
77  12.2073   0.0994568   1.60384   9.15261 	Dead: 0
78  12.1844   0.1007      1.62388   9.15261 	Dead: 0
79  12.2327   0.102622    1.65488   9.15261 	Dead: 0
80  12.1439   0.0994734   1.60411   9.15261 	Dead: 0
81  12.1231   0.0982363   1.58416   9.15261 	Dead: 0
82  12.2004   0.101821    1.64197   9.15261 	Dead: 0
83  12.156    0.101945    1.64397   9.15261 	Dead: 0
84  12.0814   0.0973883   1.57048   9.15261 	Dead: 0
85  12.0385   0.0961148   1.54995   9.15261 	Dead: 0
86  12.0604   0.0992084   1.59983   9.15261 	Dead: 0
87  12.119    0.103951    1.67632   9.15261 	Dead: 0
88  12.0428   0.0984354   1.58737   9.15261 	Dead: 0
89  12.0289   0.0989022   1.5949    9.15261 	Dead: 0
90  12.0204   0.0991562   1.59899   9.15261 	Dead: 0
91  12.0159   0.102762    1.65714   9.15261 	Dead: 0
92  12.0211   0.102331    1.65019   9.15261 	Dead: 0
93  11.9538   0.0999795   1.61227   9.15261 	Dead: 0
94  11.9181   0.0977242   1.5759    9.15261 	Dead: 0
95  11.9666   0.100775    1.62509   9.12897 	Dead: 0
96  11.9514   0.100738    1.6245    9.12897 	Dead: 0
97  11.9083   0.0968655   1.56205   9.12897 	Dead: 0
98  11.9462   0.0975866   1.57368   9.12897 	Dead: 0
99  11.931    0.098366    1.58625   9.12897 	Dead: 0
100 11.9621   0.101311    1.63373   8.56392 	Dead: 0
