0   24.7395   0.119979    1.93477   19.3508 	Dead: 0
1   23.7849   0.0939786   1.5155    19.3508 	Dead: 0
2   23.2641   0.0876669   1.41372   19.1768 	Dead: 0
3   22.8214   0.0865112   1.39508   19.1768 	Dead: 0
4   22.4692   0.0877887   1.41568   19.1768 	Dead: 0
5   22.1514   0.0854676   1.37825   18.7222 	Dead: 0
6   21.8426   0.0881466   1.42145   18.4742 	Dead: 0
7   21.5013   0.0850497   1.37151   18.2155 	Dead: 0
8   21.2854   0.0872483   1.40697   18.2116 	Dead: 0
9   21.0349   0.0862114   1.39025   17.3184 	Dead: 0
10  20.8926   0.0908102   1.46441   17.3184 	Dead: 0
11  20.7      0.0934328   1.5067    17.3184 	Dead: 0
12  20.5351   0.0899089   1.44987   17.0708 	Dead: 0
13  20.3513   0.0917465   1.4795    16.3988 	Dead: 0
14  20.273    0.100298    1.61741   16.076  	Dead: 0
15  20.1103   0.0973453   1.56979   16.076  	Dead: 0
16  19.9301   0.097152    1.56667   16.076  	Dead: 0
17  19.8166   0.101777    1.64126   16.076  	Dead: 0
18  19.6602   0.100037    1.6132    16.076  	Dead: 0
19  19.4855   0.0963161   1.55319   16.076  	Dead: 0
20  19.4034   0.100165    1.61526   16.076  	Dead: 0
21  19.3011   0.103836    1.67446   15.8835 	Dead: 0
22  19.1909   0.106836    1.72284   15.8835 	Dead: 0
23  19.0744   0.101634    1.63896   15.6976 	Dead: 0
24  18.9022   0.102859    1.65871   15.6976 	Dead: 0
25  18.7893   0.102378    1.65094   15.6976 	Dead: 0
26  18.5402   0.0938654   1.51367   15.6976 	Dead: 0
27  18.4752   0.0994116   1.60311   14.5091 	Dead: 0
28  18.3786   0.0987099   1.5918    14.5091 	Dead: 0
29  18.2428   0.0992186   1.6       14.2612 	Dead: 0
30  18.1143   0.0959012   1.5465    14.2612 	Dead: 0
31  18.1104   0.100713    1.6241    14.2612 	Dead: 0
32  17.94     0.101143    1.63103   14.2612 	Dead: 0
33  17.7963   0.0983016   1.58521   14.2612 	Dead: 0
34  17.6477   0.0946351   1.52609   14.2612 	Dead: 0
35  17.5802   0.0970689   1.56533   14.2612 	Dead: 0
36  17.5012   0.0977085   1.57565   14.2612 	Dead: 0
37  17.4028   0.0972088   1.56759   14.0981 	Dead: 0
38  17.3538   0.10024     1.61647   14.0622 	Dead: 0
39  17.2252   0.0979609   1.57972   14.0622 	Dead: 0
40  17.1426   0.0943319   1.5212    14.0622 	Dead: 0
41  17.0783   0.0986281   1.59048   14.0622 	Dead: 0
42  16.9831   0.0984577   1.58773   13.5779 	Dead: 0
43  16.8799   0.0950395   1.53261   13.5779 	Dead: 0
44  16.8436   0.0990645   1.59751   12.7047 	Dead: 0
45  16.7382   0.0980748   1.58155   12.7047 	Dead: 0
46  16.6572   0.0971947   1.56736   12.7047 	Dead: 0
47  16.596    0.0994185   1.60322   12.7047 	Dead: 0
48  16.5358   0.0979183   1.57903   12.7047 	Dead: 0
49  16.4553   0.0928868   1.49789   12.7047 	Dead: 0
50  16.4365   0.0914406   1.47457   12.7047 	Dead: 0
51  16.4161   0.0948101   1.52891   12.7047 	Dead: 0
52  16.3141   0.0935977   1.50936   12.7047 	Dead: 0
53  16.342    0.097314    1.56929   12.7047 	Dead: 0
54  16.3232   0.0987335   1.59218   12.7047 	Dead: 0
55  16.2123   0.097597    1.57385   12.7047 	Dead: 0
56  16.114    0.0977657   1.57657   12.7047 	Dead: 0
57  16.1099   0.0982795   1.58486   12.7047 	Dead: 0
58  16.1558   0.103096    1.66252   12.7047 	Dead: 0
59  16.0708   0.0979874   1.58014   12.407  	Dead: 0
60  16.0028   0.0961639   1.55074   12.407  	Dead: 0
61  15.9988   0.0983898   1.58663   12.407  	Dead: 0
62  15.9786   0.100405    1.61912   12.407  	Dead: 0
63  15.9938   0.101495    1.63671   12.407  	Dead: 0
64  15.9527   0.101192    1.63183   12.407  	Dead: 0
65  15.8752   0.100161    1.61519   12.407  	Dead: 0
66  15.8163   0.0964158   1.5548    12.407  	Dead: 0
67  15.8447   0.101195    1.63187   12.407  	Dead: 0
68  15.8466   0.102201    1.64809   12.407  	Dead: 0
69  15.8646   0.105089    1.69466   12.407  	Dead: 0
70  15.8764   0.107685    1.73654   12.407  	Dead: 0
71  15.7918   0.105736    1.70511   12.407  	Dead: 0
72  15.81     0.10619     1.71241   12.407  	Dead: 0
73  15.7543   0.10478     1.68968   12.407  	Dead: 0
74  15.7056   0.107006    1.72558   12.407  	Dead: 0
75  15.5963   0.100311    1.61761   12.407  	Dead: 0
76  15.6075   0.102057    1.64577   12.407  	Dead: 0
77  15.6005   0.103235    1.66477   12.407  	Dead: 0
78  15.6113   0.107229    1.72918   12.407  	Dead: 0
79  15.5531   0.107058    1.72642   12.407  	Dead: 0
80  15.5396   0.107006    1.72558   12.407  	Dead: 0
81  15.487    0.106717    1.72092   12.407  	Dead: 0
82  15.4012   0.10266     1.6555    12.2996 	Dead: 0
83  15.3747   0.102781    1.65744   12.2996 	Dead: 0
84  15.4193   0.106137    1.71156   12.2996 	Dead: 0
85  15.4428   0.107891    1.73984   12.2996 	Dead: 0
86  15.4053   0.104401    1.68357   12.2996 	Dead: 0
87  15.4151   0.108791    1.75436   12.2996 	Dead: 0
88  15.3175   0.103647    1.67141   12.2996 	Dead: 0
89  15.3552   0.108636    1.75187   11.9786 	Dead: 0
90  15.267    0.105305    1.69815   11.9786 	Dead: 0
91  15.2247   0.106669    1.72014   11.9786 	Dead: 0
92  15.1797   0.104698    1.68836   11.9786 	Dead: 0
93  15.1836   0.103261    1.66518   11.9786 	Dead: 0
94  15.1681   0.107444    1.73265   11.9013 	Dead: 0
95  15.0721   0.101167    1.63142   11.9013 	Dead: 0
96  15.0223   0.0988018   1.59328   11.9013 	Dead: 0
97  15.0164   0.104752    1.68924   11.5664 	Dead: 0
98  14.9865   0.102336    1.65028   11.5664 	Dead: 0
99  14.9043   0.102308    1.64982   11.5664 	Dead: 0
100 14.9122   0.104794    1.68991   11.5664 	Dead: 0
