0   43.7629   0.16279     2.62515   36.4355 	Dead: 0
1   41.9145   0.121655    1.96181   36.4355 	Dead: 0
2   40.9433   0.106291    1.71405   36.4355 	Dead: 0
3   40.3946   0.0953555   1.5377    36.4355 	Dead: 0
4   39.9718   0.0889079   1.43373   36.4355 	Dead: 0
5   39.7151   0.0884838   1.42689   36.4355 	Dead: 0
6   39.4646   0.0851914   1.3738    36.4355 	Dead: 0
7   39.2481   0.0856679   1.38148   36.4355 	Dead: 0
8   39.08     0.0908159   1.4645    36.4355 	Dead: 0
9   38.9431   0.0897562   1.44741   36.4355 	Dead: 0
10  38.8259   0.0914365   1.47451   35.9512 	Dead: 0
11  38.6781   0.0862466   1.39081   35.9512 	Dead: 0
12  38.5824   0.0949606   1.53133   35.7713 	Dead: 0
13  38.4059   0.0812419   1.31011   35.7713 	Dead: 0
14  38.3493   0.091468    1.47501   35.7099 	Dead: 0
15  38.2455   0.0910926   1.46896   35.7099 	Dead: 0
16  38.1305   0.0845078   1.36277   35.7099 	Dead: 0
17  38.0457   0.0835399   1.34716   35.7099 	Dead: 0
18  37.964    0.0880409   1.41975   35.4575 	Dead: 0
19  37.8192   0.0805404   1.29879   35.4575 	Dead: 0
20  37.7762   0.0860232   1.38721   35.4575 	Dead: 0
21  37.7545   0.0873653   1.40885   35.4575 	Dead: 0
22  37.6954   0.0892854   1.43982   35.4575 	Dead: 0
23  37.5659   0.088047    1.41985   35.0478 	Dead: 0
24  37.5181   0.0876916   1.41412   35.0478 	Dead: 0
25  37.3854   0.0828899   1.33668   35.0478 	Dead: 0
26  37.3417   0.0837505   1.35056   34.7523 	Dead: 0
27  37.3444   0.0877662   1.41532   34.7523 	Dead: 0
28  37.239    0.086319    1.39198   34.7523 	Dead: 0
29  37.2184   0.0892607   1.43942   34.7523 	Dead: 0
30  37.1234   0.0815294   1.31474   34.7523 	Dead: 0
31  37.1049   0.0884859   1.42692   34.7523 	Dead: 0
32  36.9351   0.0779724   1.25738   34.7523 	Dead: 0
33  36.8325   0.0777917   1.25447   34.5952 	Dead: 0
34  36.8229   0.0833145   1.34353   34.5952 	Dead: 0
35  36.8606   0.0923109   1.48861   34.5952 	Dead: 0
36  36.7515   0.0853926   1.37704   34.5952 	Dead: 0
37  36.7397   0.0871675   1.40566   34.5952 	Dead: 0
38  36.6536   0.0859111   1.3854    34.5952 	Dead: 0
39  36.571    0.0811113   1.308     34.4139 	Dead: 0
40  36.5274   0.0775054   1.24985   34.4139 	Dead: 0
41  36.4982   0.0866864   1.39791   34.4139 	Dead: 0
42  36.4585   0.0779427   1.2569    33.8567 	Dead: 0
43  36.4715   0.0905894   1.46084   33.8567 	Dead: 0
44  36.423    0.0872555   1.40708   33.8567 	Dead: 0
45  36.3927   0.0844899   1.36248   33.8567 	Dead: 0
46  36.2826   0.0760277   1.22602   33.8567 	Dead: 0
47  36.2628   0.0836132   1.34835   33.8567 	Dead: 0
48  36.2178   0.0795975   1.28359   33.8567 	Dead: 0
49  36.2245   0.0868178   1.40002   33.8567 	Dead: 0
50  36.1909   0.0857583   1.38294   33.8567 	Dead: 0
51  36.1555   0.0888012   1.43201   33.8567 	Dead: 0
52  36.03     0.0806679   1.30085   33.8567 	Dead: 0
53  35.9938   0.0838519   1.3522    33.8567 	Dead: 0
54  35.9334   0.076902    1.24012   33.8567 	Dead: 0
55  35.9424   0.0800464   1.29083   33.8567 	Dead: 0
56  35.8618   0.077804    1.25467   33.8567 	Dead: 0
57  35.8253   0.0784742   1.26548   33.8567 	Dead: 0
58  35.7233   0.0740236   1.1937    33.8567 	Dead: 0
59  35.6593   0.0710486   1.14573   33.8567 	Dead: 0
60  35.6493   0.0712344   1.14873   33.8567 	Dead: 0
61  35.6073   0.0678004   1.09335   33.8567 	Dead: 0
62  35.6361   0.0797776   1.28649   33.8567 	Dead: 0
63  35.5492   0.0685666   1.10571   33.8567 	Dead: 0
64  35.5322   0.0736905   1.18833   33.8567 	Dead: 0
65  35.523    0.0738575   1.19103   33.8567 	Dead: 0
66  35.481    0.0698631   1.12661   33.8567 	Dead: 0
67  35.4606   0.0736537   1.18774   33.8567 	Dead: 0
68  35.4484   0.0736285   1.18733   33.8567 	Dead: 0
69  35.3891   0.0723743   1.16711   33.8349 	Dead: 0
70  35.3411   0.0645848   1.0415    33.7628 	Dead: 0
71  35.3445   0.0692434   1.11662   33.7628 	Dead: 0
72  35.3652   0.0683707   1.10255   33.7628 	Dead: 0
73  35.3687   0.0725868   1.17054   33.7628 	Dead: 0
74  35.3674   0.075011    1.20963   33.7628 	Dead: 0
75  35.3146   0.0737017   1.18851   33.7628 	Dead: 0
76  35.3707   0.0749243   1.20823   33.7628 	Dead: 0
77  35.3205   0.075016    1.20971   33.7628 	Dead: 0
78  35.2942   0.0729737   1.17677   33.6359 	Dead: 0
79  35.2802   0.0724545   1.1684    33.6359 	Dead: 0
80  35.3099   0.0771759   1.24454   33.6359 	Dead: 0
81  35.2608   0.0718015   1.15787   33.6359 	Dead: 0
82  35.3002   0.0773229   1.24691   33.6359 	Dead: 0
83  35.2405   0.0724374   1.16813   33.6359 	Dead: 0
84  35.2117   0.0750902   1.2109    33.6359 	Dead: 0
85  35.2092   0.0699371   1.12781   33.6359 	Dead: 0
86  35.1625   0.0712171   1.14845   33.6359 	Dead: 0
87  35.1457   0.0687872   1.10926   33.6359 	Dead: 0
88  35.1537   0.0740694   1.19444   33.6359 	Dead: 0
89  35.106    0.06728     1.08496   33.6359 	Dead: 0
90  35.1196   0.0665157   1.07263   33.6359 	Dead: 0
91  35.0743   0.0653752   1.05424   33.6359 	Dead: 0
92  35.0969   0.0715607   1.15399   33.6359 	Dead: 0
93  35.0823   0.0654616   1.05563   33.6359 	Dead: 0
94  35.1026   0.0684916   1.1045    33.6359 	Dead: 0
95  35.087    0.0670141   1.08067   33.6359 	Dead: 0
96  35.1079   0.0748945   1.20775   33.5358 	Dead: 0
97  35.0442   0.0681112   1.09836   33.5358 	Dead: 0
98  35.0598   0.0709319   1.14385   33.5358 	Dead: 0
99  35.0195   0.0679731   1.09613   33.5358 	Dead: 0
100 35.0502   0.0749544   1.20871   33.5358 	Dead: 0
