0   43.5969   0.151926    2.44995   37.499  	Dead: 0
1   41.8816   0.120997    1.95119   37.499  	Dead: 0
2   40.9711   0.109471    1.76533   37.499  	Dead: 0
3   40.292    0.093635    1.50996   36.8018 	Dead: 0
4   39.9021   0.0881844   1.42206   36.8018 	Dead: 0
5   39.6282   0.0849631   1.37012   36.797  	Dead: 0
6   39.4588   0.0975007   1.5723    36.5287 	Dead: 0
7   39.214    0.0921338   1.48575   36.2527 	Dead: 0
8   39.0347   0.0943857   1.52206   36.2527 	Dead: 0
9   38.8059   0.0917884   1.48018   36.2527 	Dead: 0
10  38.6724   0.0956742   1.54284   35.9083 	Dead: 0
11  38.5172   0.0878255   1.41627   35.3598 	Dead: 0
12  38.5476   0.10125     1.63275   35.3598 	Dead: 0
13  38.4651   0.101342    1.63424   35.3598 	Dead: 0
14  38.1985   0.0885159   1.42741   35.3598 	Dead: 0
15  38.1276   0.093741    1.51167   35.3598 	Dead: 0
16  38.0586   0.0906235   1.46139   35.3598 	Dead: 0
17  37.9441   0.0866528   1.39736   35.3598 	Dead: 0
18  37.8637   0.0897841   1.44786   35.3598 	Dead: 0
19  37.7124   0.0927266   1.49531   35.1785 	Dead: 0
20  37.6039   0.0943966   1.52224   34.8752 	Dead: 0
21  37.5123   0.0974558   1.57157   34.8752 	Dead: 0
22  37.3335   0.0908603   1.46521   34.8752 	Dead: 0
23  37.2756   0.0925988   1.49325   34.8025 	Dead: 0
24  37.0679   0.085374    1.37674   34.8025 	Dead: 0
25  36.9012   0.0803331   1.29545   34.8025 	Dead: 0
26  36.8515   0.0830442   1.33917   34.5412 	Dead: 0
27  36.7161   0.0823975   1.32874   34.3853 	Dead: 0
28  36.607    0.0810174   1.30649   34.3143 	Dead: 0
29  36.4768   0.0762929   1.2303    34.2953 	Dead: 0
30  36.3695   0.0765745   1.23484   34.2953 	Dead: 0
31  36.2627   0.0775988   1.25136   34.2953 	Dead: 0
32  36.2007   0.079702    1.28527   34.2606 	Dead: 0
33  36.0733   0.0768688   1.23959   34.2606 	Dead: 0
34  35.9891   0.0793048   1.27887   33.8986 	Dead: 0
35  35.9341   0.0761964   1.22874   33.8986 	Dead: 0
36  35.895    0.0734199   1.18397   33.8986 	Dead: 0
37  35.8398   0.0692152   1.11617   33.8986 	Dead: 0
38  35.856    0.0760191   1.22588   33.8986 	Dead: 0
39  35.7776   0.0708267   1.14215   33.8986 	Dead: 0
40  35.7238   0.0806068   1.29987   33.6059 	Dead: 0
41  35.7353   0.0783897   1.26411   33.6059 	Dead: 0
42  35.5998   0.0677904   1.09319   33.6059 	Dead: 0
43  35.5012   0.0624444   1.00698   33.6059 	Dead: 0
44  35.4776   0.0692914   1.11739   33.6059 	Dead: 0
45  35.4981   0.0702578   1.13298   33.6059 	Dead: 0
46  35.4343   0.0699355   1.12778   33.6059 	Dead: 0
47  35.3773   0.0642006   1.0353    33.6059 	Dead: 0
48  35.3411   0.067445    1.08762   33.6059 	Dead: 0
49  35.2813   0.0667879   1.07702   33.6059 	Dead: 0
50  35.1996   0.0573276   0.924465  33.6059 	Dead: 0
51  35.2265   0.0664592   1.07172   33.6059 	Dead: 0
52  35.1483   0.0631314   1.01806   33.6059 	Dead: 0
53  35.1488   0.0684973   1.10459   33.6059 	Dead: 0
54  35.0681   0.0593917   0.95775   33.6059 	Dead: 0
55  35.0921   0.0649955   1.04812   33.6059 	Dead: 0
56  35.0364   0.0595523   0.960341  33.6059 	Dead: 0
57  34.9755   0.0582786   0.939801  33.6059 	Dead: 0
58  35.0479   0.0726787   1.17202   33.6059 	Dead: 0
59  34.9751   0.0563868   0.909293  33.6059 	Dead: 0
60  34.9853   0.062391    1.00612   33.4368 	Dead: 0
61  34.9772   0.0668277   1.07766   33.4368 	Dead: 0
62  34.9122   0.0620364   1.0004    33.4368 	Dead: 0
63  34.8269   0.0555769   0.896234  33.4368 	Dead: 0
64  34.8522   0.0623286   1.00511   33.4368 	Dead: 0
65  34.8234   0.0644621   1.03952   33.4368 	Dead: 0
66  34.798    0.062099    1.00141   33.4368 	Dead: 0
67  34.8221   0.0638998   1.03045   33.4368 	Dead: 0
68  34.7615   0.0570661   0.920248  33.4368 	Dead: 0
69  34.8211   0.0655416   1.05692   33.4368 	Dead: 0
70  34.8061   0.0791854   1.27694   33.4368 	Dead: 0
71  34.7709   0.0647411   1.04401   33.4368 	Dead: 0
72  34.7773   0.0614183   0.990431  33.4368 	Dead: 0
73  34.7336   0.0598997   0.965942  33.4368 	Dead: 0
74  34.7467   0.0616339   0.993908  33.4368 	Dead: 0
75  34.7521   0.0607241   0.979237  33.4368 	Dead: 0
76  34.7438   0.0634668   1.02347   33.4368 	Dead: 0
77  34.7069   0.0618119   0.996779  33.4368 	Dead: 0
78  34.6914   0.0612351   0.987476  33.4368 	Dead: 0
79  34.6761   0.0573503   0.92483   33.4368 	Dead: 0
80  34.7126   0.0665855   1.07376   33.3405 	Dead: 0
81  34.6398   0.060515    0.975864  33.3405 	Dead: 0
82  34.6836   0.073603    1.18692   33.3405 	Dead: 0
83  34.6065   0.0563647   0.908937  33.3405 	Dead: 0
84  34.639    0.0600057   0.967651  33.3405 	Dead: 0
85  34.6168   0.0592765   0.955892  33.3405 	Dead: 0
86  34.6045   0.0551749   0.88975   33.3405 	Dead: 0
87  34.6076   0.0591292   0.953517  33.3372 	Dead: 0
88  34.613    0.0623369   1.00524   33.3372 	Dead: 0
89  34.5818   0.0547732   0.883273  33.3372 	Dead: 0
90  34.6155   0.065567    1.05733   33.3372 	Dead: 0
91  34.5787   0.0605881   0.977044  33.3372 	Dead: 0
92  34.6059   0.065738    1.06009   33.2968 	Dead: 0
93  34.5573   0.0640372   1.03266   33.2968 	Dead: 0
94  34.5313   0.0620025   0.999853  33.2968 	Dead: 0
95  34.5086   0.0578298   0.932563  33.2968 	Dead: 0
96  34.5362   0.0610485   0.984468  33.2903 	Dead: 0
97  34.5178   0.0587618   0.947593  33.2903 	Dead: 0
98  34.5119   0.0603359   0.972977  33.2903 	Dead: 0
99  34.482    0.0568173   0.916236  33.1822 	Dead: 0
100 34.5158   0.0650596   1.04915   33.1822 	Dead: 0
