0   48.5103   0.179721    2.89818   40.6986 	Dead: 0
1   46.4449   0.164835    2.65813   40.1274 	Dead: 0
2   44.6509   0.144024    2.32254   39.6454 	Dead: 0
3   43.2866   0.126471    2.03947   38.3219 	Dead: 0
4   42.2979   0.0968484   1.56178   38.3219 	Dead: 0
5   41.7161   0.0842549   1.35869   38.3179 	Dead: 0
6   41.287    0.0838325   1.35188   38.3179 	Dead: 0
7   41.0017   0.0852818   1.37525   37.6058 	Dead: 0
8   40.7189   0.0817431   1.31819   37.6058 	Dead: 0
9   40.4731   0.0871652   1.40563   37.6058 	Dead: 0
10  40.2146   0.0833107   1.34347   36.7734 	Dead: 0
11  40.0555   0.0898777   1.44937   36.7734 	Dead: 0
12  39.8454   0.0847045   1.36595   36.6562 	Dead: 0
13  39.5896   0.0876252   1.41304   36.4573 	Dead: 0
14  39.3891   0.0860776   1.38809   36.4119 	Dead: 0
15  39.1341   0.0801594   1.29265   36.4119 	Dead: 0
16  38.9688   0.0814944   1.31418   36.0474 	Dead: 0
17  38.7922   0.0811979   1.3094    36.0474 	Dead: 0
18  38.5706   0.0841828   1.35753   35.7097 	Dead: 0
19  38.359    0.0820546   1.32321   35.7097 	Dead: 0
20  38.2308   0.0843496   1.36022   35.7097 	Dead: 0
21  38.0631   0.0806753   1.30097   35.5293 	Dead: 0
22  37.9001   0.0817927   1.31899   35.5293 	Dead: 0
23  37.8082   0.0824889   1.33022   35.5293 	Dead: 0
24  37.6607   0.0794482   1.28118   35.5293 	Dead: 0
25  37.5708   0.0822316   1.32607   35.4565 	Dead: 0
26  37.4644   0.0785837   1.26724   35.3242 	Dead: 0
27  37.3504   0.0762933   1.23031   34.845  	Dead: 0
28  37.3807   0.0835598   1.34749   34.4236 	Dead: 0
29  37.2179   0.0766542   1.23613   34.4236 	Dead: 0
30  37.1406   0.0786851   1.26888   34.4236 	Dead: 0
31  37.0709   0.0750479   1.21022   34.4236 	Dead: 0
32  37.0302   0.0767055   1.23695   34.4236 	Dead: 0
33  36.926    0.07362     1.1872    34.4236 	Dead: 0
34  36.847    0.0744566   1.20069   34.4236 	Dead: 0
35  36.7726   0.0818767   1.32034   34.4236 	Dead: 0
36  36.6792   0.0812357   1.31001   34.4236 	Dead: 0
37  36.5598   0.076374    1.23161   34.3602 	Dead: 0
38  36.4732   0.0744188   1.20008   34.3602 	Dead: 0
39  36.4258   0.0781983   1.26103   34.3602 	Dead: 0
40  36.3263   0.0756134   1.21934   34.3602 	Dead: 0
41  36.2509   0.0714478   1.15217   34.2673 	Dead: 0
42  36.1473   0.0671621   1.08306   34.2673 	Dead: 0
43  36.1256   0.0738596   1.19106   34.2673 	Dead: 0
44  36.0437   0.0678316   1.09385   34.2673 	Dead: 0
45  35.9901   0.0664206   1.0711    34.232  	Dead: 0
46  35.9805   0.0705032   1.13694   34.232  	Dead: 0
47  35.9085   0.0669366   1.07942   34.232  	Dead: 0
48  35.8825   0.0670307   1.08094   34.232  	Dead: 0
49  35.789    0.0613922   0.990011  34.232  	Dead: 0
50  35.7507   0.0648891   1.0464    34.232  	Dead: 0
51  35.7105   0.0684851   1.10439   34.1836 	Dead: 0
52  35.5947   0.0614943   0.991657  33.8193 	Dead: 0
53  35.5426   0.0642844   1.03665   33.6758 	Dead: 0
54  35.5238   0.0659129   1.06291   33.6758 	Dead: 0
55  35.4231   0.0620184   1.00011   33.6758 	Dead: 0
56  35.3237   0.0615266   0.992177  33.5383 	Dead: 0
57  35.2588   0.058961    0.950805  33.5383 	Dead: 0
58  35.2655   0.0647158   1.04361   33.5383 	Dead: 0
59  35.1722   0.0595926   0.960991  33.5383 	Dead: 0
60  35.118    0.0590977   0.95301   33.53   	Dead: 0
61  35.0117   0.0565565   0.91203   33.5247 	Dead: 0
62  34.9388   0.0541916   0.873894  33.4483 	Dead: 0
63  34.8872   0.0547667   0.883167  33.4483 	Dead: 0
64  34.8233   0.0509686   0.82192   33.4483 	Dead: 0
65  34.8128   0.0536093   0.864504  33.4483 	Dead: 0
66  34.7701   0.0541425   0.873102  33.4483 	Dead: 0
67  34.7144   0.0520139   0.838776  33.3084 	Dead: 0
68  34.7084   0.0549185   0.885616  33.2785 	Dead: 0
69  34.6558   0.0538297   0.868058  33.2785 	Dead: 0
70  34.6177   0.0529577   0.853996  33.2075 	Dead: 0
71  34.588    0.0521498   0.840967  33.2075 	Dead: 0
72  34.5514   0.0518936   0.836836  33.2075 	Dead: 0
73  34.5273   0.0515675   0.831578  33.2075 	Dead: 0
74  34.4853   0.0519506   0.837755  33.168  	Dead: 0
75  34.4597   0.0524059   0.845097  33.168  	Dead: 0
76  34.4771   0.0528546   0.852334  33.168  	Dead: 0
77  34.461    0.0520695   0.839673  33.168  	Dead: 0
78  34.4071   0.0525634   0.847638  33.168  	Dead: 0
79  34.3735   0.0512623   0.826656  33.168  	Dead: 0
80  34.3108   0.0480716   0.775203  33.1566 	Dead: 0
81  34.347    0.0506874   0.817385  33.1566 	Dead: 0
82  34.3068   0.0486066   0.78383   33.1566 	Dead: 0
83  34.2692   0.0485859   0.783497  33.0756 	Dead: 0
84  34.2863   0.0509103   0.820979  33.0756 	Dead: 0
85  34.2743   0.0501057   0.808004  33.0756 	Dead: 0
86  34.2367   0.0490172   0.790452  33.0652 	Dead: 0
87  34.2051   0.0485181   0.782402  33.0652 	Dead: 0
88  34.1945   0.0477418   0.769884  33.0652 	Dead: 0
89  34.1607   0.0474217   0.764722  33.0652 	Dead: 0
90  34.1379   0.0471901   0.760987  33.0587 	Dead: 0
91  34.1246   0.0510591   0.823379  32.9137 	Dead: 0
92  34.0797   0.0483933   0.780391  32.9137 	Dead: 0
93  34.1028   0.0516263   0.832526  32.9137 	Dead: 0
94  34.0763   0.0482198   0.777593  32.9137 	Dead: 0
95  34.0329   0.0486535   0.784586  32.9137 	Dead: 0
96  34.0057   0.0454927   0.733615  32.9137 	Dead: 0
97  34.027    0.0471553   0.760426  32.9137 	Dead: 0
98  34.0147   0.0473875   0.764171  32.9137 	Dead: 0
99  33.9918   0.0496791   0.801125  32.9137 	Dead: 0
100 33.9387   0.044031    0.710044  32.9137 	Dead: 0
