0   4373.1    3.80626     61.3798   4186    	Dead: 0
1   4268      3.27957     52.8864   4106    	Dead: 0
2   4209.09   3.1602      50.9614   4065    	Dead: 0
3   4162.51   3.16579     51.0515   4003    	Dead: 0
4   4131.49   3.24633     52.3503   4003    	Dead: 0
5   4112.21   3.27372     52.792    3946    	Dead: 0
6   4097.35   3.39956     54.8213   3946    	Dead: 0
7   4083.12   3.45662     55.7415   3946    	Dead: 0
8   4073.01   3.57902     57.7153   3886    	Dead: 0
9   4056.85   3.44557     55.5632   3886    	Dead: 0
10  4049.3    3.54522     57.1703   3886    	Dead: 0
11  4041.63   3.54696     57.1984   3886    	Dead: 0
12  4033.17   3.5797      57.7262   3886    	Dead: 0
13  4026.43   3.61095     58.2301   3886    	Dead: 0
14  4018.68   3.61047     58.2224   3868    	Dead: 0
15  4012.53   3.62176     58.4045   3868    	Dead: 0
16  4005.84   3.63248     58.5774   3868    	Dead: 0
17  3999.08   3.59827     58.0257   3868    	Dead: 0
18  3991.6    3.69324     59.5572   3860    	Dead: 0
19  3982.32   3.59323     57.9444   3859    	Dead: 0
20  3972.14   3.66977     59.1788   3833    	Dead: 0
21  3959.57   3.52521     56.8475   3833    	Dead: 0
22  3952.87   3.57853     57.7074   3824    	Dead: 0
23  3946.23   3.64397     58.7626   3800    	Dead: 0
24  3939.58   3.49655     56.3854   3800    	Dead: 0
25  3935.55   3.63622     58.6377   3800    	Dead: 0
26  3931.71   3.65325     58.9122   3793    	Dead: 0
27  3927.83   3.65406     58.9253   3793    	Dead: 0
28  3925.36   3.76246     60.6734   3793    	Dead: 0
29  3923.81   3.79436     61.1878   3793    	Dead: 0
30  3920.7    3.74216     60.3461   3793    	Dead: 0
31  3919.91   3.89768     62.854    3783    	Dead: 0
32  3917.27   3.84967     62.0798   3783    	Dead: 0
33  3915.21   3.88496     62.6488   3783    	Dead: 0
34  3912.27   3.92657     63.3199   3783    	Dead: 0
35  3910.1    3.98842     64.3173   3783    	Dead: 0
36  3908.51   4.06526     65.5565   3783    	Dead: 0
37  3902.31   3.97191     64.051    3783    	Dead: 0
38  3901.02   4.095       66.036    3758    	Dead: 0
39  3894.14   4.05525     65.395    3758    	Dead: 0
40  3890.45   4.03328     65.0408   3758    	Dead: 0
41  3887.45   4.2104      67.8969   3755    	Dead: 0
42  3879.22   3.96964     64.0144   3746    	Dead: 0
43  3873.23   3.82485     61.6796   3733    	Dead: 0
44  3872.31   4.00137     64.5261   3726    	Dead: 0
45  3867.94   4.10376     66.1772   3726    	Dead: 0
46  3861.96   3.94999     63.6976   3725    	Dead: 0
47  3859.98   3.98291     64.2285   3725    	Dead: 0
48  3855      3.94657     63.6424   3725    	Dead: 0
49  3853.63   4.01247     64.7052   3725    	Dead: 0
50  3850.86   4.20845     67.8654   3709    	Dead: 0
51  3846.97   4.0972      66.0715   3709    	Dead: 0
52  3842.62   4.04656     65.2549   3709    	Dead: 0
53  3840.86   4.12462     66.5137   3709    	Dead: 0
54  3839.79   4.21195     67.9218   3709    	Dead: 0
55  3835.36   4.07239     65.6713   3709    	Dead: 0
56  3831.93   4.08803     65.9236   3709    	Dead: 0
57  3835.43   4.23618     68.3126   3709    	Dead: 0
58  3834.39   4.36417     70.3767   3709    	Dead: 0
59  3831.09   4.27956     69.0122   3709    	Dead: 0
60  3827      4.10191     66.1474   3709    	Dead: 0
61  3824.61   4.06733     65.5897   3701    	Dead: 0
62  3824.05   4.17229     67.2824   3701    	Dead: 0
63  3822.18   4.12989     66.5986   3701    	Dead: 0
64  3822.7    4.26721     68.8131   3685    	Dead: 0
65  3820.85   4.28599     69.1158   3685    	Dead: 0
66  3821.94   4.34942     70.1387   3685    	Dead: 0
67  3818.81   4.2612      68.7161   3685    	Dead: 0
68  3818.53   4.27974     69.0151   3685    	Dead: 0
69  3817.87   4.28014     69.0215   3685    	Dead: 0
70  3816.79   4.42438     71.3476   3685    	Dead: 0
71  3813.76   4.23495     68.2927   3685    	Dead: 0
72  3817.05   4.46134     71.9436   3685    	Dead: 0
73  3815.96   4.47089     72.0975   3685    	Dead: 0
74  3813.86   4.41186     71.1457   3676    	Dead: 0
75  3811.63   4.47949     72.2363   3676    	Dead: 0
76  3810.41   4.39045     70.8004   3676    	Dead: 0
77  3810.33   4.42154     71.3018   3676    	Dead: 0
78  3807.92   4.39277     70.8379   3676    	Dead: 0
79  3809.43   4.57146     73.7193   3664    	Dead: 0
80  3809.86   4.62239     74.5407   3664    	Dead: 0
81  3808.73   4.62714     74.6173   3664    	Dead: 0
82  3808.31   4.64306     74.874    3664    	Dead: 0
83  3804.79   4.71019     75.9565   3664    	Dead: 0
84  3804.82   4.59823     74.151    3664    	Dead: 0
85  3805.78   4.51942     72.8801   3664    	Dead: 0
86  3808.28   4.79214     77.2781   3664    	Dead: 0
87  3804.19   4.54008     73.2133   3664    	Dead: 0
88  3804.04   4.59575     74.111    3664    	Dead: 0
89  3805.6    4.70416     75.8593   3664    	Dead: 0
90  3800.14   4.54827     73.3454   3664    	Dead: 0
91  3801.01   4.54632     73.314    3662    	Dead: 0
92  3802.84   4.77107     76.9383   3662    	Dead: 0
93  3804.36   4.9488      79.8043   3662    	Dead: 0
94  3799.3    4.70315     75.8431   3662    	Dead: 0
95  3803.35   4.8246      77.8015   3662    	Dead: 0
96  3798.2    4.76578     76.853    3647    	Dead: 0
97  3799.05   4.88543     78.7824   3647    	Dead: 0
98  3796.67   4.67905     75.4544   3647    	Dead: 0
99  3798.13   4.8218      77.7564   3647    	Dead: 0
100 3798.25   4.86905     78.5183   3647    	Dead: 0
