0   4371.34   3.83658     61.8687   4193    	Dead: 0
1   4271.57   3.29803     53.1841   4076    	Dead: 0
2   4216.97   3.137       50.5873   4057    	Dead: 0
3   4175.34   3.07412     49.5732   4018    	Dead: 0
4   4155.71   3.19177     51.4705   4008    	Dead: 0
5   4137.64   3.32295     53.586    3983    	Dead: 0
6   4121.07   3.28098     52.9091   3974    	Dead: 0
7   4098.85   3.27213     52.7664   3961    	Dead: 0
8   4078.19   3.14782     50.7618   3940    	Dead: 0
9   4062.38   3.14171     50.6633   3940    	Dead: 0
10  4053.7    3.31817     53.5088   3911    	Dead: 0
11  4042.4    3.24392     52.3115   3838    	Dead: 0
12  4034.5    3.37779     54.4703   3838    	Dead: 0
13  4027.49   3.47767     56.0809   3838    	Dead: 0
14  4018.64   3.48166     56.1452   3838    	Dead: 0
15  4011.07   3.35803     54.1516   3838    	Dead: 0
16  4004.56   3.40581     54.9222   3838    	Dead: 0
17  4000.63   3.53842     57.0605   3838    	Dead: 0
18  3995      3.45791     55.7623   3838    	Dead: 0
19  3992.05   3.54924     57.2351   3838    	Dead: 0
20  3989.75   3.74603     60.4084   3838    	Dead: 0
21  3985.65   3.66372     59.0812   3838    	Dead: 0
22  3983.39   3.69078     59.5176   3838    	Dead: 0
23  3980.16   3.82041     61.6079   3838    	Dead: 0
24  3977.71   3.8087      61.4191   3838    	Dead: 0
25  3974.48   3.83571     61.8546   3838    	Dead: 0
26  3970.87   3.87155     62.4326   3838    	Dead: 0
27  3969.39   3.94481     63.614    3837    	Dead: 0
28  3968.19   3.9227      63.2574   3837    	Dead: 0
29  3965.83   4.02771     64.9509   3795    	Dead: 0
30  3963.52   3.9277      63.3381   3795    	Dead: 0
31  3960.66   3.93068     63.3861   3795    	Dead: 0
32  3960.8    4.05545     65.3982   3795    	Dead: 0
33  3960.93   4.09648     66.0599   3795    	Dead: 0
34  3958.85   4.26572     68.789    3795    	Dead: 0
35  3956.83   4.20644     67.8331   3795    	Dead: 0
36  3955.91   4.21834     68.0249   3795    	Dead: 0
37  3953.2    4.26989     68.8563   3794    	Dead: 0
38  3951.9    4.2199      68.05     3794    	Dead: 0
39  3951.24   4.35804     70.2778   3794    	Dead: 0
40  3948.75   4.3236      69.7224   3794    	Dead: 0
41  3946.85   4.39727     70.9104   3794    	Dead: 0
42  3946.09   4.38271     70.6756   3794    	Dead: 0
43  3947.33   4.39908     70.9396   3794    	Dead: 0
44  3945.09   4.46111     71.9399   3794    	Dead: 0
45  3943.34   4.5536      73.4314   3794    	Dead: 0
46  3941.88   4.5219      72.9202   3794    	Dead: 0
47  3941.82   4.56278     73.5793   3794    	Dead: 0
48  3939.41   4.59421     74.0863   3794    	Dead: 0
49  3942.15   4.73846     76.4124   3794    	Dead: 0
50  3940.61   4.76023     76.7635   3794    	Dead: 0
51  3935.67   4.67654     75.4139   3794    	Dead: 0
52  3935.52   4.69255     75.6721   3765    	Dead: 0
53  3935.53   4.74786     76.5639   3765    	Dead: 0
54  3934.14   4.69935     75.7818   3765    	Dead: 0
55  3937.2    4.90624     79.118    3765    	Dead: 0
56  3936.56   5.02006     80.9535   3765    	Dead: 0
57  3933.86   4.9533      79.8769   3765    	Dead: 0
58  3932.06   4.97815     80.2777   3759    	Dead: 0
59  3932.55   4.92311     79.3901   3759    	Dead: 0
60  3931.28   5.01596     80.8873   3759    	Dead: 0
61  3930.95   5.11187     82.434    3759    	Dead: 0
62  3928.42   5.17044     83.3785   3759    	Dead: 0
63  3927.66   5.21849     84.1533   3759    	Dead: 0
64  3923.55   5.09047     82.0889   3759    	Dead: 0
65  3924.65   5.14916     83.0353   3759    	Dead: 0
66  3924.8    5.17625     83.4722   3759    	Dead: 0
67  3923.16   5.27777     85.1094   3759    	Dead: 0
68  3921.28   5.1737      83.4311   3759    	Dead: 0
69  3920.48   5.28256     85.1866   3759    	Dead: 0
70  3919.8    5.3603      86.4401   3759    	Dead: 0
71  3917.02   5.22401     84.2423   3759    	Dead: 0
72  3915.77   5.33789     86.0788   3759    	Dead: 0
73  3913.92   5.37272     86.6405   3759    	Dead: 0
74  3911.03   5.32888     85.9335   3759    	Dead: 0
75  3909.62   5.31915     85.7766   3759    	Dead: 0
76  3907.63   5.35632     86.376    3759    	Dead: 0
77  3906.86   5.58958     90.1376   3740    	Dead: 0
78  3900.03   5.36137     86.4574   3740    	Dead: 0
79  3906.55   5.6155      90.5555   3740    	Dead: 0
80  3903.38   5.63502     90.8703   3740    	Dead: 0
81  3899.7    5.5504      89.5057   3740    	Dead: 0
82  3900      5.70711     92.0329   3740    	Dead: 0
83  3899.94   5.69392     91.8201   3740    	Dead: 0
84  3896.13   5.70441     91.9894   3735    	Dead: 0
85  3896.14   5.87782     94.7857   3732    	Dead: 0
86  3892.98   6.03925     97.389    3732    	Dead: 0
87  3890.84   5.93988     95.7866   3732    	Dead: 0
88  3890.52   6.00832     96.8902   3732    	Dead: 0
89  3886.46   5.96928     96.2606   3721    	Dead: 0
90  3886.63   6.18238     99.697    3715    	Dead: 0
91  3884.5    6.0875      98.167    3715    	Dead: 0
92  3888.01   6.17832     99.6316   3715    	Dead: 0
93  3884.49   6.17294     99.5449   3715    	Dead: 0
94  3883.54   6.20552     100.07    3715    	Dead: 0
95  3884.68   6.31474     101.831   3715    	Dead: 0
96  3882.95   6.26684     101.059   3715    	Dead: 0
97  3881.11   6.32847     102.053   3715    	Dead: 0
98  3875.42   6.2586      100.926   3709    	Dead: 0
99  3877.95   6.41277     103.412   3709    	Dead: 0
100 3875.65   6.32881     102.058   3709    	Dead: 0
