0   4369.78   3.86718     62.3621   4168    	Dead: 0
1   4229.49   3.168       51.0872   4047    	Dead: 0
2   4157.96   3.16708     51.0723   4005    	Dead: 0
3   4108.66   3.2851      52.9755   3949    	Dead: 0
4   4075.3    3.19314     51.4926   3949    	Dead: 0
5   4049.83   3.23127     52.1075   3933    	Dead: 0
6   4032.61   3.37719     54.4605   3887    	Dead: 0
7   4018.74   3.47472     56.0334   3884    	Dead: 0
8   4008.52   3.46748     55.9165   3867    	Dead: 0
9   3993.71   3.46066     55.8065   3836    	Dead: 0
10  3987.06   3.65963     59.0151   3821    	Dead: 0
11  3978.9    3.68453     59.4168   3821    	Dead: 0
12  3973.73   3.6777      59.3066   3821    	Dead: 0
13  3967.43   3.6994      59.6566   3821    	Dead: 0
14  3963.94   3.82918     61.7493   3821    	Dead: 0
15  3958.88   3.71768     59.9513   3821    	Dead: 0
16  3957.6    3.93391     63.4383   3821    	Dead: 0
17  3954.66   3.85919     62.2334   3818    	Dead: 0
18  3949.39   3.91999     63.2138   3818    	Dead: 0
19  3947.2    3.96537     63.9456   3818    	Dead: 0
20  3942.79   3.90035     62.8971   3818    	Dead: 0
21  3938.79   3.91864     63.192    3818    	Dead: 0
22  3933.56   3.93341     63.4301   3818    	Dead: 0
23  3927.56   3.91241     63.0914   3813    	Dead: 0
24  3924.59   3.91422     63.1207   3782    	Dead: 0
25  3917.87   3.91577     63.1458   3782    	Dead: 0
26  3910.92   3.81415     61.507    3782    	Dead: 0
27  3905.94   3.97289     64.0669   3772    	Dead: 0
28  3899.91   3.83398     61.8268   3772    	Dead: 0
29  3894.71   3.84313     61.9743   3772    	Dead: 0
30  3888.47   3.77787     60.9219   3770    	Dead: 0
31  3884.26   3.8242      61.669    3770    	Dead: 0
32  3881.51   3.87596     62.5038   3762    	Dead: 0
33  3877.42   3.87636     62.5102   3727    	Dead: 0
34  3873.68   4.03604     65.0852   3727    	Dead: 0
35  3869.84   3.96988     64.0184   3727    	Dead: 0
36  3866.86   3.98712     64.2963   3727    	Dead: 0
37  3862.93   4.00794     64.632    3727    	Dead: 0
38  3860.32   4.21579     67.9838   3722    	Dead: 0
39  3854.13   4.05157     65.3357   3722    	Dead: 0
40  3851.5    4.13513     66.6831   3722    	Dead: 0
41  3847.68   4.20692     67.8408   3700    	Dead: 0
42  3845.7    4.20698     67.8418   3700    	Dead: 0
43  3842.99   4.20937     67.8803   3700    	Dead: 0
44  3839.71   4.36028     70.3139   3700    	Dead: 0
45  3834.64   4.35204     70.1811   3679    	Dead: 0
46  3830.86   4.44502     71.6803   3679    	Dead: 0
47  3827.56   4.57072     73.7075   3679    	Dead: 0
48  3825.18   4.64988     74.984    3679    	Dead: 0
49  3818.76   4.49984     72.5644   3679    	Dead: 0
50  3815.6    4.58148     73.8809   3679    	Dead: 0
51  3811.3    4.66027     75.1516   3665    	Dead: 0
52  3806.97   4.67618     75.408    3660    	Dead: 0
53  3803.19   4.90207     79.0508   3660    	Dead: 0
54  3800.3    5.00195     80.6615   3660    	Dead: 0
55  3792.9    4.85966     78.3669   3636    	Dead: 0
56  3790.49   5.1254      82.6522   3636    	Dead: 0
57  3788.26   5.21728     84.1339   3608    	Dead: 0
58  3787.38   5.18995     83.6932   3608    	Dead: 0
59  3784.98   5.35438     86.3448   3608    	Dead: 0
60  3783.28   5.47937     88.3603   3608    	Dead: 0
61  3779.72   5.57821     89.9541   3608    	Dead: 0
62  3780.67   5.5079      88.8204   3608    	Dead: 0
63  3774.04   5.65099     91.1279   3607    	Dead: 0
64  3776.33   5.87075     94.6717   3607    	Dead: 0
65  3771.08   5.85684     94.4475   3607    	Dead: 0
66  3772.27   5.99334     96.6486   3607    	Dead: 0
67  3769.79   5.86738     94.6174   3607    	Dead: 0
68  3766.37   5.89536     95.0685   3607    	Dead: 0
69  3768.66   6.20751     100.102   3607    	Dead: 0
70  3769.92   6.11768     98.6537   3607    	Dead: 0
71  3766.23   6.05551     97.6512   3607    	Dead: 0
72  3767.84   6.33726     102.195   3607    	Dead: 0
73  3763.89   6.24669     100.734   3607    	Dead: 0
74  3764      6.14831     99.1477   3607    	Dead: 0
75  3761.74   6.20589     100.076   3607    	Dead: 0
76  3764.61   6.36451     102.634   3607    	Dead: 0
77  3759.81   6.37622     102.823   3607    	Dead: 0
78  3763.7    6.39145     103.068   3601    	Dead: 0
79  3759.53   6.37556     102.812   3601    	Dead: 0
80  3754.3    6.36813     102.692   3598    	Dead: 0
81  3760.34   6.38826     103.017   3598    	Dead: 0
82  3760.58   6.4745      104.408   3598    	Dead: 0
83  3756.26   6.39395     103.109   3598    	Dead: 0
84  3757.61   6.60265     106.474   3598    	Dead: 0
85  3755.3    6.65623     107.338   3598    	Dead: 0
86  3753.54   6.46964     104.329   3598    	Dead: 0
87  3755.4    6.61536     106.679   3598    	Dead: 0
88  3757.15   6.75186     108.88    3598    	Dead: 0
89  3754.3    6.59022     106.274   3595    	Dead: 0
90  3755.63   6.76126     109.032   3595    	Dead: 0
91  3754.51   6.80729     109.774   3595    	Dead: 0
92  3750.57   6.66311     107.449   3586    	Dead: 0
93  3754.16   6.81383     109.88    3586    	Dead: 0
94  3752.69   6.7896      109.489   3586    	Dead: 0
95  3756.2    6.84258     110.343   3586    	Dead: 0
96  3752.32   6.78163     109.361   3586    	Dead: 0
97  3750.87   6.78082     109.348   3586    	Dead: 0
98  3752.28   6.87926     110.935   3586    	Dead: 0
99  3750.33   6.7482      108.821   3584    	Dead: 0
100 3750.03   6.7866      109.441   3584    	Dead: 0
