0   4367.43   3.90316     62.9424   4193    	Dead: 0
1   4215.39   3.00618     48.4777   4067    	Dead: 0
2   4154.11   3.28806     53.0233   4001    	Dead: 0
3   4105.23   3.18845     51.417    3959    	Dead: 0
4   4070.87   3.39668     54.7748   3951    	Dead: 0
5   4054.65   3.68154     59.3685   3914    	Dead: 0
6   4036.91   3.70462     59.7407   3910    	Dead: 0
7   4022.5    3.33655     53.8053   3910    	Dead: 0
8   4016.98   3.69488     59.5836   3891    	Dead: 0
9   4012.92   3.82247     61.6412   3876    	Dead: 0
10  4004.02   3.786       61.0531   3868    	Dead: 0
11  3995.51   3.69609     59.6032   3862    	Dead: 0
12  3988.49   3.86927     62.3959   3837    	Dead: 0
13  3979.09   3.86199     62.2784   3837    	Dead: 0
14  3970.83   3.96338     63.9134   3837    	Dead: 0
15  3957.87   3.76824     60.7666   3837    	Dead: 0
16  3949.61   3.83123     61.7824   3828    	Dead: 0
17  3937.4    3.70825     59.7992   3788    	Dead: 0
18  3929.12   3.74012     60.3132   3784    	Dead: 0
19  3925.25   3.99358     64.4004   3767    	Dead: 0
20  3921.99   3.87643     62.5113   3767    	Dead: 0
21  3915.96   3.9455      63.6251   3767    	Dead: 0
22  3914.04   4.02881     64.9686   3767    	Dead: 0
23  3908.66   3.94929     63.6862   3767    	Dead: 0
24  3907.29   4.10115     66.1352   3759    	Dead: 0
25  3902.64   4.15261     66.965    3754    	Dead: 0
26  3902.23   4.23538     68.2998   3754    	Dead: 0
27  3897.86   4.24733     68.4924   3754    	Dead: 0
28  3894.38   4.21998     68.0515   3754    	Dead: 0
29  3893.41   4.36684     70.4196   3754    	Dead: 0
30  3887.7    4.32612     69.763    3754    	Dead: 0
31  3887.86   4.53538     73.1375   3750    	Dead: 0
32  3886.66   4.75434     76.6684   3723    	Dead: 0
33  3882.49   4.79009     77.245    3721    	Dead: 0
34  3880.57   4.86855     78.5103   3707    	Dead: 0
35  3877.76   4.89085     78.8698   3707    	Dead: 0
36  3869.31   4.72133     76.1362   3707    	Dead: 0
37  3871.34   5.04871     81.4155   3707    	Dead: 0
38  3869.09   5.29295     85.3542   3707    	Dead: 0
39  3866.7    5.2138      84.0778   3707    	Dead: 0
40  3863.43   5.32426     85.859    3707    	Dead: 0
41  3863.34   5.37839     86.7319   3703    	Dead: 0
42  3856.83   5.40136     87.1024   3703    	Dead: 0
43  3858.47   5.53606     89.2745   3703    	Dead: 0
44  3853.8    5.67199     91.4666   3703    	Dead: 0
45  3853.96   5.7141      92.1455   3703    	Dead: 0
46  3853.41   5.6694      91.4247   3703    	Dead: 0
47  3852.73   5.86112     94.5164   3674    	Dead: 0
48  3849.01   5.81463     93.7667   3674    	Dead: 0
49  3849.16   5.94298     95.8365   3674    	Dead: 0
50  3844.64   5.93074     95.6391   3674    	Dead: 0
51  3843.81   6.04738     97.5201   3674    	Dead: 0
52  3841.99   5.95372     96.0096   3674    	Dead: 0
53  3842.87   6.16888     99.4794   3674    	Dead: 0
54  3839.97   6.15809     99.3054   3674    	Dead: 0
55  3842.71   6.37824     102.856   3672    	Dead: 0
56  3838.54   6.30183     101.623   3672    	Dead: 0
57  3841.19   6.40398     103.271   3672    	Dead: 0
58  3835.8    6.34112     102.257   3671    	Dead: 0
59  3834.7    6.50206     104.852   3671    	Dead: 0
60  3834.22   6.54642     105.568   3671    	Dead: 0
61  3832.04   6.56746     105.907   3663    	Dead: 0
62  3829.44   6.52506     105.223   3663    	Dead: 0
63  3829.58   6.64723     107.193   3663    	Dead: 0
64  3836.04   6.85034     110.469   3663    	Dead: 0
65  3832.78   6.68662     107.828   3663    	Dead: 0
66  3831.81   6.71491     108.285   3663    	Dead: 0
67  3831.33   6.81278     109.863   3649    	Dead: 0
68  3831.6    7.02687     113.315   3649    	Dead: 0
69  3827.14   6.96094     112.252   3649    	Dead: 0
70  3827.43   6.97023     112.402   3649    	Dead: 0
71  3830.51   6.93206     111.786   3649    	Dead: 0
72  3828.99   6.85277     110.508   3649    	Dead: 0
73  3830.33   7.05475     113.765   3649    	Dead: 0
74  3827.09   7.00827     113.015   3649    	Dead: 0
75  3825.35   7.08567     114.263   3649    	Dead: 0
76  3824.8    6.97663     112.505   3642    	Dead: 0
77  3826.59   7.18587     115.879   3642    	Dead: 0
78  3821.84   7.10554     114.584   3642    	Dead: 0
79  3827.08   7.1948      116.023   3642    	Dead: 0
80  3824.25   7.26821     117.207   3642    	Dead: 0
81  3824.33   7.23723     116.708   3642    	Dead: 0
82  3826.43   7.21933     116.419   3642    	Dead: 0
83  3823.82   6.99379     112.782   3642    	Dead: 0
84  3822.53   7.2215      116.454   3642    	Dead: 0
85  3818.44   7.26248     117.115   3642    	Dead: 0
86  3826.15   7.35543     118.614   3642    	Dead: 0
87  3822.96   7.30606     117.817   3642    	Dead: 0
88  3821.24   7.28487     117.476   3642    	Dead: 0
89  3818.58   7.2972      117.675   3642    	Dead: 0
90  3819.53   7.3904      119.178   3625    	Dead: 0
91  3821.74   7.43682     119.926   3625    	Dead: 0
92  3822.6    7.47312     120.512   3625    	Dead: 0
93  3822.3    7.40242     119.371   3625    	Dead: 0
94  3820.11   7.34437     118.435   3625    	Dead: 0
95  3819.1    7.33858     118.342   3625    	Dead: 0
96  3822.34   7.38481     119.087   3625    	Dead: 0
97  3822.13   7.33003     118.204   3625    	Dead: 0
98  3817.97   7.36604     118.785   3625    	Dead: 0
99  3822.57   7.50775     121.07    3625    	Dead: 0
100 3818.72   7.4993      120.934   3625    	Dead: 0
