0   5349.81   3.15765     50.9203   5188    	Dead: 0
1   5192.54   3.13491     50.5536   5022    	Dead: 0
2   5059.77   2.61788     42.2159   4924    	Dead: 0
3   4943.18   2.36181     38.0865   4827    	Dead: 0
4   4860.12   2.08215     33.5767   4745    	Dead: 0
5   4775.85   2.01192     32.4443   4657    	Dead: 0
6   4697.77   2.18172     35.1825   4560    	Dead: 0
7   4624.3    1.84923     29.8206   4536    	Dead: 0
8   4570.97   1.67166     26.9571   4501    	Dead: 0
9   4512.83   1.87668     30.2633   4404    	Dead: 0
10  4448.29   1.88963     30.4722   4328    	Dead: 0
11  4385.28   1.83139     29.533    4288    	Dead: 0
12  4332.17   1.61105     25.9798   4255    	Dead: 0
13  4283.8    1.52146     24.5351   4214    	Dead: 0
14  4247.63   1.56788     25.2837   4165    	Dead: 0
15  4207.13   1.62616     26.2235   4131    	Dead: 0
16  4164.1    1.65239     26.6464   4067    	Dead: 0
17  4124.25   1.56417     25.2239   4048    	Dead: 0
18  4090.46   1.52497     24.5917   4025    	Dead: 0
19  4055.62   1.6369      26.3966   3972    	Dead: 0
20  4021.38   1.45982     23.541    3947    	Dead: 0
21  3997.03   1.45681     23.4925   3930    	Dead: 0
22  3971.22   1.45682     23.4926   3900    	Dead: 0
23  3945      1.47787     23.8321   3867    	Dead: 0
24  3916.81   1.46581     23.6376   3851    	Dead: 0
25  3888.24   1.58417     25.5463   3812    	Dead: 0
26  3860.62   1.4573      23.5004   3794    	Dead: 0
27  3836.56   1.33426     21.5163   3766    	Dead: 0
28  3816.17   1.36593     22.0269   3747    	Dead: 0
29  3795.19   1.39823     22.5479   3735    	Dead: 0
30  3773.07   1.43278     23.105    3697    	Dead: 0
31  3748.91   1.38684     22.3642   3690    	Dead: 0
32  3732.99   1.42397     22.9629   3664    	Dead: 0
33  3716.44   1.31689     21.2361   3644    	Dead: 0
34  3701.22   1.3458      21.7024   3627    	Dead: 0
35  3688.91   1.3602      21.9345   3627    	Dead: 0
36  3675.86   1.36339     21.9861   3618    	Dead: 0
37  3663.44   1.31145     21.1484   3609    	Dead: 0
38  3653.51   1.2855      20.73     3597    	Dead: 0
39  3645.16   1.36811     22.0621   3580    	Dead: 0
40  3634.49   1.32033     21.2917   3580    	Dead: 0
41  3624.61   1.29947     20.9553   3557    	Dead: 0
42  3614.36   1.35476     21.8469   3557    	Dead: 0
43  3605.11   1.41309     22.7875   3555    	Dead: 0
44  3596.23   1.42729     23.0164   3540    	Dead: 0
45  3584.95   1.31564     21.216    3514    	Dead: 0
46  3573.49   1.40595     22.6724   3512    	Dead: 0
47  3558.2    1.41609     22.8359   3497    	Dead: 0
48  3542.35   1.35489     21.8489   3481    	Dead: 0
49  3526.79   1.42903     23.0445   3455    	Dead: 0
50  3508.17   1.41167     22.7645   3441    	Dead: 0
51  3489.59   1.40613     22.6753   3430    	Dead: 0
52  3475.99   1.40527     22.6613   3416    	Dead: 0
53  3464.31   1.40076     22.5886   3407    	Dead: 0
54  3456.72   1.44514     23.3043   3407    	Dead: 0
55  3448.88   1.46831     23.678    3393    	Dead: 0
56  3441.3    1.49739     24.147    3389    	Dead: 0
57  3434.46   1.3986      22.5538   3384    	Dead: 0
58  3430.88   1.47906     23.8513   3383    	Dead: 0
59  3427.85   1.51437     24.4207   3382    	Dead: 0
60  3424.15   1.48452     23.9394   3373    	Dead: 0
61  3421.52   1.55757     25.1174   3369    	Dead: 0
62  3418.3    1.61527     26.0479   3363    	Dead: 0
63  3415.09   1.58154     25.5039   3363    	Dead: 0
64  3410.69   1.55534     25.0814   3347    	Dead: 0
65  3408.35   1.63252     26.326    3347    	Dead: 0
66  3404.51   1.60502     25.8826   3347    	Dead: 0
67  3400.24   1.5579      25.1228   3347    	Dead: 0
68  3397.35   1.61957     26.1173   3340    	Dead: 0
69  3393.05   1.59359     25.6982   3340    	Dead: 0
70  3390.11   1.64622     26.547    3339    	Dead: 0
71  3386.18   1.65459     26.6819   3334    	Dead: 0
72  3381.49   1.63312     26.3358   3323    	Dead: 0
73  3376.74   1.71481     27.653    3320    	Dead: 0
74  3370.41   1.72144     27.76     3313    	Dead: 0
75  3366.09   1.82381     29.4108   3307    	Dead: 0
76  3360.49   1.80163     29.0531   3297    	Dead: 0
77  3356.84   1.81507     29.2698   3297    	Dead: 0
78  3351.9    1.76277     28.4264   3289    	Dead: 0
79  3348.24   1.7707      28.5542   3284    	Dead: 0
80  3346.51   1.83639     29.6136   3284    	Dead: 0
81  3343.02   1.79443     28.937    3278    	Dead: 0
82  3339.59   1.77939     28.6944   3278    	Dead: 0
83  3336.02   1.82717     29.4649   3278    	Dead: 0
84  3332.96   1.89454     30.5514   3272    	Dead: 0
85  3329.38   1.88521     30.4009   3272    	Dead: 0
86  3327.84   1.96749     31.7278   3272    	Dead: 0
87  3322.61   1.84852     29.8092   3271    	Dead: 0
88  3319.71   1.86636     30.097    3269    	Dead: 0
89  3315.47   1.89972     30.6348   3267    	Dead: 0
90  3312.71   1.95383     31.5074   3245    	Dead: 0
91  3308.59   1.93598     31.2195   3245    	Dead: 0
92  3303.55   1.88343     30.3722   3245    	Dead: 0
93  3300.41   1.94048     31.2921   3244    	Dead: 0
94  3294.13   1.82895     29.4936   3230    	Dead: 0
95  3290.72   1.87057     30.1647   3230    	Dead: 0
96  3284.23   1.73051     27.9063   3221    	Dead: 0
97  3279.91   1.76648     28.4862   3221    	Dead: 0
98  3277.11   1.74729     28.1768   3221    	Dead: 0
99  3273.51   1.75512     28.303    3221    	Dead: 0
100 3270.42   1.68903     27.2373   3220    	Dead: 0
