0   5346.65   3.13157     50.4997   5172    	Dead: 0
1   5194.99   3.04945     49.1755   5060    	Dead: 0
2   5060.28   2.71521     43.7854   4918    	Dead: 0
3   4948.92   2.34304     37.7838   4841    	Dead: 0
4   4863.1    2.1418      34.5387   4735    	Dead: 0
5   4772.01   2.14617     34.6092   4634    	Dead: 0
6   4678.51   2.13278     34.3932   4575    	Dead: 0
7   4600.09   1.64529     26.5319   4515    	Dead: 0
8   4539.45   1.80699     29.1396   4436    	Dead: 0
9   4478.03   1.53002     24.6732   4406    	Dead: 0
10  4425.93   1.45336     23.4369   4355    	Dead: 0
11  4379.93   1.44332     23.275    4279    	Dead: 0
12  4336.66   1.43307     23.1097   4256    	Dead: 0
13  4295.23   1.41361     22.7958   4228    	Dead: 0
14  4259.03   1.39095     22.4305   4178    	Dead: 0
15  4222.44   1.36277     21.976    4154    	Dead: 0
16  4185.97   1.4017      22.6039   4102    	Dead: 0
17  4152.06   1.37012     22.0945   4082    	Dead: 0
18  4121.16   1.29489     20.8813   4047    	Dead: 0
19  4094.29   1.34743     21.7287   4020    	Dead: 0
20  4058.88   1.4185      22.8747   3979    	Dead: 0
21  4019.31   1.4592      23.5311   3941    	Dead: 0
22  3982.21   1.32851     21.4235   3927    	Dead: 0
23  3955.83   1.28462     20.7158   3888    	Dead: 0
24  3929.49   1.27807     20.6101   3869    	Dead: 0
25  3903.04   1.31617     21.2245   3842    	Dead: 0
26  3876.91   1.35924     21.919    3820    	Dead: 0
27  3852.63   1.28943     20.7933   3791    	Dead: 0
28  3833.78   1.39332     22.4687   3782    	Dead: 0
29  3813.09   1.29638     20.9055   3752    	Dead: 0
30  3794.71   1.3189      21.2686   3735    	Dead: 0
31  3770.48   1.40672     22.6848   3700    	Dead: 0
32  3742.79   1.41219     22.773    3683    	Dead: 0
33  3721.16   1.31716     21.2405   3658    	Dead: 0
34  3702.98   1.40965     22.732    3631    	Dead: 0
35  3683.54   1.37945     22.245    3605    	Dead: 0
36  3661.62   1.41757     22.8597   3602    	Dead: 0
37  3642.5    1.38885     22.3966   3582    	Dead: 0
38  3627.22   1.31822     21.2577   3564    	Dead: 0
39  3610.16   1.36875     22.0724   3554    	Dead: 0
40  3588.71   1.35741     21.8895   3520    	Dead: 0
41  3569.57   1.24903     20.1419   3514    	Dead: 0
42  3555.67   1.36715     22.0467   3493    	Dead: 0
43  3539.96   1.36415     21.9984   3476    	Dead: 0
44  3521.43   1.31253     21.1658   3459    	Dead: 0
45  3504.08   1.34598     21.7052   3431    	Dead: 0
46  3490.42   1.31287     21.1713   3431    	Dead: 0
47  3479.72   1.26759     20.4411   3431    	Dead: 0
48  3469      1.29263     20.845    3417    	Dead: 0
49  3458.05   1.25448     20.2298   3399    	Dead: 0
50  3449.36   1.21683     19.6226   3394    	Dead: 0
51  3441.07   1.15409     18.6108   3381    	Dead: 0
52  3433.43   1.22517     19.7571   3378    	Dead: 0
53  3425.05   1.27417     20.5472   3368    	Dead: 0
54  3416.61   1.26495     20.3986   3362    	Dead: 0
55  3407.6    1.24623     20.0967   3347    	Dead: 0
56  3399.17   1.28385     20.7034   3344    	Dead: 0
57  3390.2    1.28451     20.714    3341    	Dead: 0
58  3381.36   1.22564     19.7647   3330    	Dead: 0
59  3373.93   1.24282     20.0417   3323    	Dead: 0
60  3367.18   1.26439     20.3896   3313    	Dead: 0
61  3359.21   1.20072     19.3628   3313    	Dead: 0
62  3351.56   1.24881     20.1384   3294    	Dead: 0
63  3343.74   1.25495     20.2374   3294    	Dead: 0
64  3336.35   1.2526      20.1994   3280    	Dead: 0
65  3328.53   1.22714     19.7889   3280    	Dead: 0
66  3321.12   1.24796     20.1246   3257    	Dead: 0
67  3314.32   1.24951     20.1496   3257    	Dead: 0
68  3307.54   1.28631     20.7431   3257    	Dead: 0
69  3300.63   1.26966     20.4745   3244    	Dead: 0
70  3292.55   1.24357     20.0538   3242    	Dead: 0
71  3283.84   1.23032     19.8401   3233    	Dead: 0
72  3276.73   1.24132     20.0175   3225    	Dead: 0
73  3268.63   1.20016     19.3539   3224    	Dead: 0
74  3261.88   1.2438      20.0576   3204    	Dead: 0
75  3255.2    1.22242     19.7127   3204    	Dead: 0
76  3249.99   1.2899      20.8009   3204    	Dead: 0
77  3244.62   1.24934     20.1468   3198    	Dead: 0
78  3240.26   1.29073     20.8143   3194    	Dead: 0
79  3235.09   1.30255     21.005    3187    	Dead: 0
80  3229.85   1.31449     21.1974   3177    	Dead: 0
81  3224.81   1.33483     21.5255   3177    	Dead: 0
82  3219.27   1.33819     21.5796   3175    	Dead: 0
83  3213.57   1.33347     21.5035   3172    	Dead: 0
84  3208.74   1.30484     21.0418   3161    	Dead: 0
85  3204.08   1.26955     20.4728   3156    	Dead: 0
86  3198.97   1.30747     21.0843   3140    	Dead: 0
87  3192.26   1.26828     20.4523   3140    	Dead: 0
88  3186.14   1.27935     20.6308   3140    	Dead: 0
89  3180.74   1.2887      20.7816   3133    	Dead: 0
90  3176.65   1.33303     21.4964   3127    	Dead: 0
91  3171.01   1.2913      20.8234   3127    	Dead: 0
92  3167.27   1.29733     20.9208   3120    	Dead: 0
93  3163.9    1.30292     21.0108   3120    	Dead: 0
94  3161.07   1.26553     20.4079   3106    	Dead: 0
95  3157.11   1.30567     21.0553   3099    	Dead: 0
96  3153.14   1.28917     20.7891   3099    	Dead: 0
97  3149.45   1.31602     21.2221   3099    	Dead: 0
98  3146.64   1.35615     21.8692   3099    	Dead: 0
99  3143.35   1.36982     22.0897   3099    	Dead: 0
100 3140.16   1.38285     22.2998   3094    	Dead: 0
