0   5572.07   3.11986     50.3109   5405    	Dead: 0
1   5305.82   2.60909     42.0742   5191    	Dead: 0
2   5105.17   2.13903     34.494    4976    	Dead: 0
3   4951.8    2.00794     32.38     4854    	Dead: 0
4   4821.02   1.73672     28.0063   4732    	Dead: 0
5   4720.16   1.61634     26.0651   4615    	Dead: 0
6   4632.62   1.67151     26.9548   4553    	Dead: 0
7   4553.33   1.57991     25.4776   4474    	Dead: 0
8   4477.44   1.52005     24.5123   4389    	Dead: 0
9   4406.24   1.48963     24.0218   4332    	Dead: 0
10  4352      1.49877     24.1691   4273    	Dead: 0
11  4300.02   1.52086     24.5255   4222    	Dead: 0
12  4239.85   1.64956     26.6009   4160    	Dead: 0
13  4175.15   1.46799     23.6729   4101    	Dead: 0
14  4127.95   1.51444     24.4218   4059    	Dead: 0
15  4094.92   1.58038     25.4853   4024    	Dead: 0
16  4057.14   1.60755     25.9233   3986    	Dead: 0
17  4017.51   1.51841     24.486    3949    	Dead: 0
18  3987.3    1.52323     24.5636   3916    	Dead: 0
19  3960.2    1.5188      24.4922   3895    	Dead: 0
20  3929.76   1.49893     24.1718   3862    	Dead: 0
21  3904.94   1.49835     24.1624   3836    	Dead: 0
22  3879.04   1.61899     26.1078   3800    	Dead: 0
23  3847.73   1.60044     25.8087   3763    	Dead: 0
24  3824.05   1.588       25.6081   3762    	Dead: 0
25  3803.82   1.53135     24.6946   3715    	Dead: 0
26  3773.69   1.54929     24.9839   3694    	Dead: 0
27  3748.14   1.54574     24.9266   3690    	Dead: 0
28  3731.99   1.61404     26.028    3674    	Dead: 0
29  3716.76   1.65794     26.7359   3649    	Dead: 0
30  3705.83   1.69299     27.3012   3645    	Dead: 0
31  3692.76   1.65804     26.7376   3639    	Dead: 0
32  3681.69   1.80367     29.086    3623    	Dead: 0
33  3670.66   1.87624     30.2562   3594    	Dead: 0
34  3659.68   1.8223      29.3863   3580    	Dead: 0
35  3649.91   1.94942     31.4364   3577    	Dead: 0
36  3643.42   2.07568     33.4724   3571    	Dead: 0
37  3636.85   2.08549     33.6306   3571    	Dead: 0
38  3628.2    2.15821     34.8032   3557    	Dead: 0
39  3620.08   2.1692      34.9805   3556    	Dead: 0
40  3611.15   2.29017     36.9312   3524    	Dead: 0
41  3605.12   2.32479     37.4896   3519    	Dead: 0
42  3597.8    2.31452     37.324    3519    	Dead: 0
43  3592.4    2.37254     38.2596   3519    	Dead: 0
44  3588.03   2.41044     38.8707   3519    	Dead: 0
45  3581.94   2.3451      37.8171   3512    	Dead: 0
46  3578.51   2.44668     39.4551   3508    	Dead: 0
47  3574.57   2.48052     40.0009   3508    	Dead: 0
48  3568.14   2.3937      38.6008   3490    	Dead: 0
49  3565.41   2.46709     39.7842   3490    	Dead: 0
50  3561.63   2.42642     39.1284   3490    	Dead: 0
51  3555.03   2.42133     39.0464   3482    	Dead: 0
52  3551.68   2.5253      40.7229   3482    	Dead: 0
53  3548.85   2.58052     41.6135   3477    	Dead: 0
54  3544.15   2.49896     40.2983   3477    	Dead: 0
55  3538.34   2.45148     39.5325   3460    	Dead: 0
56  3536.08   2.57426     41.5126   3460    	Dead: 0
57  3530.25   2.48536     40.0788   3460    	Dead: 0
58  3524.97   2.45155     39.5336   3460    	Dead: 0
59  3522.26   2.5286      40.7762   3457    	Dead: 0
60  3518.53   2.53489     40.8776   3456    	Dead: 0
61  3516.12   2.62327     42.3028   3452    	Dead: 0
62  3513.59   2.60091     41.9423   3444    	Dead: 0
63  3509.65   2.61336     42.1431   3439    	Dead: 0
64  3506.47   2.65792     42.8616   3439    	Dead: 0
65  3502.5    2.57615     41.543    3439    	Dead: 0
66  3499.7    2.5982      41.8986   3439    	Dead: 0
67  3496.57   2.68286     43.2639   3430    	Dead: 0
68  3491.91   2.56191     41.3134   3423    	Dead: 0
69  3487.99   2.68024     43.2216   3420    	Dead: 0
70  3481.22   2.61291     42.1358   3403    	Dead: 0
71  3478.72   2.63903     42.557    3403    	Dead: 0
72  3474.88   2.68316     43.2686   3398    	Dead: 0
73  3467.4    2.79122     45.0112   3394    	Dead: 0
74  3462.91   2.74888     44.3284   3387    	Dead: 0
75  3457.09   2.72243     43.9019   3372    	Dead: 0
76  3453.34   2.84758     45.9201   3372    	Dead: 0
77  3446.87   2.84706     45.9117   3372    	Dead: 0
78  3444.41   2.94103     47.427    3357    	Dead: 0
79  3438.97   2.91076     46.939    3357    	Dead: 0
80  3435.9    2.95641     47.6751   3357    	Dead: 0
81  3431.51   2.95279     47.6166   3356    	Dead: 0
82  3429.59   3.0152      48.6231   3355    	Dead: 0
83  3427.08   3.01032     48.5444   3354    	Dead: 0
84  3423.69   2.96449     47.8054   3354    	Dead: 0
85  3420.51   2.93515     47.3322   3345    	Dead: 0
86  3419.8    3.0089      48.5216   3342    	Dead: 0
87  3417.72   3.11542     50.2393   3342    	Dead: 0
88  3415.97   3.08608     49.7661   3342    	Dead: 0
89  3415.4    3.0612      49.365    3342    	Dead: 0
90  3413.5    3.04821     49.1554   3342    	Dead: 0
91  3413.25   3.14434     50.7056   3342    	Dead: 0
92  3413.07   3.14437     50.7061   3330    	Dead: 0
93  3410.41   3.0808      49.681    3330    	Dead: 0
94  3408.14   3.03763     48.9848   3327    	Dead: 0
95  3407.29   3.1877      51.4048   3327    	Dead: 0
96  3404.83   3.03594     48.9576   3327    	Dead: 0
97  3402.09   3.06079     49.3584   3320    	Dead: 0
98  3399.7    3.02282     48.746    3320    	Dead: 0
99  3398.1    3.10695     50.1027   3320    	Dead: 0
100 3392.4    2.98204     48.0884   3311    	Dead: 0
