0   5571.05   2.86819     46.2525   5433    	Dead: 0
1   5298.25   2.70661     43.6467   5143    	Dead: 0
2   5082.88   2.03023     32.7395   4983    	Dead: 0
3   4927.32   1.81911     29.335    4837    	Dead: 0
4   4805.97   1.66054     26.7778   4697    	Dead: 0
5   4689.62   1.65897     26.7525   4600    	Dead: 0
6   4585.14   1.72218     27.7719   4499    	Dead: 0
7   4478.19   1.69771     27.3773   4391    	Dead: 0
8   4408.42   1.47384     23.7672   4341    	Dead: 0
9   4350.76   1.60263     25.8441   4265    	Dead: 0
10  4292.82   1.68877     27.2331   4189    	Dead: 0
11  4232.53   1.67221     26.966    4137    	Dead: 0
12  4188.93   1.7163      27.677    4110    	Dead: 0
13  4149.34   1.7899      28.8639   4063    	Dead: 0
14  4109.68   1.64629     26.5481   4023    	Dead: 0
15  4064.16   1.70676     27.5231   3970    	Dead: 0
16  4020.03   1.59209     25.674    3946    	Dead: 0
17  3989.73   1.61515     26.0459   3930    	Dead: 0
18  3955.05   1.55889     25.1387   3895    	Dead: 0
19  3929.05   1.58467     25.5543   3854    	Dead: 0
20  3896.39   1.72499     27.8172   3815    	Dead: 0
21  3858.95   1.61186     25.9928   3803    	Dead: 0
22  3826.45   1.55998     25.1563   3763    	Dead: 0
23  3792.22   1.48312     23.9167   3731    	Dead: 0
24  3764.52   1.57331     25.3712   3702    	Dead: 0
25  3739.32   1.51196     24.3819   3685    	Dead: 0
26  3718.34   1.53537     24.7594   3629    	Dead: 0
27  3696.67   1.53872     24.8134   3612    	Dead: 0
28  3679.47   1.62217     26.1592   3612    	Dead: 0
29  3663.3    1.68931     27.2418   3594    	Dead: 0
30  3647.32   1.63427     26.3542   3574    	Dead: 0
31  3634.61   1.72238     27.7752   3560    	Dead: 0
32  3621.12   1.78563     28.7951   3550    	Dead: 0
33  3608.12   1.87295     30.2032   3542    	Dead: 0
34  3598.58   1.88597     30.4132   3531    	Dead: 0
35  3589.51   1.84807     29.8019   3531    	Dead: 0
36  3582.31   2.0014      32.2746   3516    	Dead: 0
37  3572.35   1.91854     30.9383   3505    	Dead: 0
38  3563.38   1.9798      31.9262   3483    	Dead: 0
39  3552.26   2.00007     32.2531   3478    	Dead: 0
40  3540.71   2.09565     33.7945   3453    	Dead: 0
41  3526.7    2.03385     32.7979   3453    	Dead: 0
42  3515.69   2.02771     32.6988   3438    	Dead: 0
43  3505.54   2.052       33.0906   3437    	Dead: 0
44  3491.15   2.08192     33.5731   3417    	Dead: 0
45  3472.08   1.99807     32.2208   3404    	Dead: 0
46  3454.07   1.86767     30.1181   3385    	Dead: 0
47  3442.82   1.97784     31.8946   3381    	Dead: 0
48  3431.19   2.01893     32.5573   3339    	Dead: 0
49  3416.2    1.88439     30.3876   3334    	Dead: 0
50  3405.28   1.8759      30.2508   3334    	Dead: 0
51  3393.8    1.92374     31.0223   3333    	Dead: 0
52  3385.81   1.94236     31.3225   3327    	Dead: 0
53  3374.63   1.86286     30.0405   3313    	Dead: 0
54  3365.93   1.85521     29.9171   3294    	Dead: 0
55  3356.59   1.80972     29.1835   3289    	Dead: 0
56  3349.31   1.7855      28.7929   3289    	Dead: 0
57  3340.98   1.83367     29.5697   3280    	Dead: 0
58  3333.89   1.86322     30.0462   3277    	Dead: 0
59  3327      1.79646     28.9698   3268    	Dead: 0
60  3320.74   1.88026     30.3211   3261    	Dead: 0
61  3312.16   1.8779      30.2831   3255    	Dead: 0
62  3306.34   2.06099     33.2355   3245    	Dead: 0
63  3300.14   1.9737      31.8279   3244    	Dead: 0
64  3296.78   2.13391     34.4114   3242    	Dead: 0
65  3289.93   2.05561     33.1488   3233    	Dead: 0
66  3284.58   2.18963     35.3101   3213    	Dead: 0
67  3280.68   2.14004     34.5102   3213    	Dead: 0
68  3278.26   2.38317     38.431    3213    	Dead: 0
69  3272.21   2.30931     37.2399   3206    	Dead: 0
70  3264.76   2.28178     36.7959   3203    	Dead: 0
71  3257.13   2.19861     35.4548   3187    	Dead: 0
72  3252.28   2.29126     36.9488   3187    	Dead: 0
73  3245.81   2.2609      36.4593   3187    	Dead: 0
74  3240.91   2.26684     36.555    3178    	Dead: 0
75  3238.88   2.34521     37.8189   3178    	Dead: 0
76  3234.32   2.28367     36.8265   3176    	Dead: 0
77  3229.83   2.34456     37.8084   3174    	Dead: 0
78  3225.82   2.33505     37.6551   3162    	Dead: 0
79  3219.82   2.14986     34.6687   3162    	Dead: 0
80  3219.43   2.33021     37.577    3162    	Dead: 0
81  3215.21   2.31236     37.2891   3143    	Dead: 0
82  3210.26   2.36168     38.0844   3138    	Dead: 0
83  3203.5    2.30381     37.1512   3138    	Dead: 0
84  3197.72   2.28451     36.84     3136    	Dead: 0
85  3193.59   2.27867     36.7458   3136    	Dead: 0
86  3191.29   2.39558     38.6312   3133    	Dead: 0
87  3186.8    2.35503     37.9773   3128    	Dead: 0
88  3182.82   2.41809     38.994    3127    	Dead: 0
89  3180.07   2.41116     38.8823   3117    	Dead: 0
90  3178.47   2.53808     40.9291   3117    	Dead: 0
91  3174.53   2.52197     40.6694   3113    	Dead: 0
92  3172.9    2.58079     41.6179   3110    	Dead: 0
93  3165.92   2.49738     40.2727   3104    	Dead: 0
94  3163.37   2.50142     40.3379   3098    	Dead: 0
95  3158.66   2.44621     39.4476   3093    	Dead: 0
96  3156.72   2.57138     41.466    3093    	Dead: 0
97  3151.61   2.4294      39.1765   3093    	Dead: 0
98  3151.33   2.64906     42.7187   3090    	Dead: 0
99  3148.47   2.61063     42.0989   3082    	Dead: 0
100 3145.3    2.62468     42.3256   3082    	Dead: 0
