0   5554.06   3.04167     49.05     5399    	Dead: 0
1   5410.14   2.87631     46.3833   5246    	Dead: 0
2   5291.99   2.41537     38.9503   5174    	Dead: 0
3   5203.29   2.15702     34.784    5082    	Dead: 0
4   5097.31   2.49753     40.2751   4930    	Dead: 0
5   4989.36   2.46986     39.829    4875    	Dead: 0
6   4888.85   2.23296     36.0087   4792    	Dead: 0
7   4819.1    1.81326     29.2406   4708    	Dead: 0
8   4764.45   1.87287     30.2019   4685    	Dead: 0
9   4708.41   1.83939     29.662    4594    	Dead: 0
10  4649.96   1.81749     29.3089   4564    	Dead: 0
11  4597.69   1.73745     28.0181   4496    	Dead: 0
12  4550.54   1.66698     26.8817   4459    	Dead: 0
13  4503.43   1.62964     26.2796   4411    	Dead: 0
14  4466.61   1.45522     23.4668   4383    	Dead: 0
15  4433.05   1.46064     23.5543   4359    	Dead: 0
16  4396.08   1.57206     25.3511   4318    	Dead: 0
17  4359.4    1.47933     23.8557   4281    	Dead: 0
18  4328.63   1.44325     23.2739   4260    	Dead: 0
19  4296.54   1.53081     24.6858   4214    	Dead: 0
20  4261.55   1.59        25.6403   4171    	Dead: 0
21  4231.35   1.62231     26.1614   4148    	Dead: 0
22  4197.69   1.58645     25.5831   4110    	Dead: 0
23  4165.5    1.58061     25.4889   4089    	Dead: 0
24  4142.23   1.48342     23.9216   4071    	Dead: 0
25  4124.61   1.48697     23.979    4054    	Dead: 0
26  4109.4    1.57912     25.4649   4038    	Dead: 0
27  4092.43   1.59991     25.8002   4020    	Dead: 0
28  4073.82   1.55614     25.0942   4007    	Dead: 0
29  4052.22   1.56309     25.2065   3973    	Dead: 0
30  4028.99   1.55048     25.003    3960    	Dead: 0
31  4007.2    1.59748     25.761    3928    	Dead: 0
32  3980.4    1.53308     24.7225   3895    	Dead: 0
33  3958.89   1.46085     23.5577   3895    	Dead: 0
34  3942.25   1.50932     24.3393   3860    	Dead: 0
35  3930.56   1.57031     25.3229   3860    	Dead: 0
36  3918.09   1.48549     23.9551   3860    	Dead: 0
37  3908.98   1.53724     24.7896   3828    	Dead: 0
38  3899.06   1.48598     23.9629   3828    	Dead: 0
39  3891.18   1.59984     25.799    3828    	Dead: 0
40  3882.62   1.6003      25.8064   3828    	Dead: 0
41  3874.6    1.63055     26.2942   3804    	Dead: 0
42  3865.36   1.57193     25.349    3793    	Dead: 0
43  3855.4    1.57179     25.3467   3788    	Dead: 0
44  3844.43   1.52625     24.6123   3782    	Dead: 0
45  3834.8    1.51805     24.4801   3767    	Dead: 0
46  3824.75   1.51009     24.3517   3763    	Dead: 0
47  3814.31   1.52671     24.6197   3747    	Dead: 0
48  3800.38   1.5553      25.0808   3685    	Dead: 0
49  3782.72   1.62416     26.1912   3685    	Dead: 0
50  3766.49   1.63943     26.4375   3685    	Dead: 0
51  3754.23   1.70022     27.4178   3663    	Dead: 0
52  3743.78   1.66059     26.7787   3663    	Dead: 0
53  3733.29   1.60073     25.8133   3663    	Dead: 0
54  3727.44   1.72292     27.7838   3663    	Dead: 0
55  3719.86   1.75163     28.2468   3659    	Dead: 0
56  3713.5    1.6593      26.7579   3659    	Dead: 0
57  3708.62   1.65404     26.673    3655    	Dead: 0
58  3703.78   1.67285     26.9764   3655    	Dead: 0
59  3699.92   1.71914     27.7229   3645    	Dead: 0
60  3696.65   1.73184     27.9277   3644    	Dead: 0
61  3694.13   1.68544     27.1795   3639    	Dead: 0
62  3689.71   1.72427     27.8056   3630    	Dead: 0
63  3686.74   1.75947     28.3733   3630    	Dead: 0
64  3682.94   1.71209     27.6091   3612    	Dead: 0
65  3680.33   1.76851     28.519    3612    	Dead: 0
66  3676.61   1.77886     28.6859   3612    	Dead: 0
67  3673.08   1.85446     29.905    3612    	Dead: 0
68  3668.57   1.86806     30.1244   3612    	Dead: 0
69  3663.72   1.80451     29.0996   3600    	Dead: 0
70  3660.28   1.81389     29.2508   3600    	Dead: 0
71  3654.76   1.81981     29.3463   3592    	Dead: 0
72  3648.69   1.80797     29.1553   3579    	Dead: 0
73  3643.22   1.71552     27.6645   3571    	Dead: 0
74  3639.86   1.8037      29.0865   3571    	Dead: 0
75  3635.4    1.84929     29.8216   3565    	Dead: 0
76  3630.11   1.95277     31.4903   3540    	Dead: 0
77  3622.34   1.95572     31.538    3540    	Dead: 0
78  3615.56   1.98012     31.9315   3540    	Dead: 0
79  3604.51   1.92418     31.0293   3538    	Dead: 0
80  3594.06   1.88288     30.3633   3510    	Dead: 0
81  3585.26   1.92989     31.1214   3505    	Dead: 0
82  3576.94   1.95307     31.4952   3497    	Dead: 0
83  3567.77   1.91792     30.9284   3488    	Dead: 0
84  3560.83   2.03436     32.8061   3478    	Dead: 0
85  3553.03   1.98002     31.9298   3475    	Dead: 0
86  3544.69   1.94663     31.3914   3475    	Dead: 0
87  3537.97   1.98394     31.9931   3470    	Dead: 0
88  3532.8    2.04452     32.97     3455    	Dead: 0
89  3528.51   2.03558     32.8258   3455    	Dead: 0
90  3524.45   2.10031     33.8696   3451    	Dead: 0
91  3520.26   2.12166     34.2139   3451    	Dead: 0
92  3515.42   2.10895     34.009    3448    	Dead: 0
93  3510.66   2.05434     33.1283   3431    	Dead: 0
94  3506.11   2.12561     34.2776   3431    	Dead: 0
95  3501.83   2.12796     34.3155   3428    	Dead: 0
96  3497.13   2.13806     34.4783   3422    	Dead: 0
97  3490.93   2.11987     34.185    3422    	Dead: 0
98  3488.18   2.22088     35.814    3415    	Dead: 0
99  3482.32   2.13893     34.4924   3415    	Dead: 0
100 3477.42   2.21738     35.7575   3413    	Dead: 0
