0   5572.45   2.91995     47.0871   5411    	Dead: 0
1   5303.21   3.00347     48.4339   5173    	Dead: 0
2   5098.57   1.82799     29.4782   4995    	Dead: 0
3   4953.27   1.90829     30.7731   4858    	Dead: 0
4   4829.16   1.6972      27.369    4729    	Dead: 0
5   4707.25   1.71034     27.5809   4618    	Dead: 0
6   4617.99   1.51854     24.488    4511    	Dead: 0
7   4537.71   1.48258     23.9081   4453    	Dead: 0
8   4441.59   1.69818     27.3848   4354    	Dead: 0
9   4349.16   1.45938     23.5339   4263    	Dead: 0
10  4272.84   1.54374     24.8944   4173    	Dead: 0
11  4196.74   1.52357     24.5691   4112    	Dead: 0
12  4142.29   1.47254     23.7462   4081    	Dead: 0
13  4105.09   1.49752     24.1491   4037    	Dead: 0
14  4066.18   1.63768     26.4092   3969    	Dead: 0
15  4020.91   1.58562     25.5697   3946    	Dead: 0
16  3987.55   1.62497     26.2042   3923    	Dead: 0
17  3947.49   1.68329     27.1447   3876    	Dead: 0
18  3913.46   1.67635     27.0329   3833    	Dead: 0
19  3889.31   1.68843     27.2276   3807    	Dead: 0
20  3872.26   1.78796     28.8326   3806    	Dead: 0
21  3859.86   1.80379     29.0879   3804    	Dead: 0
22  3848.77   1.8983      30.6121   3776    	Dead: 0
23  3838.55   1.93704     31.2366   3761    	Dead: 0
24  3827.12   2.00775     32.3769   3751    	Dead: 0
25  3814.27   1.94194     31.3157   3750    	Dead: 0
26  3799.86   1.91865     30.9401   3728    	Dead: 0
27  3787.37   2.01612     32.5119   3720    	Dead: 0
28  3773.89   1.96524     31.6914   3697    	Dead: 0
29  3760.58   1.92398     31.0261   3693    	Dead: 0
30  3746.72   1.85326     29.8856   3683    	Dead: 0
31  3735.63   2.01436     32.4835   3665    	Dead: 0
32  3720.38   1.94887     31.4275   3657    	Dead: 0
33  3703.2    1.95856     31.5837   3631    	Dead: 0
34  3690.04   1.97311     31.8184   3621    	Dead: 0
35  3678.59   1.97083     31.7817   3615    	Dead: 0
36  3666.93   1.96755     31.7288   3604    	Dead: 0
37  3657.02   1.98407     31.9951   3576    	Dead: 0
38  3643.18   1.98202     31.962    3576    	Dead: 0
39  3629.26   1.98608     32.0276   3550    	Dead: 0
40  3615.24   2.00273     32.296    3550    	Dead: 0
41  3602.07   1.99774     32.2156   3528    	Dead: 0
42  3584.74   1.95144     31.4689   3510    	Dead: 0
43  3572.23   1.98481     32.007    3503    	Dead: 0
44  3556.59   2.13659     34.4547   3491    	Dead: 0
45  3537.68   2.03679     32.8452   3464    	Dead: 0
46  3525.8    2.11503     34.107    3464    	Dead: 0
47  3515.63   2.2466      36.2287   3443    	Dead: 0
48  3505      2.26427     36.5136   3434    	Dead: 0
49  3493.91   2.1137      34.0855   3425    	Dead: 0
50  3488.25   2.27768     36.7299   3425    	Dead: 0
51  3478.01   2.24852     36.2596   3414    	Dead: 0
52  3470.95   2.26259     36.4866   3396    	Dead: 0
53  3464.16   2.37292     38.2657   3396    	Dead: 0
54  3456.53   2.40925     38.8516   3389    	Dead: 0
55  3452.19   2.49183     40.1832   3389    	Dead: 0
56  3444.95   2.39689     38.6523   3374    	Dead: 0
57  3440.92   2.43107     39.2034   3374    	Dead: 0
58  3434.54   2.36018     38.0603   3374    	Dead: 0
59  3431.44   2.43272     39.2301   3372    	Dead: 0
60  3430.57   2.61859     42.2274   3368    	Dead: 0
61  3425.78   2.5988      41.9082   3366    	Dead: 0
62  3423.22   2.48637     40.0951   3366    	Dead: 0
63  3421.96   2.63686     42.522    3364    	Dead: 0
64  3418.95   2.57996     41.6045   3362    	Dead: 0
65  3416.99   2.65792     42.8616   3356    	Dead: 0
66  3416.73   2.65277     42.7786   3355    	Dead: 0
67  3410.88   2.48893     40.1364   3351    	Dead: 0
68  3410.54   2.56173     41.3105   3351    	Dead: 0
69  3407.14   2.59504     41.8476   3337    	Dead: 0
70  3403.31   2.62074     42.2621   3337    	Dead: 0
71  3399.44   2.54061     40.9698   3337    	Dead: 0
72  3396.02   2.61653     42.1942   3328    	Dead: 0
73  3395.2    2.68171     43.2452   3328    	Dead: 0
74  3386.47   2.58275     41.6494   3320    	Dead: 0
75  3385.28   2.64937     42.7238   3320    	Dead: 0
76  3381.41   2.66877     43.0366   3317    	Dead: 0
77  3377.12   2.59338     41.8209   3312    	Dead: 0
78  3374.15   2.59817     41.898    3312    	Dead: 0
79  3370.58   2.62719     42.3661   3305    	Dead: 0
80  3368.61   2.69817     43.5108   3301    	Dead: 0
81  3364.64   2.59662     41.873    3298    	Dead: 0
82  3361.98   2.69058     43.3882   3298    	Dead: 0
83  3356.87   2.56647     41.387    3294    	Dead: 0
84  3354.74   2.65107     42.7512   3286    	Dead: 0
85  3353.57   2.86075     46.1325   3270    	Dead: 0
86  3348.25   2.7573      44.4642   3270    	Dead: 0
87  3344.7    2.68958     43.3721   3270    	Dead: 0
88  3341.74   2.64062     42.5826   3270    	Dead: 0
89  3340.19   2.744       44.2498   3270    	Dead: 0
90  3336.96   2.66877     43.0366   3270    	Dead: 0
91  3336.6    2.74413     44.2519   3270    	Dead: 0
92  3335.6    2.88887     46.586    3270    	Dead: 0
93  3332.02   2.854       46.0236   3270    	Dead: 0
94  3330.23   2.80554     45.2421   3270    	Dead: 0
95  3329.78   2.88765     46.5663   3258    	Dead: 0
96  3324.76   2.75039     44.3527   3258    	Dead: 0
97  3326.26   3.00382     48.4396   3258    	Dead: 0
98  3321.9    2.85112     45.9771   3253    	Dead: 0
99  3321.06   2.90966     46.9212   3253    	Dead: 0
100 3319.49   2.92893     47.2319   3253    	Dead: 0
