0   4168.99   3.26602     52.6678   3988    	Dead: 0
1   4065.5    2.56801     41.4118   3943    	Dead: 0
2   4010.63   2.31255     37.2922   3860    	Dead: 0
3   3972.07   2.26292     36.4919   3860    	Dead: 0
4   3941.88   2.20938     35.6284   3848    	Dead: 0
5   3904.65   2.268       36.5737   3799    	Dead: 0
6   3862.22   2.07146     33.4044   3772    	Dead: 0
7   3838.14   1.94364     31.3431   3743    	Dead: 0
8   3824.62   1.94646     31.3886   3743    	Dead: 0
9   3815.49   2.11071     34.0373   3722    	Dead: 0
10  3806.26   2.0802      33.5453   3722    	Dead: 0
11  3800.02   2.17519     35.077    3716    	Dead: 0
12  3795.46   2.31706     37.3649   3689    	Dead: 0
13  3789.77   2.37228     38.2554   3689    	Dead: 0
14  3786.19   2.39735     38.6597   3689    	Dead: 0
15  3782.27   2.49736     40.2725   3684    	Dead: 0
16  3778.73   2.56452     41.3554   3684    	Dead: 0
17  3776.22   2.65475     42.8106   3684    	Dead: 0
18  3773.07   2.71488     43.7801   3684    	Dead: 0
19  3768.81   2.73715     44.1393   3681    	Dead: 0
20  3767.42   2.84968     45.954    3681    	Dead: 0
21  3764.16   2.91175     46.9549   3681    	Dead: 0
22  3761.13   2.88137     46.4649   3681    	Dead: 0
23  3758.98   2.95027     47.576    3680    	Dead: 0
24  3759.09   2.9957      48.3087   3676    	Dead: 0
25  3757.11   3.05372     49.2443   3676    	Dead: 0
26  3755.74   3.11746     50.2722   3674    	Dead: 0
27  3755.6    3.26068     52.5817   3672    	Dead: 0
28  3752.75   3.23752     52.2082   3666    	Dead: 0
29  3750.58   3.31029     53.3818   3666    	Dead: 0
30  3747.81   3.30579     53.3092   3660    	Dead: 0
31  3747.9    3.47498     56.0375   3656    	Dead: 0
32  3746.35   3.55993     57.4074   3656    	Dead: 0
33  3743.23   3.5116      56.628    3656    	Dead: 0
34  3742.53   3.59784     58.0187   3634    	Dead: 0
35  3740.87   3.64563     58.7894   3634    	Dead: 0
36  3736.86   3.62756     58.498    3634    	Dead: 0
37  3736.67   3.70267     59.7092   3631    	Dead: 0
38  3736.11   3.79789     61.2448   3631    	Dead: 0
39  3735.76   3.90175     62.9196   3631    	Dead: 0
40  3731.51   3.82829     61.7351   3631    	Dead: 0
41  3731.52   3.98391     64.2446   3631    	Dead: 0
42  3729.37   3.99697     64.4552   3631    	Dead: 0
43  3727.41   4.06011     65.4733   3617    	Dead: 0
44  3729.15   4.17206     67.2787   3617    	Dead: 0
45  3726.3    4.18322     67.4586   3617    	Dead: 0
46  3727.65   4.26095     68.712    3617    	Dead: 0
47  3723.8    4.30353     69.3987   3617    	Dead: 0
48  3725.24   4.37595     70.5665   3617    	Dead: 0
49  3718.35   4.33574     69.9182   3617    	Dead: 0
50  3719.78   4.52081     72.9025   3617    	Dead: 0
51  3717.26   4.40562     71.045    3617    	Dead: 0
52  3718.05   4.52003     72.89     3615    	Dead: 0
53  3717.78   4.54869     73.3522   3615    	Dead: 0
54  3717.02   4.67591     75.4037   3615    	Dead: 0
55  3712.95   4.62321     74.5539   3613    	Dead: 0
56  3715.68   4.75277     76.6431   3613    	Dead: 0
57  3712.74   4.59987     74.1775   3613    	Dead: 0
58  3714.05   4.7142      76.0212   3613    	Dead: 0
59  3710.07   4.7305      76.284    3608    	Dead: 0
60  3709.01   4.77778     77.0465   3607    	Dead: 0
61  3709.6    4.79091     77.2582   3607    	Dead: 0
62  3706.83   4.84214     78.0844   3607    	Dead: 0
63  3708.03   4.89922     79.0049   3607    	Dead: 0
64  3705.52   4.9219      79.3705   3595    	Dead: 0
65  3705      4.93663     79.6081   3574    	Dead: 0
66  3706.46   4.99586     80.5633   3574    	Dead: 0
67  3704.57   5.03867     81.2536   3574    	Dead: 0
68  3703.53   5.04237     81.3133   3574    	Dead: 0
69  3703.68   5.02878     81.0942   3574    	Dead: 0
70  3702.94   5.0525      81.4766   3574    	Dead: 0
71  3701.8    5.12715     82.6804   3574    	Dead: 0
72  3695.67   4.99783     80.595    3574    	Dead: 0
73  3699.94   5.14393     82.951    3574    	Dead: 0
74  3697.29   5.11934     82.5546   3574    	Dead: 0
75  3694.99   5.10923     82.3915   3574    	Dead: 0
76  3696.88   5.12385     82.6272   3565    	Dead: 0
77  3693.72   5.18412     83.5992   3565    	Dead: 0
78  3694.87   5.20815     83.9866   3565    	Dead: 0
79  3692.45   5.18243     83.5718   3565    	Dead: 0
80  3687.77   5.11608     82.5019   3565    	Dead: 0
81  3690.16   5.31392     85.6924   3565    	Dead: 0
82  3687.97   5.28765     85.2687   3565    	Dead: 0
83  3686.28   5.24356     84.5577   3565    	Dead: 0
84  3685.4    5.35241     86.3129   3565    	Dead: 0
85  3685.18   5.33364     86.0104   3560    	Dead: 0
86  3685.51   5.33683     86.0617   3560    	Dead: 0
87  3683.17   5.4334      87.6189   3560    	Dead: 0
88  3680.86   5.50836     88.8278   3560    	Dead: 0
89  3681.35   5.51134     88.8759   3560    	Dead: 0
90  3681.8    5.49989     88.6913   3560    	Dead: 0
91  3680.17   5.59112     90.1625   3560    	Dead: 0
92  3680.18   5.5442      89.4058   3560    	Dead: 0
93  3678.44   5.6028      90.3508   3560    	Dead: 0
94  3675.74   5.60209     90.3394   3560    	Dead: 0
95  3673.63   5.70487     91.9967   3560    	Dead: 0
96  3674.08   5.78197     93.2401   3555    	Dead: 0
97  3669.41   5.77789     93.1742   3555    	Dead: 0
98  3670.87   5.86741     94.6179   3555    	Dead: 0
99  3673.93   5.95198     95.9816   3555    	Dead: 0
100 3669.94   5.90106     95.1605   3555    	Dead: 0
