0   4167.74   3.29793     53.1825   4016    	Dead: 0
1   4064.35   2.68202     43.2502   3909    	Dead: 0
2   4004.03   2.42126     39.0452   3873    	Dead: 0
3   3956.56   2.21317     35.6896   3842    	Dead: 0
4   3923.89   2.22427     35.8686   3806    	Dead: 0
5   3900.79   2.20584     35.5713   3806    	Dead: 0
6   3883.39   2.23022     35.9646   3782    	Dead: 0
7   3866.51   2.20175     35.5054   3777    	Dead: 0
8   3853.82   2.22198     35.8316   3774    	Dead: 0
9   3842.37   2.30313     37.1403   3739    	Dead: 0
10  3831.8    2.39772     38.6657   3739    	Dead: 0
11  3822.22   2.35035     37.9018   3726    	Dead: 0
12  3811.06   2.43929     39.3361   3680    	Dead: 0
13  3802.66   2.43874     39.3272   3680    	Dead: 0
14  3793.48   2.56066     41.2932   3680    	Dead: 0
15  3783.51   2.60017     41.9303   3678    	Dead: 0
16  3774.47   2.68011     43.2195   3666    	Dead: 0
17  3767.91   2.79079     45.0042   3666    	Dead: 0
18  3761.83   2.82549     45.5639   3666    	Dead: 0
19  3756.34   2.96562     47.8236   3653    	Dead: 0
20  3749.24   3.05678     49.2937   3653    	Dead: 0
21  3744.64   3.07081     49.5198   3653    	Dead: 0
22  3737.94   3.06619     49.4454   3647    	Dead: 0
23  3735.17   3.17137     51.1415   3624    	Dead: 0
24  3731.06   3.26776     52.6958   3624    	Dead: 0
25  3729.53   3.41033     54.995    3624    	Dead: 0
26  3726.68   3.44899     55.6184   3621    	Dead: 0
27  3724.35   3.55031     57.2523   3621    	Dead: 0
28  3723.42   3.6968      59.6146   3617    	Dead: 0
29  3719.22   3.79733     61.2357   3617    	Dead: 0
30  3715.46   3.79872     61.2581   3610    	Dead: 0
31  3709.51   3.71476     59.9043   3598    	Dead: 0
32  3710.54   3.92706     63.3277   3598    	Dead: 0
33  3709.28   4.02447     64.8986   3598    	Dead: 0
34  3708.78   4.12224     66.4752   3595    	Dead: 0
35  3705.37   4.1962      67.668    3595    	Dead: 0
36  3703.7    4.33108     69.843    3595    	Dead: 0
37  3701      4.36054     70.318    3593    	Dead: 0
38  3698.34   4.43797     71.5667   3593    	Dead: 0
39  3696.31   4.49575     72.4985   3593    	Dead: 0
40  3694.06   4.477       72.1961   3573    	Dead: 0
41  3692.13   4.61856     74.4789   3573    	Dead: 0
42  3689.98   4.60591     74.2749   3573    	Dead: 0
43  3687.72   4.60046     74.187    3573    	Dead: 0
44  3686.52   4.69416     75.698    3573    	Dead: 0
45  3683.19   4.70508     75.874    3573    	Dead: 0
46  3681.71   4.76642     76.8633   3573    	Dead: 0
47  3678.4    4.8716      78.5595   3565    	Dead: 0
48  3674.16   4.75961     76.7535   3565    	Dead: 0
49  3671.82   4.77179     76.9499   3565    	Dead: 0
50  3674.9    4.98274     80.3517   3565    	Dead: 0
51  3667.95   4.98079     80.3202   3560    	Dead: 0
52  3662.03   4.94607     79.7603   3560    	Dead: 0
53  3660.82   4.96708     80.0991   3557    	Dead: 0
54  3660.11   4.9742      80.214    3556    	Dead: 0
55  3659.7    5.21481     84.094    3549    	Dead: 0
56  3656.48   5.09814     82.2126   3549    	Dead: 0
57  3654.47   5.16838     83.3454   3544    	Dead: 0
58  3654.46   5.27014     84.9863   3541    	Dead: 0
59  3650.96   5.22973     84.3346   3539    	Dead: 0
60  3649.01   5.3015      85.492    3535    	Dead: 0
61  3649.86   5.22181     84.2069   3535    	Dead: 0
62  3646.06   5.23149     84.363    3535    	Dead: 0
63  3639.63   5.10168     82.2697   3532    	Dead: 0
64  3639.2    5.25653     84.7668   3529    	Dead: 0
65  3641.12   5.35071     86.2855   3529    	Dead: 0
66  3641.92   5.41249     87.2818   3526    	Dead: 0
67  3637.9    5.46553     88.1372   3525    	Dead: 0
68  3635.63   5.43612     87.6629   3521    	Dead: 0
69  3639.4    5.53935     89.3275   3521    	Dead: 0
70  3635.03   5.61571     90.559    3507    	Dead: 0
71  3632.49   5.71721     92.1958   3507    	Dead: 0
72  3630.38   5.62509     90.7102   3507    	Dead: 0
73  3628.72   5.71686     92.1902   3507    	Dead: 0
74  3629.96   5.803       93.5792   3507    	Dead: 0
75  3624.11   5.80385     93.5929   3507    	Dead: 0
76  3620.59   5.87843     94.7955   3507    	Dead: 0
77  3620.59   5.96776     96.236    3507    	Dead: 0
78  3617.76   6.13213     98.8868   3506    	Dead: 0
79  3616.97   6.12486     98.7695   3504    	Dead: 0
80  3615.68   6.10157     98.3939   3497    	Dead: 0
81  3608.26   6.05834     97.6968   3494    	Dead: 0
82  3610.41   6.26446     101.021   3492    	Dead: 0
83  3610.11   6.32191     101.947   3492    	Dead: 0
84  3602.67   6.18913     99.8059   3491    	Dead: 0
85  3603.01   6.30938     101.745   3491    	Dead: 0
86  3604.68   6.3127      101.799   3491    	Dead: 0
87  3599.44   6.29574     101.525   3491    	Dead: 0
88  3598.33   6.28268     101.314   3475    	Dead: 0
89  3601.48   6.43823     103.823   3475    	Dead: 0
90  3602.11   6.4428      103.897   3475    	Dead: 0
91  3595.07   6.37284     102.768   3467    	Dead: 0
92  3592.47   6.47097     104.351   3467    	Dead: 0
93  3591.05   6.49516     104.741   3467    	Dead: 0
94  3589.22   6.60627     106.533   3465    	Dead: 0
95  3588.94   6.75845     108.987   3465    	Dead: 0
96  3589.92   6.77416     109.24    3464    	Dead: 0
97  3585.89   6.7333      108.581   3459    	Dead: 0
98  3583.08   6.74572     108.782   3457    	Dead: 0
99  3583.12   6.84836     110.437   3457    	Dead: 0
100 3580.43   6.85311     110.513   3457    	Dead: 0
