0   4171.35   3.33856     53.8376   4018    	Dead: 0
1   4067.02   2.59651     41.8713   3900    	Dead: 0
2   4003.16   2.4601      39.6716   3828    	Dead: 0
3   3947.05   2.17563     35.0843   3828    	Dead: 0
4   3911.23   1.94933     31.4349   3826    	Dead: 0
5   3889.67   2.04119     32.9163   3807    	Dead: 0
6   3870.11   2.01561     32.5038   3791    	Dead: 0
7   3855.72   2.15138     34.6932   3767    	Dead: 0
8   3842.72   2.08823     33.6748   3756    	Dead: 0
9   3830.87   2.11115     34.0445   3743    	Dead: 0
10  3820.76   2.19095     35.3312   3725    	Dead: 0
11  3811.24   2.09713     33.8183   3725    	Dead: 0
12  3803.45   2.15815     34.8023   3725    	Dead: 0
13  3797.4    2.33102     37.59     3710    	Dead: 0
14  3789.88   2.26618     36.5445   3710    	Dead: 0
15  3783.49   2.21075     35.6506   3707    	Dead: 0
16  3781.75   2.4042      38.7701   3705    	Dead: 0
17  3775.37   2.39468     38.6166   3702    	Dead: 0
18  3772.12   2.491       40.1699   3702    	Dead: 0
19  3766.87   2.48052     40.0009   3692    	Dead: 0
20  3764.91   2.6662      42.9952   3692    	Dead: 0
21  3760.98   2.62279     42.295    3687    	Dead: 0
22  3759.73   2.7904      44.998    3686    	Dead: 0
23  3755.89   2.76465     44.5828   3674    	Dead: 0
24  3753.47   2.89052     46.6126   3670    	Dead: 0
25  3749.58   2.969       47.8782   3644    	Dead: 0
26  3744.61   3.11911     50.2988   3633    	Dead: 0
27  3742.4    3.31771     53.5013   3633    	Dead: 0
28  3734.8    3.37547     54.4328   3626    	Dead: 0
29  3726.32   3.54528     57.1712   3609    	Dead: 0
30  3720.53   3.61135     58.2366   3609    	Dead: 0
31  3715.15   3.83417     61.8298   3609    	Dead: 0
32  3706.06   3.83297     61.8105   3609    	Dead: 0
33  3700.97   3.97662     64.1269   3606    	Dead: 0
34  3693.43   3.95502     63.7787   3606    	Dead: 0
35  3687.98   4.02397     64.8906   3598    	Dead: 0
36  3688.18   4.22253     68.0925   3598    	Dead: 0
37  3686.95   4.32305     69.7135   3597    	Dead: 0
38  3680.43   4.26803     68.8263   3597    	Dead: 0
39  3676.36   4.22604     68.1491   3597    	Dead: 0
40  3674.59   4.30013     69.3439   3589    	Dead: 0
41  3675.05   4.51837     72.8632   3588    	Dead: 0
42  3671.86   4.39974     70.9502   3583    	Dead: 0
43  3666.66   4.36577     70.4024   3581    	Dead: 0
44  3667.82   4.5057      72.6589   3581    	Dead: 0
45  3666.98   4.59521     74.1024   3579    	Dead: 0
46  3665.07   4.68277     75.5143   3579    	Dead: 0
47  3660.8    4.59954     74.1722   3576    	Dead: 0
48  3658.03   4.54982     73.3704   3576    	Dead: 0
49  3658.24   4.61468     74.4164   3573    	Dead: 0
50  3655.84   4.71473     76.0298   3569    	Dead: 0
51  3657.04   4.8005      77.4129   3563    	Dead: 0
52  3654.96   4.78594     77.1781   3563    	Dead: 0
53  3652.17   4.75177     76.6271   3561    	Dead: 0
54  3655.75   4.95249     79.8639   3561    	Dead: 0
55  3655.93   5.08165     81.9466   3556    	Dead: 0
56  3650.07   4.94828     79.796    3556    	Dead: 0
57  3649.13   5.06634     81.6999   3556    	Dead: 0
58  3649.34   5.02927     81.1019   3556    	Dead: 0
59  3647.62   5.02381     81.014    3556    	Dead: 0
60  3645.44   4.96438     80.0556   3556    	Dead: 0
61  3646.84   5.07852     81.8962   3556    	Dead: 0
62  3643.93   5.08095     81.9354   3551    	Dead: 0
63  3641.07   5.15225     83.0852   3551    	Dead: 0
64  3636.1    4.96292     80.032    3533    	Dead: 0
65  3641.27   5.2519      84.6922   3533    	Dead: 0
66  3642.33   5.30352     85.5246   3532    	Dead: 0
67  3639.89   5.21031     84.0215   3532    	Dead: 0
68  3638.88   5.20511     83.9376   3532    	Dead: 0
69  3638.97   5.35115     86.2926   3532    	Dead: 0
70  3638.7    5.35841     86.4097   3532    	Dead: 0
71  3634.6    5.23894     84.4832   3532    	Dead: 0
72  3636.24   5.40093     87.0954   3532    	Dead: 0
73  3633.47   5.34149     86.1369   3532    	Dead: 0
74  3630.99   5.41462     87.3162   3523    	Dead: 0
75  3633.99   5.57786     89.9486   3523    	Dead: 0
76  3631.11   5.50084     88.7066   3523    	Dead: 0
77  3624.38   5.41537     87.3282   3523    	Dead: 0
78  3626.25   5.53315     89.2276   3521    	Dead: 0
79  3622.15   5.53528     89.2619   3521    	Dead: 0
80  3619.82   5.60303     90.3545   3520    	Dead: 0
81  3616.32   5.59137     90.1665   3520    	Dead: 0
82  3611.16   5.52101     89.0318   3515    	Dead: 0
83  3602.5    5.4463      87.827    3515    	Dead: 0
84  3601.46   5.41437     87.3121   3514    	Dead: 0
85  3598.12   5.55308     89.5489   3514    	Dead: 0
86  3592.82   5.29018     85.3095   3514    	Dead: 0
87  3594.71   5.52771     89.1399   3505    	Dead: 0
88  3585.69   5.20716     83.9707   3500    	Dead: 0
89  3588.83   5.38098     86.7737   3500    	Dead: 0
90  3582.53   5.01366     80.8503   3500    	Dead: 0
91  3578.22   4.94472     79.7386   3500    	Dead: 0
92  3582.14   5.31704     85.7425   3500    	Dead: 0
93  3578.47   5.20564     83.9461   3499    	Dead: 0
94  3575.84   5.33883     86.0939   3499    	Dead: 0
95  3573.96   5.21991     84.1763   3499    	Dead: 0
96  3575.06   5.35451     86.3468   3499    	Dead: 0
97  3575.84   5.41524     87.3261   3499    	Dead: 0
98  3572.67   5.27808     85.1143   3496    	Dead: 0
99  3572.27   5.42879     87.5447   3494    	Dead: 0
100 3572.94   5.53034     89.1822   3494    	Dead: 0
