0   5899.82   4.24173     68.4022   5683    	Dead: 0
1   5742.01   3.49185     56.3096   5572    	Dead: 0
2   5615.31   3.43234     55.3499   5431    	Dead: 0
3   5499.46   3.02401     48.7652   5362    	Dead: 0
4   5402.61   2.76807     44.638    5231    	Dead: 0
5   5319.21   2.69233     43.4165   5175    	Dead: 0
6   5244.95   2.39555     38.6307   5100    	Dead: 0
7   5186.63   2.42059     39.0344   5045    	Dead: 0
8   5130.69   2.35878     38.0377   5035    	Dead: 0
9   5082.34   2.45808     39.639    4977    	Dead: 0
10  5028.76   2.38681     38.4897   4919    	Dead: 0
11  4990.28   2.27561     36.6965   4887    	Dead: 0
12  4953.59   2.20672     35.5856   4830    	Dead: 0
13  4917.38   2.28697     36.8797   4778    	Dead: 0
14  4877.96   2.35994     38.0563   4766    	Dead: 0
15  4834.19   2.33973     37.7304   4732    	Dead: 0
16  4800.32   2.31414     37.3178   4700    	Dead: 0
17  4757.18   2.39184     38.5709   4625    	Dead: 0
18  4721.04   2.30384     37.1517   4595    	Dead: 0
19  4688.91   2.26841     36.5804   4567    	Dead: 0
20  4659.71   2.25458     36.3573   4567    	Dead: 0
21  4631      2.23657     36.067    4536    	Dead: 0
22  4595.67   2.33039     37.5798   4459    	Dead: 0
23  4558.27   2.1408      34.5226   4426    	Dead: 0
24  4524.74   2.30873     37.2306   4426    	Dead: 0
25  4493.93   2.26091     36.4595   4390    	Dead: 0
26  4461.36   2.31165     37.2776   4341    	Dead: 0
27  4427.89   2.18047     35.1623   4333    	Dead: 0
28  4396.66   2.23015     35.9634   4302    	Dead: 0
29  4370.21   2.17655     35.0991   4268    	Dead: 0
30  4343.7    2.10263     33.907    4238    	Dead: 0
31  4313.91   2.05642     33.1619   4217    	Dead: 0
32  4286.42   2.01635     32.5157   4205    	Dead: 0
33  4265.79   2.04098     32.9129   4179    	Dead: 0
34  4242.05   1.91901     30.946    4171    	Dead: 0
35  4224      1.96538     31.6937   4147    	Dead: 0
36  4206.14   1.85274     29.8773   4136    	Dead: 0
37  4192.18   1.9115      30.8249   4115    	Dead: 0
38  4180.78   1.91943     30.9527   4115    	Dead: 0
39  4172.31   2.09314     33.7539   4110    	Dead: 0
40  4160.17   2.00114     32.2705   4063    	Dead: 0
41  4149.23   2.04629     32.9985   4063    	Dead: 0
42  4136.27   2.02827     32.7078   4042    	Dead: 0
43  4126.37   2.15038     34.6771   4031    	Dead: 0
44  4115.49   2.13497     34.4286   4031    	Dead: 0
45  4105.69   2.11899     34.1708   4031    	Dead: 0
46  4096.2    2.18604     35.252    4006    	Dead: 0
47  4085.41   2.26494     36.5245   3996    	Dead: 0
48  4072.3    2.27271     36.6498   3977    	Dead: 0
49  4060.3    2.2659      36.5398   3967    	Dead: 0
50  4049.3    2.30756     37.2117   3967    	Dead: 0
51  4041.3    2.44258     39.3891   3967    	Dead: 0
52  4032.97   2.45206     39.542    3957    	Dead: 0
53  4023      2.4173      38.9813   3946    	Dead: 0
54  4014.13   2.44665     39.4547   3935    	Dead: 0
55  4002.16   2.40403     38.7674   3899    	Dead: 0
56  3990.3    2.46217     39.705    3893    	Dead: 0
57  3982      2.44188     39.3777   3893    	Dead: 0
58  3966.59   2.28434     36.8373   3873    	Dead: 0
59  3955.26   2.22972     35.9564   3872    	Dead: 0
60  3945.08   2.19036     35.3217   3864    	Dead: 0
61  3938.17   2.25933     36.434    3864    	Dead: 0
62  3933.61   2.34021     37.7383   3853    	Dead: 0
63  3924.26   2.43749     39.307    3835    	Dead: 0
64  3915.42   2.5196      40.6311   3835    	Dead: 0
65  3905.68   2.40025     38.7065   3823    	Dead: 0
66  3897.67   2.44024     39.3513   3811    	Dead: 0
67  3888.42   2.46147     39.6936   3790    	Dead: 0
68  3877.18   2.40519     38.7861   3790    	Dead: 0
69  3867.8    2.3443      37.8042   3790    	Dead: 0
70  3860.36   2.43486     39.2646   3775    	Dead: 0
71  3852.95   2.44449     39.4199   3775    	Dead: 0
72  3846.49   2.5856      41.6953   3760    	Dead: 0
73  3838.7    2.56399     41.347    3757    	Dead: 0
74  3831.26   2.51592     40.5717   3757    	Dead: 0
75  3823.71   2.57451     41.5166   3724    	Dead: 0
76  3816.06   2.5279      40.765    3724    	Dead: 0
77  3809.41   2.5889      41.7487   3720    	Dead: 0
78  3799.04   2.52154     40.6623   3720    	Dead: 0
79  3793.91   2.64772     42.6971   3712    	Dead: 0
80  3786.55   2.68104     43.2344   3712    	Dead: 0
81  3778.74   2.47304     39.8802   3707    	Dead: 0
82  3773.52   2.5647      41.3584   3700    	Dead: 0
83  3766.04   2.53828     40.9323   3689    	Dead: 0
84  3758.8    2.62477     42.3271   3675    	Dead: 0
85  3752.5    2.67957     43.2108   3666    	Dead: 0
86  3745.69   2.61708     42.2031   3666    	Dead: 0
87  3734.64   2.51072     40.4879   3651    	Dead: 0
88  3727.84   2.68171     43.2453   3637    	Dead: 0
89  3719.32   2.63884     42.5539   3627    	Dead: 0
90  3714.33   2.76974     44.6649   3627    	Dead: 0
91  3708.8    2.7784      44.8045   3625    	Dead: 0
92  3700.31   2.5467      41.0681   3625    	Dead: 0
93  3697.28   2.61454     42.162    3618    	Dead: 0
94  3693.05   2.63498     42.4917   3589    	Dead: 0
95  3690.66   2.80761     45.2755   3589    	Dead: 0
96  3686.37   2.71445     43.7732   3589    	Dead: 0
97  3682.79   2.72092     43.8775   3589    	Dead: 0
98  3679.38   2.80328     45.2058   3589    	Dead: 0
99  3676.93   2.797       45.1045   3589    	Dead: 0
100 3674.64   2.75517     44.4299   3589    	Dead: 0
