0   5906.38   4.17401     67.3101   5693    	Dead: 0
1   5737.15   3.81909     61.5866   5550    	Dead: 0
2   5592.16   3.54471     57.162    5429    	Dead: 0
3   5474.48   2.9487      47.5507   5304    	Dead: 0
4   5378.7    2.86517     46.2037   5235    	Dead: 0
5   5296.92   2.87193     46.3127   5160    	Dead: 0
6   5210.21   2.65266     42.7768   5046    	Dead: 0
7   5119.27   2.87466     46.3568   4988    	Dead: 0
8   5032.02   2.50456     40.3885   4888    	Dead: 0
9   4967.93   2.49144     40.1769   4820    	Dead: 0
10  4907.16   2.38988     38.5392   4801    	Dead: 0
11  4856.64   2.00113     32.2703   4762    	Dead: 0
12  4814.44   1.98433     31.9993   4709    	Dead: 0
13  4769.44   2.12272     34.2309   4669    	Dead: 0
14  4735.09   2.092       33.7356   4612    	Dead: 0
15  4702.17   2.04002     32.8973   4583    	Dead: 0
16  4672.31   1.92752     31.0832   4583    	Dead: 0
17  4648.78   1.97688     31.8791   4565    	Dead: 0
18  4622.79   1.9868      32.0392   4533    	Dead: 0
19  4593.1    2.01244     32.4526   4492    	Dead: 0
20  4560.49   1.94391     31.3476   4463    	Dead: 0
21  4530.53   1.94597     31.3807   4446    	Dead: 0
22  4502.49   2.00233     32.2896   4402    	Dead: 0
23  4472.69   2.04749     33.0178   4374    	Dead: 0
24  4443.09   1.99613     32.1896   4335    	Dead: 0
25  4409.07   1.94169     31.3117   4292    	Dead: 0
26  4381.53   1.90239     30.6779   4279    	Dead: 0
27  4358.62   1.91755     30.9223   4251    	Dead: 0
28  4339.05   1.86186     30.0244   4251    	Dead: 0
29  4323.95   1.95718     31.5615   4220    	Dead: 0
30  4307.01   2.03821     32.8682   4210    	Dead: 0
31  4285.88   1.96036     31.6128   4203    	Dead: 0
32  4269.28   1.86076     30.0067   4197    	Dead: 0
33  4253.93   1.80916     29.1745   4180    	Dead: 0
34  4239.06   1.914       30.8652   4165    	Dead: 0
35  4222.35   1.8507      29.8443   4140    	Dead: 0
36  4210.66   1.94393     31.3478   4118    	Dead: 0
37  4194.63   1.98757     32.0515   4109    	Dead: 0
38  4182.14   1.99095     32.106    4104    	Dead: 0
39  4171.73   2.0113      32.4342   4070    	Dead: 0
40  4162.25   2.08979     33.7      4070    	Dead: 0
41  4152.2    2.17599     35.09     4065    	Dead: 0
42  4141.52   2.06593     33.3152   4065    	Dead: 0
43  4134.42   2.14322     34.5616   4045    	Dead: 0
44  4124.97   2.11897     34.1705   4045    	Dead: 0
45  4117.77   2.12316     34.2381   4045    	Dead: 0
46  4109.73   2.15319     34.7224   4010    	Dead: 0
47  4102.49   2.22076     35.8119   4004    	Dead: 0
48  4092.75   2.2055      35.5659   4004    	Dead: 0
49  4080.6    2.20258     35.5189   4002    	Dead: 0
50  4072.6    2.24361     36.1804   3979    	Dead: 0
51  4063.91   2.15174     34.699    3979    	Dead: 0
52  4056.59   2.21554     35.7278   3979    	Dead: 0
53  4049.7    2.1636      34.8902   3979    	Dead: 0
54  4042.26   2.08832     33.6762   3975    	Dead: 0
55  4035.37   2.12646     34.2913   3961    	Dead: 0
56  4025.58   2.11024     34.0297   3950    	Dead: 0
57  4017.39   2.05907     33.2046   3947    	Dead: 0
58  4010.99   2.0753      33.4663   3947    	Dead: 0
59  4004.88   2.11795     34.154    3921    	Dead: 0
60  3992.21   1.94465     31.3595   3921    	Dead: 0
61  3986.64   1.96934     31.7575   3920    	Dead: 0
62  3979.38   2.06659     33.3259   3891    	Dead: 0
63  3971.16   2.04166     32.9238   3891    	Dead: 0
64  3963.9    2.05591     33.1535   3891    	Dead: 0
65  3955.36   2.06863     33.3588   3885    	Dead: 0
66  3945.44   2.12141     34.2098   3870    	Dead: 0
67  3936.16   2.12277     34.2317   3849    	Dead: 0
68  3926.29   2.0345      32.8083   3849    	Dead: 0
69  3918.14   2.19141     35.3387   3849    	Dead: 0
70  3905.82   2.00987     32.4111   3834    	Dead: 0
71  3897.34   2.03591     32.8312   3809    	Dead: 0
72  3887.78   2.00011     32.2537   3805    	Dead: 0
73  3880.15   2.04816     33.0287   3797    	Dead: 0
74  3872.03   2.0869      33.6534   3782    	Dead: 0
75  3862.92   2.11149     34.0498   3782    	Dead: 0
76  3854.36   2.05371     33.1182   3771    	Dead: 0
77  3846.5    2.02523     32.6589   3771    	Dead: 0
78  3841.31   2.15869     34.8111   3771    	Dead: 0
79  3835.72   2.14413     34.5763   3764    	Dead: 0
80  3830.99   2.21143     35.6614   3758    	Dead: 0
81  3825.71   2.2121      35.6723   3754    	Dead: 0
82  3821.71   2.18223     35.1907   3753    	Dead: 0
83  3815.41   2.12624     34.2878   3724    	Dead: 0
84  3810.64   2.2452      36.2061   3724    	Dead: 0
85  3804.79   2.22689     35.9108   3712    	Dead: 0
86  3798.35   2.17566     35.0847   3712    	Dead: 0
87  3790.09   2.09635     33.8057   3691    	Dead: 0
88  3782.76   2.0933      33.7566   3691    	Dead: 0
89  3775.38   2.18463     35.2294   3691    	Dead: 0
90  3767.34   2.15258     34.7124   3689    	Dead: 0
91  3757.13   2.15129     34.6916   3680    	Dead: 0
92  3745.29   2.1195      34.1791   3671    	Dead: 0
93  3734.24   2.16828     34.9657   3665    	Dead: 0
94  3724.48   2.20256     35.5184   3645    	Dead: 0
95  3717.41   2.23588     36.0559   3640    	Dead: 0
96  3711.57   2.25524     36.368    3640    	Dead: 0
97  3707.83   2.35851     38.0333   3633    	Dead: 0
98  3702.01   2.31691     37.3625   3633    	Dead: 0
99  3698.26   2.35381     37.9575   3630    	Dead: 0
100 3692.09   2.35283     37.9418   3614    	Dead: 0
