0   5897.73   4.33878     69.9672   5613    	Dead: 0
1   5732.87   3.64089     58.713    5582    	Dead: 0
2   5596.23   3.36616     54.2826   5434    	Dead: 0
3   5467.33   3.40142     54.8513   5289    	Dead: 0
4   5347.26   3.03831     48.9958   5163    	Dead: 0
5   5244.31   2.62981     42.4082   5071    	Dead: 0
6   5167.06   2.38597     38.4762   5071    	Dead: 0
7   5110.47   2.23574     36.0536   5009    	Dead: 0
8   5057.44   2.21228     35.6752   4947    	Dead: 0
9   4997.97   2.17751     35.1145   4880    	Dead: 0
10  4942.32   2.31302     37.2998   4803    	Dead: 0
11  4882.41   2.32717     37.5279   4756    	Dead: 0
12  4824.42   2.16058     34.8416   4710    	Dead: 0
13  4773.55   2.25933     36.434    4666    	Dead: 0
14  4732.6    1.95899     31.5907   4647    	Dead: 0
15  4699.22   2.04179     32.9259   4609    	Dead: 0
16  4663.36   2.06087     33.2336   4562    	Dead: 0
17  4630.59   1.98075     31.9416   4553    	Dead: 0
18  4600.31   1.97703     31.8816   4498    	Dead: 0
19  4569.83   1.99197     32.1225   4470    	Dead: 0
20  4540.4    2.00023     32.2557   4448    	Dead: 0
21  4517.21   1.96733     31.7252   4429    	Dead: 0
22  4499.98   2.01905     32.5592   4412    	Dead: 0
23  4482.9    2.12137     34.2093   4406    	Dead: 0
24  4461.69   2.00204     32.2849   4367    	Dead: 0
25  4442.95   1.95961     31.6007   4365    	Dead: 0
26  4426.36   1.95457     31.5193   4337    	Dead: 0
27  4407.6    2.07128     33.4014   4330    	Dead: 0
28  4384.36   1.95049     31.4537   4286    	Dead: 0
29  4361.97   1.9587      31.5861   4284    	Dead: 0
30  4346.25   2.00057     32.2612   4262    	Dead: 0
31  4328.89   2.01724     32.53     4219    	Dead: 0
32  4312.8    2.0313      32.7568   4219    	Dead: 0
33  4292      1.99366     32.1497   4208    	Dead: 0
34  4275.28   1.94401     31.349    4201    	Dead: 0
35  4258.27   1.95452     31.5186   4174    	Dead: 0
36  4243.42   1.91134     30.8223   4145    	Dead: 0
37  4227.09   1.97229     31.8052   4125    	Dead: 0
38  4208.61   1.82849     29.4863   4125    	Dead: 0
39  4193.33   1.82595     29.4453   4113    	Dead: 0
40  4182.69   1.8453      29.7572   4113    	Dead: 0
41  4170.36   1.8789      30.2991   4096    	Dead: 0
42  4159.39   1.93076     31.1355   4086    	Dead: 0
43  4148.58   1.87063     30.1658   4082    	Dead: 0
44  4141.05   1.89943     30.6302   4061    	Dead: 0
45  4131.38   1.87016     30.1583   4061    	Dead: 0
46  4121.89   1.96612     31.7057   4034    	Dead: 0
47  4111.98   2.01874     32.5542   4028    	Dead: 0
48  4104.08   2.07952     33.5343   4028    	Dead: 0
49  4094.25   2.0181      32.5439   4024    	Dead: 0
50  4087.39   2.04259     32.9387   4012    	Dead: 0
51  4078.87   2.05989     33.2178   4011    	Dead: 0
52  4070.27   2.04377     32.9578   3997    	Dead: 0
53  4059.61   2.08519     33.6257   3980    	Dead: 0
54  4045.76   2.15509     34.753    3939    	Dead: 0
55  4032.93   2.07653     33.4862   3910    	Dead: 0
56  4018.11   2.19281     35.3613   3910    	Dead: 0
57  4000.21   2.04074     32.909    3910    	Dead: 0
58  3985.6    2.06654     33.3251   3902    	Dead: 0
59  3974.25   2.10233     33.9021   3891    	Dead: 0
60  3963.38   2.09199     33.7354   3889    	Dead: 0
61  3955.35   2.21306     35.6878   3884    	Dead: 0
62  3946.93   2.21641     35.7419   3862    	Dead: 0
63  3940.26   2.18344     35.2102   3847    	Dead: 0
64  3935.42   2.23296     36.0087   3847    	Dead: 0
65  3928.24   2.21704     35.752    3847    	Dead: 0
66  3919.75   2.25158     36.309    3846    	Dead: 0
67  3911.56   2.21628     35.7397   3829    	Dead: 0
68  3905.96   2.29969     37.0848   3824    	Dead: 0
69  3899.33   2.26599     36.5414   3822    	Dead: 0
70  3895.64   2.35964     38.0515   3807    	Dead: 0
71  3888.68   2.27896     36.7505   3779    	Dead: 0
72  3882.57   2.25187     36.3137   3779    	Dead: 0
73  3878.26   2.32704     37.5259   3779    	Dead: 0
74  3873.93   2.41595     38.9596   3779    	Dead: 0
75  3866.92   2.36055     38.0662   3779    	Dead: 0
76  3862.56   2.29315     36.9794   3776    	Dead: 0
77  3856.25   2.27623     36.7064   3776    	Dead: 0
78  3854.53   2.36242     38.0963   3776    	Dead: 0
79  3847.13   2.30441     37.1609   3776    	Dead: 0
80  3842.76   2.32987     37.5716   3770    	Dead: 0
81  3840.45   2.42134     39.0466   3769    	Dead: 0
82  3836.44   2.40038     38.7086   3769    	Dead: 0
83  3833.11   2.32491     37.4915   3758    	Dead: 0
84  3829.19   2.28747     36.8877   3758    	Dead: 0
85  3827.02   2.45458     39.5826   3730    	Dead: 0
86  3822.6    2.44284     39.3933   3730    	Dead: 0
87  3817.34   2.34561     37.8253   3730    	Dead: 0
88  3814.12   2.36302     38.1061   3730    	Dead: 0
89  3809.86   2.51255     40.5173   3710    	Dead: 0
90  3805.77   2.46688     39.7809   3710    	Dead: 0
91  3800.15   2.33635     37.6761   3710    	Dead: 0
92  3798.99   2.48253     40.0332   3710    	Dead: 0
93  3795.41   2.46379     39.7311   3710    	Dead: 0
94  3791.65   2.55187     41.1514   3702    	Dead: 0
95  3787.01   2.47616     39.9305   3702    	Dead: 0
96  3782.38   2.52384     40.6994   3702    	Dead: 0
97  3776.43   2.56195     41.3139   3700    	Dead: 0
98  3769.84   2.51213     40.5106   3685    	Dead: 0
99  3766.18   2.54841     41.0956   3685    	Dead: 0
100 3761.06   2.49147     40.1774   3682    	Dead: 0
