0   38.8741   0.0960728   1.54927   34.1541 	Dead: 0
1   37.8739   0.0902219   1.45492   33.8824 	Dead: 0
2   37.0059   0.0845419   1.36332   33.8824 	Dead: 0
3   36.2682   0.0750615   1.21044   33.1082 	Dead: 0
4   35.5945   0.0681948   1.09971   33.0793 	Dead: 0
5   35.0983   0.0671661   1.08312   32.3831 	Dead: 0
6   34.6343   0.0608354   0.981032  32.2061 	Dead: 0
7   34.2127   0.0590421   0.952112  31.4311 	Dead: 0
8   33.9162   0.0571496   0.921594  30.7301 	Dead: 0
9   33.6266   0.0550681   0.888027  30.73   	Dead: 0
10  33.4154   0.0574511   0.926456  30.73   	Dead: 0
11  33.1542   0.0562473   0.907044  30.73   	Dead: 0
12  32.9374   0.0542307   0.874524  30.73   	Dead: 0
13  32.7761   0.0553392   0.8924    30.73   	Dead: 0
14  32.5667   0.05474     0.882738  30.5395 	Dead: 0
15  32.3623   0.0513599   0.828229  30.0364 	Dead: 0
16  32.208    0.0521593   0.841121  30.0364 	Dead: 0
17  32.0397   0.0518472   0.836089  29.5662 	Dead: 0
18  31.8404   0.0531571   0.857212  29.5662 	Dead: 0
19  31.6179   0.0533087   0.859656  29.0378 	Dead: 0
20  31.4267   0.0509065   0.820918  29.0378 	Dead: 0
21  31.2259   0.0515452   0.831218  28.9661 	Dead: 0
22  30.9721   0.0504816   0.814067  28.5729 	Dead: 0
23  30.707    0.0510295   0.822902  28.1754 	Dead: 0
24  30.5021   0.0523205   0.84372   28.1754 	Dead: 0
25  30.2893   0.0512255   0.826062  28.1754 	Dead: 0
26  30.0764   0.0496202   0.800176  28.1754 	Dead: 0
27  29.8817   0.0479691   0.77355   28.0803 	Dead: 0
28  29.7122   0.0502908   0.810989  27.7005 	Dead: 0
29  29.4996   0.0479288   0.772899  27.3746 	Dead: 0
30  29.3334   0.047203    0.761196  27.1709 	Dead: 0
31  29.2041   0.0487372   0.785937  27.1709 	Dead: 0
32  28.9982   0.0469245   0.756705  27.0404 	Dead: 0
33  28.8352   0.0467243   0.753477  27.0404 	Dead: 0
34  28.668    0.0444665   0.717066  26.7716 	Dead: 0
35  28.5374   0.0452977   0.730471  26.7716 	Dead: 0
36  28.4476   0.0472142   0.761377  26.7124 	Dead: 0
37  28.3201   0.0482453   0.778004  26.7124 	Dead: 0
38  28.175    0.0463233   0.747009  26.2923 	Dead: 0
39  28.063    0.0448195   0.72276   26.2923 	Dead: 0
40  27.967    0.0451574   0.728208  26.0635 	Dead: 0
41  27.9092   0.0479274   0.772877  25.7459 	Dead: 0
42  27.809    0.0478278   0.771272  25.7459 	Dead: 0
43  27.7017   0.045869    0.739684  25.1933 	Dead: 0
44  27.5773   0.0446534   0.720081  25.1933 	Dead: 0
45  27.4804   0.0470086   0.75806   25.1933 	Dead: 0
46  27.3009   0.0456126   0.735548  25.1933 	Dead: 0
47  27.1457   0.0455601   0.734702  25.1933 	Dead: 0
48  26.943    0.0444592   0.716949  24.5993 	Dead: 0
49  26.7553   0.0430752   0.694631  24.5993 	Dead: 0
50  26.5878   0.0417934   0.67396   24.5491 	Dead: 0
51  26.4759   0.043672    0.704255  24.5491 	Dead: 0
52  26.3201   0.0420788   0.678562  24.5491 	Dead: 0
53  26.2177   0.045735    0.737523  24.2006 	Dead: 0
54  26.1019   0.0459349   0.740745  23.7654 	Dead: 0
55  25.9472   0.0433428   0.698946  23.7654 	Dead: 0
56  25.8127   0.041497    0.66918   23.7654 	Dead: 0
57  25.7163   0.0431615   0.696022  23.5899 	Dead: 0
58  25.6033   0.0423246   0.682527  23.5899 	Dead: 0
59  25.4746   0.0447642   0.721868  23.5899 	Dead: 0
60  25.344    0.0445406   0.718262  23.2972 	Dead: 0
61  25.2001   0.0430411   0.694082  23.2972 	Dead: 0
62  25.0884   0.0438333   0.706856  22.4466 	Dead: 0
63  24.9814   0.0445359   0.718186  22.4466 	Dead: 0
64  24.864    0.0462218   0.745373  22.4466 	Dead: 0
65  24.7428   0.0481671   0.776742  22.2824 	Dead: 0
66  24.6401   0.0478875   0.772234  22.2824 	Dead: 0
67  24.536    0.0481042   0.775729  22.2824 	Dead: 0
68  24.4269   0.0482734   0.778457  21.7666 	Dead: 0
69  24.3202   0.0491686   0.792893  21.7666 	Dead: 0
70  24.2513   0.0514524   0.829722  21.7666 	Dead: 0
71  24.125    0.0525734   0.847799  21.7666 	Dead: 0
72  23.9624   0.0509133   0.821028  21.7666 	Dead: 0
73  23.8874   0.0555505   0.895808  21.5581 	Dead: 0
74  23.7434   0.0560143   0.903286  20.6036 	Dead: 0
75  23.5792   0.0544458   0.877993  20.6036 	Dead: 0
76  23.4665   0.0556348   0.897167  20.6036 	Dead: 0
77  23.3378   0.0553822   0.893093  20.6036 	Dead: 0
78  23.1825   0.0575777   0.928498  20.6036 	Dead: 0
79  23.0601   0.0588107   0.948381  20.3568 	Dead: 0
80  22.9362   0.0588911   0.949679  20.3568 	Dead: 0
81  22.7635   0.0602677   0.971877  19.9127 	Dead: 0
82  22.5885   0.0605957   0.977166  19.9127 	Dead: 0
83  22.4326   0.0641049   1.03376   19.8526 	Dead: 0
84  22.2215   0.064358    1.03784   19.4229 	Dead: 0
85  21.9731   0.0642626   1.0363    18.833  	Dead: 0
86  21.7509   0.0656491   1.05866   18.2607 	Dead: 0
87  21.436    0.0670493   1.08124   18.103  	Dead: 0
88  21.1316   0.0672756   1.08489   17.9793 	Dead: 0
89  20.838    0.0643795   1.03818   17.8295 	Dead: 0
90  20.6076   0.0672585   1.08461   17.5994 	Dead: 0
91  20.4141   0.0662545   1.06842   17.5391 	Dead: 0
92  20.2449   0.0689449   1.1118    17.4008 	Dead: 0
93  20.0521   0.0669062   1.07893   17.4008 	Dead: 0
94  19.8871   0.0663206   1.06949   17.4008 	Dead: 0
95  19.742    0.0649586   1.04752   17.4008 	Dead: 0
96  19.6417   0.0636627   1.02662   17.4008 	Dead: 0
97  19.5488   0.0655423   1.05693   16.985  	Dead: 0
98  19.4057   0.0634968   1.02395   16.985  	Dead: 0
99  19.3897   0.0709382   1.14395   16.4513 	Dead: 0
100 19.2398   0.0683697   1.10253   15.8678 	Dead: 0
