0   37.4286   0.0954027   1.53846   32.2145 	Dead: 0
1   36.2997   0.0873112   1.40798   32.2145 	Dead: 0
2   35.4694   0.0844441   1.36175   31.8051 	Dead: 0
3   34.6561   0.0758691   1.22347   30.8074 	Dead: 0
4   34.0375   0.0723831   1.16725   30.8074 	Dead: 0
5   33.4352   0.0673117   1.08547   30.454  	Dead: 0
6   32.9619   0.0616674   0.994449  30.3209 	Dead: 0
7   32.5522   0.0583781   0.941405  29.0659 	Dead: 0
8   32.1896   0.0562583   0.907221  29.0659 	Dead: 0
9   31.8455   0.0554665   0.894453  29.0659 	Dead: 0
10  31.5788   0.0543435   0.876344  28.6801 	Dead: 0
11  31.3558   0.0564082   0.909638  28.6801 	Dead: 0
12  31.107    0.0529035   0.853122  28.6801 	Dead: 0
13  30.9082   0.0531214   0.856635  28.6801 	Dead: 0
14  30.6899   0.0546126   0.880683  28.4293 	Dead: 0
15  30.5057   0.0527723   0.851006  28.4293 	Dead: 0
16  30.3278   0.0526957   0.849771  28.1497 	Dead: 0
17  30.1781   0.0512725   0.82682   27.5903 	Dead: 0
18  30.0794   0.0556165   0.896871  27.5903 	Dead: 0
19  29.9005   0.0534335   0.861668  27.5903 	Dead: 0
20  29.7373   0.0529851   0.854438  27.5903 	Dead: 0
21  29.6188   0.0530906   0.856139  27.5903 	Dead: 0
22  29.5078   0.0531492   0.857084  27.5666 	Dead: 0
23  29.4083   0.0546449   0.881203  27.5666 	Dead: 0
24  29.2736   0.0524203   0.845329  27.2954 	Dead: 0
25  29.1644   0.0520953   0.840089  27.2954 	Dead: 0
26  29.0839   0.0524092   0.84515   27.2954 	Dead: 0
27  29.0059   0.0534704   0.862264  27.0323 	Dead: 0
28  28.8987   0.0517318   0.834227  27.0323 	Dead: 0
29  28.7825   0.051039    0.823055  26.3102 	Dead: 0
30  28.7362   0.0533683   0.860618  26.3102 	Dead: 0
31  28.6294   0.0526127   0.848432  26.2532 	Dead: 0
32  28.4852   0.0517737   0.834903  26.2532 	Dead: 0
33  28.3724   0.0515732   0.83167   25.7285 	Dead: 0
34  28.2917   0.0527695   0.850961  25.5815 	Dead: 0
35  28.1591   0.0511771   0.825282  25.5815 	Dead: 0
36  28.0125   0.0518538   0.836194  25.5815 	Dead: 0
37  27.9176   0.0521408   0.840822  25.5815 	Dead: 0
38  27.8067   0.049936    0.805268  25.5815 	Dead: 0
39  27.6854   0.0490488   0.790961  25.3763 	Dead: 0
40  27.584    0.0516851   0.833474  25.1886 	Dead: 0
41  27.4705   0.0497036   0.801521  25.1886 	Dead: 0
42  27.3557   0.0508662   0.820269  25.1886 	Dead: 0
43  27.2406   0.04994     0.805332  25.1886 	Dead: 0
44  27.1118   0.0510589   0.823376  25.1129 	Dead: 0
45  27.0035   0.0514444   0.829592  25.1129 	Dead: 0
46  26.9342   0.0514333   0.829413  24.9593 	Dead: 0
47  26.8454   0.0512544   0.826528  24.5862 	Dead: 0
48  26.7047   0.0512945   0.827175  24.0234 	Dead: 0
49  26.6035   0.0504998   0.81436   24.0234 	Dead: 0
50  26.4842   0.0516464   0.832849  24.0234 	Dead: 0
51  26.4145   0.0527946   0.851366  24.0234 	Dead: 0
52  26.3038   0.0534262   0.86155   24.0234 	Dead: 0
53  26.2155   0.0571671   0.921876  23.4944 	Dead: 0
54  26.0262   0.0538044   0.867649  23.4944 	Dead: 0
55  25.8906   0.0569229   0.917939  23.4944 	Dead: 0
56  25.7074   0.0524727   0.846175  23.4944 	Dead: 0
57  25.5682   0.0511723   0.825205  23.4845 	Dead: 0
58  25.488    0.0527951   0.851374  23.4845 	Dead: 0
59  25.3989   0.0517982   0.835297  23.4845 	Dead: 0
60  25.3221   0.0518445   0.836044  23.4845 	Dead: 0
61  25.229    0.0516223   0.832462  23.2581 	Dead: 0
62  25.1727   0.0518479   0.836099  23.0355 	Dead: 0
63  25.0958   0.0522831   0.843117  23.0355 	Dead: 0
64  25.0064   0.0527934   0.851347  23.0217 	Dead: 0
65  24.9423   0.0509574   0.821739  23.0001 	Dead: 0
66  24.8938   0.0516417   0.832773  23.0001 	Dead: 0
67  24.8496   0.0529568   0.853982  22.8764 	Dead: 0
68  24.8136   0.054979    0.886591  22.7738 	Dead: 0
69  24.7947   0.0564432   0.910204  22.7738 	Dead: 0
70  24.763    0.0567315   0.914852  22.7738 	Dead: 0
71  24.716    0.0557633   0.89924   22.7738 	Dead: 0
72  24.6461   0.0555765   0.896227  22.7738 	Dead: 0
73  24.6095   0.0571895   0.922238  22.7738 	Dead: 0
74  24.5695   0.0567599   0.915309  22.7738 	Dead: 0
75  24.517    0.0571484   0.921575  22.52   	Dead: 0
76  24.5026   0.0574073   0.925751  22.52   	Dead: 0
77  24.4551   0.0559129   0.901651  22.52   	Dead: 0
78  24.4383   0.0567628   0.915358  22.52   	Dead: 0
79  24.39     0.0576265   0.929285  22.52   	Dead: 0
80  24.3231   0.0567012   0.914363  22.2944 	Dead: 0
81  24.2934   0.0581508   0.937739  22.2944 	Dead: 0
82  24.212    0.05733     0.924504  22.2944 	Dead: 0
83  24.1844   0.0589502   0.950632  22.2944 	Dead: 0
84  24.1565   0.0589652   0.950873  21.6249 	Dead: 0
85  24.126    0.0589915   0.951297  21.6249 	Dead: 0
86  24.0628   0.0570398   0.919824  21.6249 	Dead: 0
87  24.0033   0.0565422   0.911799  21.6249 	Dead: 0
88  23.9379   0.0547743   0.88329   21.6249 	Dead: 0
89  23.8958   0.0541101   0.872579  21.5873 	Dead: 0
90  23.874    0.0547302   0.882579  21.5873 	Dead: 0
91  23.8397   0.0561524   0.905513  21.5873 	Dead: 0
92  23.8153   0.0573842   0.925377  21.5873 	Dead: 0
93  23.8239   0.0600376   0.968166  21.5873 	Dead: 0
94  23.7514   0.0574474   0.926397  21.5873 	Dead: 0
95  23.7259   0.0567142   0.914573  21.5873 	Dead: 0
96  23.6862   0.0559848   0.902811  21.5873 	Dead: 0
97  23.6942   0.0595252   0.959903  21.5357 	Dead: 0
98  23.6547   0.0590512   0.95226   21.5357 	Dead: 0
99  23.6268   0.0592559   0.955561  21.5357 	Dead: 0
100 23.6468   0.0611814   0.986611  21.5357 	Dead: 0
