0   38.0695   0.096653    1.55863   33.4045 	Dead: 0
1   36.6738   0.0967733   1.56057   31.8718 	Dead: 0
2   35.4927   0.0905763   1.46063   31.7713 	Dead: 0
3   34.4422   0.0756052   1.21921   30.925  	Dead: 0
4   33.6285   0.0724649   1.16857   30.6748 	Dead: 0
5   32.9356   0.066316    1.06941   29.5949 	Dead: 0
6   32.4393   0.0614253   0.990545  29.5949 	Dead: 0
7   32.0156   0.0579855   0.935074  29.2572 	Dead: 0
8   31.6647   0.0553921   0.893254  28.7584 	Dead: 0
9   31.3333   0.0530132   0.854891  28.7584 	Dead: 0
10  31.1082   0.0562217   0.906632  28.3834 	Dead: 0
11  30.8606   0.054825    0.884109  28.3834 	Dead: 0
12  30.6278   0.0524954   0.846541  28.3834 	Dead: 0
13  30.3988   0.0509348   0.821374  28.3834 	Dead: 0
14  30.2017   0.0544495   0.878053  27.8824 	Dead: 0
15  29.9836   0.0512431   0.826347  27.6448 	Dead: 0
16  29.8187   0.0538628   0.868592  26.7361 	Dead: 0
17  29.6305   0.0524774   0.84625   26.7361 	Dead: 0
18  29.4179   0.0524177   0.845288  26.7361 	Dead: 0
19  29.2667   0.0518488   0.836114  26.7361 	Dead: 0
20  29.141    0.0543713   0.876791  26.7361 	Dead: 0
21  28.9427   0.0511774   0.825286  26.2964 	Dead: 0
22  28.7933   0.0510431   0.823122  26.2964 	Dead: 0
23  28.6364   0.0525041   0.846681  26.0704 	Dead: 0
24  28.5182   0.0525628   0.847628  26.0704 	Dead: 0
25  28.3733   0.0505053   0.814449  26.0704 	Dead: 0
26  28.2368   0.0508226   0.819565  25.8298 	Dead: 0
27  28.1552   0.0523335   0.843931  25.8298 	Dead: 0
28  28.0388   0.0519053   0.837024  25.8298 	Dead: 0
29  27.9178   0.0526438   0.848934  25.8298 	Dead: 0
30  27.7956   0.0552145   0.890389  25.16   	Dead: 0
31  27.6369   0.0552123   0.890354  24.8067 	Dead: 0
32  27.4632   0.0560952   0.904591  24.5213 	Dead: 0
33  27.2224   0.0555509   0.895813  23.7721 	Dead: 0
34  27.0122   0.0556467   0.897358  23.7721 	Dead: 0
35  26.7864   0.0558966   0.901389  23.7721 	Dead: 0
36  26.5113   0.0529072   0.853181  23.7721 	Dead: 0
37  26.2554   0.0556435   0.897306  23.7721 	Dead: 0
38  26.0337   0.0590933   0.952938  23.0059 	Dead: 0
39  25.7381   0.0543635   0.876666  23.0059 	Dead: 0
40  25.5994   0.0571941   0.922313  23.0059 	Dead: 0
41  25.4808   0.0587021   0.946629  23.0059 	Dead: 0
42  25.3341   0.0601157   0.969426  22.6948 	Dead: 0
43  25.1548   0.0587497   0.947397  22.6948 	Dead: 0
44  25.0193   0.0598715   0.965488  22.6948 	Dead: 0
45  24.8967   0.0604879   0.975428  22.0949 	Dead: 0
46  24.7724   0.06119     0.986749  22.0949 	Dead: 0
47  24.6048   0.0582859   0.939919  22.0949 	Dead: 0
48  24.5366   0.0616502   0.994171  21.5218 	Dead: 0
49  24.4141   0.0653039   1.05309   21.4903 	Dead: 0
50  24.2978   0.0668367   1.07781   21.4903 	Dead: 0
51  24.0782   0.0666091   1.07414   21.4903 	Dead: 0
52  23.8603   0.0641959   1.03522   21.3453 	Dead: 0
53  23.7005   0.062114    1.00165   21.1848 	Dead: 0
54  23.5228   0.0638299   1.02932   21.1848 	Dead: 0
55  23.3723   0.0625807   1.00918   21.1497 	Dead: 0
56  23.2461   0.0614765   0.991369  21.1378 	Dead: 0
57  23.1371   0.0629773   1.01557   21.072  	Dead: 0
58  23.0567   0.0645692   1.04124   20.779  	Dead: 0
59  22.9276   0.0629095   1.01448   20.0877 	Dead: 0
60  22.8059   0.0628619   1.01371   20.0565 	Dead: 0
61  22.755    0.0659162   1.06296   19.9404 	Dead: 0
62  22.6378   0.0646696   1.04286   19.9404 	Dead: 0
63  22.5951   0.0683586   1.10235   19.9404 	Dead: 0
64  22.446    0.06699     1.08028   19.8239 	Dead: 0
65  22.3539   0.0675068   1.08861   19.8239 	Dead: 0
66  22.2511   0.0653211   1.05337   19.4631 	Dead: 0
67  22.1764   0.0652908   1.05288   19.4631 	Dead: 0
68  22.1209   0.0672144   1.0839    19.4631 	Dead: 0
69  22.0425   0.0653895   1.05447   19.4631 	Dead: 0
70  21.9249   0.0638787   1.03011   19.4631 	Dead: 0
71  21.8631   0.0661878   1.06734   19.4631 	Dead: 0
72  21.7914   0.0673487   1.08606   19.3518 	Dead: 0
73  21.7423   0.0680945   1.09809   19.3518 	Dead: 0
74  21.698    0.0690331   1.11323   18.9287 	Dead: 0
75  21.6252   0.0682103   1.09996   18.9287 	Dead: 0
76  21.5434   0.0659053   1.06279   18.9287 	Dead: 0
77  21.4845   0.0674376   1.0875    18.9287 	Dead: 0
78  21.4166   0.069246    1.11666   18.9287 	Dead: 0
79  21.333    0.066547    1.07314   18.9287 	Dead: 0
80  21.2508   0.068061    1.09755   18.6068 	Dead: 0
81  21.1851   0.0666351   1.07456   18.6068 	Dead: 0
82  21.1232   0.065879    1.06237   18.6068 	Dead: 0
83  21.067    0.0688264   1.10989   18.4737 	Dead: 0
84  21.0433   0.0687971   1.10942   18.4737 	Dead: 0
85  20.9428   0.0692597   1.11688   18.4402 	Dead: 0
86  20.8689   0.0680582   1.09751   18.4402 	Dead: 0
87  20.7838   0.0680942   1.09809   18.4402 	Dead: 0
88  20.7648   0.0717827   1.15757   17.7129 	Dead: 0
89  20.6709   0.0693249   1.11793   17.7129 	Dead: 0
90  20.5392   0.0673953   1.08682   17.7129 	Dead: 0
91  20.4566   0.0684266   1.10345   17.7129 	Dead: 0
92  20.3507   0.0697914   1.12546   17.7129 	Dead: 0
93  20.2278   0.0668667   1.07829   17.7129 	Dead: 0
94  20.1596   0.0692864   1.11731   17.7129 	Dead: 0
95  20.0778   0.0675624   1.08951   17.7129 	Dead: 0
96  19.967    0.0681057   1.09827   17.7129 	Dead: 0
97  19.8257   0.0670203   1.08077   17.7078 	Dead: 0
98  19.7196   0.0641787   1.03495   17.656  	Dead: 0
99  19.6794   0.0688455   1.1102    17.656  	Dead: 0
100 19.6059   0.0700064   1.12892   17.4811 	Dead: 0
