0   37.5595   0.0928327   1.49702   32.6342 	Dead: 0
1   36.3434   0.0915275   1.47597   32.4397 	Dead: 0
2   35.3791   0.0846435   1.36496   31.1951 	Dead: 0
3   34.5459   0.078247    1.26181   30.4307 	Dead: 0
4   33.718    0.0673929   1.08678   30.4307 	Dead: 0
5   33.1419   0.0643898   1.03835   30.4307 	Dead: 0
6   32.6677   0.0596708   0.962251  29.3793 	Dead: 0
7   32.2576   0.0554283   0.893837  29.3793 	Dead: 0
8   31.9628   0.0548271   0.884142  29.3793 	Dead: 0
9   31.6389   0.0505809   0.815668  29.3793 	Dead: 0
10  31.4629   0.0527225   0.850203  29.3793 	Dead: 0
11  31.3279   0.0534221   0.861486  29.1538 	Dead: 0
12  31.1865   0.0541494   0.873213  29.1538 	Dead: 0
13  31.0331   0.0518404   0.835978  29.1538 	Dead: 0
14  30.8778   0.0517527   0.834564  28.8296 	Dead: 0
15  30.7595   0.049962    0.805687  28.8063 	Dead: 0
16  30.647    0.0489      0.788562  27.9655 	Dead: 0
17  30.5506   0.0506356   0.816549  27.9655 	Dead: 0
18  30.4387   0.0507727   0.81876   27.9655 	Dead: 0
19  30.3674   0.0520797   0.839838  27.9655 	Dead: 0
20  30.2484   0.0513924   0.828754  27.9655 	Dead: 0
21  30.1492   0.0505272   0.814802  27.9655 	Dead: 0
22  30.0606   0.0503821   0.812462  27.9655 	Dead: 0
23  29.975    0.0526289   0.848693  27.9655 	Dead: 0
24  29.8752   0.0528706   0.852592  27.9655 	Dead: 0
25  29.7714   0.0500894   0.807742  27.9023 	Dead: 0
26  29.6913   0.0519722   0.838104  27.8963 	Dead: 0
27  29.5118   0.0497272   0.801901  27.4103 	Dead: 0
28  29.4031   0.0508496   0.82      27.3929 	Dead: 0
29  29.2905   0.049969    0.805799  27.3929 	Dead: 0
30  29.1612   0.0494786   0.797892  27.3929 	Dead: 0
31  29.0365   0.0493578   0.795944  26.9397 	Dead: 0
32  28.9652   0.0510705   0.823562  26.9397 	Dead: 0
33  28.8244   0.0505894   0.815804  26.6213 	Dead: 0
34  28.7291   0.051578    0.831747  26.501  	Dead: 0
35  28.5964   0.0495846   0.799601  26.501  	Dead: 0
36  28.4698   0.0498239   0.80346   26.4064 	Dead: 0
37  28.3894   0.0511054   0.824126  25.9496 	Dead: 0
38  28.2884   0.0503997   0.812745  25.9496 	Dead: 0
39  28.1903   0.0506037   0.816036  25.9496 	Dead: 0
40  28.1025   0.0502803   0.810821  25.9496 	Dead: 0
41  27.9702   0.047364    0.763792  25.4336 	Dead: 0
42  27.8696   0.0453184   0.730804  25.4336 	Dead: 0
43  27.7667   0.0454554   0.733014  25.4336 	Dead: 0
44  27.6839   0.0481619   0.776659  25.4336 	Dead: 0
45  27.5854   0.0483534   0.779747  25.3426 	Dead: 0
46  27.474    0.0485935   0.783619  25.301  	Dead: 0
47  27.3179   0.0476984   0.769184  25.301  	Dead: 0
48  27.2042   0.0481992   0.77726   25.301  	Dead: 0
49  27.0727   0.0511849   0.825408  24.0502 	Dead: 0
50  26.9023   0.0488002   0.786952  24.0502 	Dead: 0
51  26.6841   0.0482321   0.777791  24.0502 	Dead: 0
52  26.4956   0.0462691   0.746136  23.9866 	Dead: 0
53  26.3432   0.0469814   0.757623  23.9866 	Dead: 0
54  26.1987   0.0459838   0.741535  23.9866 	Dead: 0
55  26.0714   0.0467448   0.753807  23.9866 	Dead: 0
56  25.8994   0.0484946   0.782024  23.7366 	Dead: 0
57  25.7262   0.048957    0.789481  23.5401 	Dead: 0
58  25.5641   0.0498751   0.804285  23.5401 	Dead: 0
59  25.4118   0.0518804   0.836623  23.4506 	Dead: 0
60  25.2302   0.0501934   0.809419  22.8294 	Dead: 0
61  25.0709   0.0516113   0.832283  22.6013 	Dead: 0
62  24.9022   0.0519697   0.838063  22.6013 	Dead: 0
63  24.7628   0.0529036   0.853123  22.2163 	Dead: 0
64  24.6125   0.0522616   0.842771  22.2163 	Dead: 0
65  24.4538   0.0514272   0.829315  22.2163 	Dead: 0
66  24.2983   0.0532229   0.858273  22.2163 	Dead: 0
67  24.1459   0.0512272   0.82609   22.2163 	Dead: 0
68  24.0618   0.0535729   0.863917  21.9842 	Dead: 0
69  23.9548   0.0533597   0.860479  21.5027 	Dead: 0
70  23.8516   0.0543105   0.875812  21.5027 	Dead: 0
71  23.7438   0.051323    0.827634  21.5027 	Dead: 0
72  23.6647   0.0530105   0.854848  21.0553 	Dead: 0
73  23.5778   0.0516809   0.833406  21.0553 	Dead: 0
74  23.5679   0.0558858   0.901214  21.0553 	Dead: 0
75  23.4639   0.0546748   0.881686  21.0553 	Dead: 0
76  23.3768   0.0548875   0.885116  21.0553 	Dead: 0
77  23.2957   0.0547347   0.882652  21.0553 	Dead: 0
78  23.1948   0.0560548   0.90394   21.0553 	Dead: 0
79  23.129    0.0573303   0.924508  21.0553 	Dead: 0
80  23.012    0.0544933   0.878759  20.7625 	Dead: 0
81  22.9639   0.0566409   0.913392  20.7625 	Dead: 0
82  22.885    0.0583362   0.94073   20.7625 	Dead: 0
83  22.817    0.0588769   0.949448  20.7625 	Dead: 0
84  22.7696   0.0617427   0.995662  20.7625 	Dead: 0
85  22.6743   0.0572225   0.922769  20.7625 	Dead: 0
86  22.6313   0.0605124   0.975823  20.6359 	Dead: 0
87  22.5865   0.0614367   0.990728  20.6359 	Dead: 0
88  22.5207   0.0612285   0.98737   20.5943 	Dead: 0
89  22.4138   0.0554809   0.894684  19.9359 	Dead: 0
90  22.4116   0.0595038   0.959558  19.9359 	Dead: 0
91  22.3508   0.0612538   0.987779  19.9359 	Dead: 0
92  22.2707   0.0606376   0.977843  19.9359 	Dead: 0
93  22.2375   0.0619069   0.99831   19.9359 	Dead: 0
94  22.1213   0.058324    0.940533  19.8357 	Dead: 0
95  22.0481   0.0587271   0.947033  19.8357 	Dead: 0
96  21.9704   0.0600794   0.96884   19.8357 	Dead: 0
97  21.8938   0.0607607   0.979826  19.5909 	Dead: 0
98  21.8316   0.0602888   0.972218  19.5909 	Dead: 0
99  21.713    0.0604154   0.974258  19.4654 	Dead: 0
100 21.6595   0.0624457   1.007     19.4654 	Dead: 0
