0   5349.67   3.22641     52.0291   5180    	Dead: 0
1   5194.58   3.08011     49.6698   5046    	Dead: 0
2   5054.02   2.77321     44.7209   4920    	Dead: 0
3   4939.34   2.50418     40.3824   4812    	Dead: 0
4   4832.5    2.43416     39.2532   4725    	Dead: 0
5   4734.15   2.4171      38.9782   4601    	Dead: 0
6   4638.86   2.08997     33.7029   4541    	Dead: 0
7   4570.7    1.84826     29.8051   4481    	Dead: 0
8   4505.85   1.76455     28.4551   4401    	Dead: 0
9   4438.07   1.80035     29.0325   4355    	Dead: 0
10  4372.85   1.88462     30.3914   4268    	Dead: 0
11  4315.62   1.55249     25.0354   4245    	Dead: 0
12  4270.33   1.4637      23.6036   4203    	Dead: 0
13  4235.06   1.49421     24.0957   4159    	Dead: 0
14  4197.56   1.55193     25.0264   4125    	Dead: 0
15  4154.06   1.68189     27.1222   4055    	Dead: 0
16  4108.59   1.49769     24.1518   4035    	Dead: 0
17  4071.48   1.46024     23.5479   3993    	Dead: 0
18  4038.35   1.37316     22.1435   3970    	Dead: 0
19  4010.24   1.41062     22.7477   3939    	Dead: 0
20  3980.2    1.44021     23.2248   3909    	Dead: 0
21  3946.05   1.50847     24.3256   3863    	Dead: 0
22  3912.83   1.41574     22.8303   3817    	Dead: 0
23  3885.55   1.38276     22.2984   3805    	Dead: 0
24  3858.94   1.4593      23.5327   3788    	Dead: 0
25  3839.1    1.42342     22.9541   3771    	Dead: 0
26  3819.51   1.3854      22.341    3755    	Dead: 0
27  3800.58   1.44588     23.3163   3731    	Dead: 0
28  3778.64   1.49483     24.1056   3698    	Dead: 0
29  3755.82   1.45512     23.4653   3669    	Dead: 0
30  3737.31   1.35379     21.8312   3669    	Dead: 0
31  3722.2    1.45893     23.5267   3660    	Dead: 0
32  3706.66   1.44849     23.3584   3640    	Dead: 0
33  3691.24   1.44476     23.2982   3617    	Dead: 0
34  3674.21   1.45112     23.4007   3613    	Dead: 0
35  3659.42   1.43927     23.2096   3593    	Dead: 0
36  3648.35   1.48675     23.9753   3592    	Dead: 0
37  3635.65   1.54658     24.9401   3571    	Dead: 0
38  3623.04   1.51955     24.5042   3561    	Dead: 0
39  3611.97   1.61845     26.0992   3536    	Dead: 0
40  3598.17   1.49643     24.1314   3532    	Dead: 0
41  3585.79   1.62503     26.2053   3513    	Dead: 0
42  3570.71   1.65037     26.6138   3504    	Dead: 0
43  3557.33   1.6015      25.8258   3467    	Dead: 0
44  3547.27   1.65164     26.6343   3467    	Dead: 0
45  3538.04   1.67235     26.9683   3467    	Dead: 0
46  3530.6    1.63532     26.3711   3462    	Dead: 0
47  3526.37   1.73796     28.0264   3459    	Dead: 0
48  3520.68   1.77074     28.555    3459    	Dead: 0
49  3515.75   1.83763     29.6336   3450    	Dead: 0
50  3510.02   1.77815     28.6745   3450    	Dead: 0
51  3505.72   1.86104     30.0111   3444    	Dead: 0
52  3500.9    1.7917      28.893    3444    	Dead: 0
53  3498.11   1.90013     30.6415   3437    	Dead: 0
54  3495.37   1.92767     31.0856   3419    	Dead: 0
55  3491.51   1.90301     30.6879   3419    	Dead: 0
56  3488.3    1.93316     31.1741   3419    	Dead: 0
57  3483.56   1.96061     31.6168   3418    	Dead: 0
58  3478.96   1.91787     30.9275   3416    	Dead: 0
59  3472.06   1.82521     29.4333   3409    	Dead: 0
60  3468.4    1.88211     30.351    3393    	Dead: 0
61  3461.29   1.85601     29.93     3378    	Dead: 0
62  3455.43   1.89588     30.5729   3378    	Dead: 0
63  3447.56   1.83276     29.5551   3378    	Dead: 0
64  3441.49   1.89447     30.5502   3378    	Dead: 0
65  3435.91   1.88704     30.4305   3351    	Dead: 0
66  3428.13   1.82864     29.4887   3351    	Dead: 0
67  3421.73   1.85526     29.9179   3351    	Dead: 0
68  3415.88   1.82096     29.3648   3351    	Dead: 0
69  3410.05   1.78582     28.7982   3351    	Dead: 0
70  3406.88   1.8854      30.404    3351    	Dead: 0
71  3398.04   1.75551     28.3094   3329    	Dead: 0
72  3391.97   1.84377     29.7326   3321    	Dead: 0
73  3381.88   1.81909     29.3347   3321    	Dead: 0
74  3372.54   1.81542     29.2755   3299    	Dead: 0
75  3362.6    1.83423     29.5788   3294    	Dead: 0
76  3350.09   1.69387     27.3154   3271    	Dead: 0
77  3342.67   1.64183     26.4761   3271    	Dead: 0
78  3335.93   1.74999     28.2203   3271    	Dead: 0
79  3330.1    1.75201     28.2529   3271    	Dead: 0
80  3324.43   1.78748     28.8249   3265    	Dead: 0
81  3318.86   1.77541     28.6303   3257    	Dead: 0
82  3314.35   1.85615     29.9322   3235    	Dead: 0
83  3311.29   1.86913     30.1415   3235    	Dead: 0
84  3308.52   1.9245      31.0345   3235    	Dead: 0
85  3305.47   1.91233     30.8383   3235    	Dead: 0
86  3301.76   1.89439     30.5489   3233    	Dead: 0
87  3298.41   1.92742     31.0816   3233    	Dead: 0
88  3297.6    2.04932     33.0473   3227    	Dead: 0
89  3294.15   2.02546     32.6625   3227    	Dead: 0
90  3289.37   1.94672     31.3929   3225    	Dead: 0
91  3287.64   1.96974     31.7641   3225    	Dead: 0
92  3285.66   2.08587     33.6367   3220    	Dead: 0
93  3281.51   2.005       32.3327   3220    	Dead: 0
94  3277.55   2.00957     32.4063   3198    	Dead: 0
95  3275.33   2.05375     33.1188   3198    	Dead: 0
96  3272.14   2.01243     32.4524   3198    	Dead: 0
97  3270.03   2.05555     33.1478   3198    	Dead: 0
98  3265.73   1.98603     32.0268   3198    	Dead: 0
99  3262.46   1.96939     31.7583   3198    	Dead: 0
100 3259.93   1.98666     32.0369   3197    	Dead: 0
