0   5362.12   3.21774     51.8893   5199    	Dead: 0
1   5088.35   2.43832     39.3204   4955    	Dead: 0
2   4857.54   2.26912     36.5918   4741    	Dead: 0
3   4704.71   1.85706     29.9469   4606    	Dead: 0
4   4574.48   1.77607     28.641    4465    	Dead: 0
5   4445.46   1.70508     27.4962   4355    	Dead: 0
6   4351.57   1.62067     26.1349   4270    	Dead: 0
7   4263.18   1.50382     24.2506   4187    	Dead: 0
8   4186.85   1.47556     23.7949   4096    	Dead: 0
9   4118.8    1.45774     23.5075   4053    	Dead: 0
10  4051.36   1.65442     26.6792   3979    	Dead: 0
11  3991.47   1.53594     24.7686   3914    	Dead: 0
12  3919.07   1.47585     23.7996   3846    	Dead: 0
13  3858.3    1.41695     22.8497   3793    	Dead: 0
14  3815.01   1.42399     22.9632   3745    	Dead: 0
15  3772.93   1.45217     23.4177   3704    	Dead: 0
16  3742.18   1.43174     23.0883   3665    	Dead: 0
17  3717.84   1.46415     23.6108   3663    	Dead: 0
18  3685.45   1.33953     21.6013   3625    	Dead: 0
19  3656.48   1.36378     21.9924   3599    	Dead: 0
20  3632.76   1.55871     25.1358   3571    	Dead: 0
21  3609.05   1.40285     22.6224   3555    	Dead: 0
22  3588.5    1.42775     23.0239   3536    	Dead: 0
23  3564.06   1.43797     23.1887   3499    	Dead: 0
24  3536.36   1.44249     23.2617   3469    	Dead: 0
25  3504      1.41454     22.8109   3442    	Dead: 0
26  3471.22   1.36255     21.9726   3409    	Dead: 0
27  3441.93   1.33084     21.4611   3386    	Dead: 0
28  3420.59   1.37497     22.1728   3362    	Dead: 0
29  3401.97   1.36684     22.0417   3336    	Dead: 0
30  3386.58   1.39931     22.5653   3332    	Dead: 0
31  3374.71   1.47519     23.7889   3316    	Dead: 0
32  3361.9    1.51878     24.4919   3304    	Dead: 0
33  3350.99   1.60161     25.8276   3298    	Dead: 0
34  3337.67   1.489       24.0116   3284    	Dead: 0
35  3323.42   1.46669     23.6518   3261    	Dead: 0
36  3312.01   1.55671     25.1036   3261    	Dead: 0
37  3304.52   1.672       26.9627   3239    	Dead: 0
38  3295.93   1.58038     25.4853   3239    	Dead: 0
39  3289.13   1.65341     26.6629   3234    	Dead: 0
40  3281.16   1.64149     26.4707   3229    	Dead: 0
41  3273.75   1.66231     26.8064   3219    	Dead: 0
42  3264.82   1.64134     26.4682   3210    	Dead: 0
43  3257.78   1.72689     27.8478   3200    	Dead: 0
44  3251.47   1.73784     28.0243   3196    	Dead: 0
45  3244.17   1.7209      27.7512   3191    	Dead: 0
46  3238.82   1.78822     28.8369   3187    	Dead: 0
47  3233.45   1.79788     28.9926   3173    	Dead: 0
48  3228.9    1.85216     29.8679   3173    	Dead: 0
49  3223.03   1.75193     28.2517   3173    	Dead: 0
50  3218.97   1.79626     28.9664   3170    	Dead: 0
51  3213.09   1.75457     28.2942   3154    	Dead: 0
52  3207.95   1.74285     28.1052   3154    	Dead: 0
53  3204.01   1.80228     29.0635   3146    	Dead: 0
54  3198.49   1.75999     28.3816   3146    	Dead: 0
55  3194.78   1.82731     29.4672   3133    	Dead: 0
56  3190.2    1.8015      29.0509   3133    	Dead: 0
57  3184.97   1.83062     29.5206   3130    	Dead: 0
58  3178.36   1.74972     28.216    3129    	Dead: 0
59  3173.32   1.77863     28.6822   3124    	Dead: 0
60  3167.91   1.80408     29.0925   3121    	Dead: 0
61  3163.48   1.8766      30.262    3118    	Dead: 0
62  3158.89   1.86188     30.0247   3103    	Dead: 0
63  3153.61   1.85224     29.8691   3099    	Dead: 0
64  3147.66   1.83064     29.521    3098    	Dead: 0
65  3142.13   1.76126     28.4021   3098    	Dead: 0
66  3137.75   1.75079     28.2333   3093    	Dead: 0
67  3134.77   1.79627     28.9667   3085    	Dead: 0
68  3129.93   1.7699      28.5415   3078    	Dead: 0
69  3126.64   1.79384     28.9274   3078    	Dead: 0
70  3122.56   1.81615     29.2872   3072    	Dead: 0
71  3117.95   1.80055     29.0356   3070    	Dead: 0
72  3113.7    1.87045     30.1629   3063    	Dead: 0
73  3110.09   1.87405     30.2209   3063    	Dead: 0
74  3104.48   1.78941     28.856    3054    	Dead: 0
75  3098.11   1.75138     28.2427   3053    	Dead: 0
76  3092.97   1.82006     29.3502   3041    	Dead: 0
77  3086.61   1.78051     28.7126   3041    	Dead: 0
78  3080.19   1.71952     27.729    3031    	Dead: 0
79  3073.86   1.69547     27.3411   3029    	Dead: 0
80  3070.69   1.88657     30.4228   3018    	Dead: 0
81  3063.01   1.81364     29.2468   3006    	Dead: 0
82  3056.38   1.77124     28.563    3001    	Dead: 0
83  3050.43   1.80063     29.037    2995    	Dead: 0
84  3044.22   1.68865     27.2312   2989    	Dead: 0
85  3040.96   1.78562     28.795    2985    	Dead: 0
86  3038.06   1.78319     28.7557   2985    	Dead: 0
87  3033.34   1.83419     29.5781   2981    	Dead: 0
88  3030.42   1.88849     30.4538   2978    	Dead: 0
89  3025.34   1.81528     29.2732   2969    	Dead: 0
90  3020.18   1.79543     28.9532   2964    	Dead: 0
91  3015.5    1.80297     29.0746   2961    	Dead: 0
92  3012.3    1.86232     30.0318   2961    	Dead: 0
93  3007.85   1.82179     29.3781   2951    	Dead: 0
94  3003.27   1.83766     29.6341   2951    	Dead: 0
95  2999.96   1.91791     30.9282   2937    	Dead: 0
96  2994.19   1.84821     29.8043   2935    	Dead: 0
97  2988.12   1.8261      29.4477   2925    	Dead: 0
98  2982.85   1.83453     29.5837   2918    	Dead: 0
99  2978.85   1.90043     30.6464   2918    	Dead: 0
100 2974.3    1.96007     31.6081   2906    	Dead: 0
