0   5348.59   3.1579      50.9243   5179    	Dead: 0
1   5201.09   2.83752     45.7579   5060    	Dead: 0
2   5074.8    2.75942     44.4984   4935    	Dead: 0
3   4960.5    2.30335     37.1439   4824    	Dead: 0
4   4864.84   2.32355     37.4696   4761    	Dead: 0
5   4766.8    2.16831     34.9662   4651    	Dead: 0
6   4685.93   1.79018     28.8685   4575    	Dead: 0
7   4622.64   1.64225     26.483    4531    	Dead: 0
8   4562.75   1.77893     28.6871   4465    	Dead: 0
9   4502.87   1.76162     28.4078   4410    	Dead: 0
10  4440.73   1.82452     29.4223   4353    	Dead: 0
11  4372.89   1.72333     27.7904   4286    	Dead: 0
12  4318.43   1.70185     27.4441   4232    	Dead: 0
13  4269.98   1.49806     24.1577   4197    	Dead: 0
14  4231.88   1.41948     22.8906   4160    	Dead: 0
15  4194.64   1.51278     24.3951   4133    	Dead: 0
16  4156.38   1.46243     23.5831   4079    	Dead: 0
17  4122.38   1.46022     23.5475   4044    	Dead: 0
18  4093.24   1.3558      21.8636   4006    	Dead: 0
19  4066.61   1.38893     22.3979   3976    	Dead: 0
20  4038.63   1.39309     22.465    3976    	Dead: 0
21  4010.87   1.37371     22.1524   3928    	Dead: 0
22  3978.73   1.45218     23.4179   3916    	Dead: 0
23  3944.41   1.50142     24.2119   3868    	Dead: 0
24  3913.33   1.44366     23.2804   3848    	Dead: 0
25  3883.28   1.30885     21.1066   3813    	Dead: 0
26  3861.04   1.37365     22.1514   3794    	Dead: 0
27  3842.3    1.37688     22.2035   3781    	Dead: 0
28  3820.57   1.21581     19.6061   3767    	Dead: 0
29  3804.03   1.27012     20.482    3754    	Dead: 0
30  3782.96   1.34653     21.7141   3724    	Dead: 0
31  3760.01   1.31709     21.2394   3681    	Dead: 0
32  3737.89   1.30023     20.9675   3672    	Dead: 0
33  3717.88   1.34615     21.7081   3645    	Dead: 0
34  3696.8    1.35559     21.8603   3638    	Dead: 0
35  3676.47   1.31142     21.148    3612    	Dead: 0
36  3660.15   1.27681     20.5899   3592    	Dead: 0
37  3643.87   1.18932     19.1789   3592    	Dead: 0
38  3629.7    1.23798     19.9637   3559    	Dead: 0
39  3612.63   1.18688     19.1397   3547    	Dead: 0
40  3599.08   1.26003     20.3193   3542    	Dead: 0
41  3584.23   1.22212     19.7079   3527    	Dead: 0
42  3570.94   1.42571     22.9909   3491    	Dead: 0
43  3551.5    1.32547     21.3745   3491    	Dead: 0
44  3535.9    1.37326     22.1452   3463    	Dead: 0
45  3517.5    1.35135     21.7918   3458    	Dead: 0
46  3502.11   1.24678     20.1056   3451    	Dead: 0
47  3490.03   1.23667     19.9426   3438    	Dead: 0
48  3479.41   1.26395     20.3825   3424    	Dead: 0
49  3466.74   1.29623     20.9031   3396    	Dead: 0
50  3453      1.22975     19.831    3396    	Dead: 0
51  3440.48   1.28768     20.7651   3387    	Dead: 0
52  3425.85   1.30497     21.044    3362    	Dead: 0
53  3410.91   1.29635     20.9049   3339    	Dead: 0
54  3399.46   1.25664     20.2646   3339    	Dead: 0
55  3389.78   1.25006     20.1585   3339    	Dead: 0
56  3383.78   1.29646     20.9068   3339    	Dead: 0
57  3378.18   1.28158     20.6667   3334    	Dead: 0
58  3372.01   1.2917      20.8299   3326    	Dead: 0
59  3365.89   1.27602     20.5771   3320    	Dead: 0
60  3359.48   1.30089     20.9781   3311    	Dead: 0
61  3351.97   1.28546     20.7293   3299    	Dead: 0
62  3343.05   1.28807     20.7714   3299    	Dead: 0
63  3333.98   1.26182     20.3481   3282    	Dead: 0
64  3326.13   1.30667     21.0714   3280    	Dead: 0
65  3319.51   1.29306     20.852    3271    	Dead: 0
66  3313.45   1.29991     20.9623   3271    	Dead: 0
67  3307.55   1.30824     21.0967   3257    	Dead: 0
68  3302.49   1.31168     21.1521   3257    	Dead: 0
69  3299.01   1.39108     22.4326   3237    	Dead: 0
70  3292.55   1.37944     22.2449   3237    	Dead: 0
71  3287.14   1.36517     22.0148   3237    	Dead: 0
72  3281.74   1.45841     23.5183   3217    	Dead: 0
73  3275.23   1.44405     23.2867   3217    	Dead: 0
74  3267.76   1.44759     23.3438   3211    	Dead: 0
75  3260.33   1.40068     22.5874   3208    	Dead: 0
76  3254.61   1.39281     22.4604   3208    	Dead: 0
77  3247.2    1.43389     23.1229   3199    	Dead: 0
78  3241.15   1.41428     22.8067   3194    	Dead: 0
79  3235.09   1.39717     22.5308   3183    	Dead: 0
80  3230.06   1.45537     23.4692   3175    	Dead: 0
81  3225.43   1.39849     22.552    3175    	Dead: 0
82  3220.89   1.39954     22.569    3169    	Dead: 0
83  3216.08   1.40474     22.6528   3169    	Dead: 0
84  3212.32   1.42789     23.0262   3163    	Dead: 0
85  3207.17   1.44253     23.2623   3163    	Dead: 0
86  3201.52   1.4058      22.6699   3155    	Dead: 0
87  3196.94   1.40948     22.7293   3148    	Dead: 0
88  3191.11   1.32567     21.3777   3148    	Dead: 0
89  3185.34   1.33048     21.4553   3136    	Dead: 0
90  3180.04   1.30227     21.0004   3131    	Dead: 0
91  3174.24   1.30702     21.0769   3127    	Dead: 0
92  3168.51   1.22406     19.7392   3127    	Dead: 0
93  3165.34   1.29415     20.8695   3120    	Dead: 0
94  3161.83   1.32064     21.2966   3120    	Dead: 0
95  3158.05   1.30307     21.0132   3114    	Dead: 0
96  3154.84   1.2782      20.6123   3114    	Dead: 0
97  3152.79   1.30323     21.016    3114    	Dead: 0
98  3149.18   1.29783     20.9287   3104    	Dead: 0
99  3146.16   1.31621     21.2252   3103    	Dead: 0
100 3144.17   1.36037     21.9373   3103    	Dead: 0
