0   5360.91   3.21612     51.8631   5173    	Dead: 0
1   5084.06   2.8152      45.398    4910    	Dead: 0
2   4857.68   2.30863     37.2289   4734    	Dead: 0
3   4676.82   1.94213     31.3189   4587    	Dead: 0
4   4527.93   2.02333     32.6282   4429    	Dead: 0
5   4412.3    1.58205     25.5121   4326    	Dead: 0
6   4325.71   1.38133     22.2753   4256    	Dead: 0
7   4239.52   1.50502     24.2699   4170    	Dead: 0
8   4157.64   1.46987     23.7031   4062    	Dead: 0
9   4073.47   1.48282     23.9119   4003    	Dead: 0
10  4006.01   1.31062     21.1351   3941    	Dead: 0
11  3941.43   1.26378     20.3798   3867    	Dead: 0
12  3888.02   1.25429     20.2266   3828    	Dead: 0
13  3836.64   1.32952     21.4399   3773    	Dead: 0
14  3787.03   1.28036     20.6471   3725    	Dead: 0
15  3748.47   1.26689     20.4299   3692    	Dead: 0
16  3711.89   1.23688     19.9459   3628    	Dead: 0
17  3677.82   1.22398     19.7379   3615    	Dead: 0
18  3646.05   1.2153      19.598    3589    	Dead: 0
19  3610.45   1.32932     21.4365   3548    	Dead: 0
20  3570.67   1.24648     20.1007   3512    	Dead: 0
21  3540.27   1.23764     19.9581   3488    	Dead: 0
22  3512.9    1.2142      19.5801   3469    	Dead: 0
23  3491.75   1.18174     19.0567   3441    	Dead: 0
24  3477.04   1.25793     20.2854   3434    	Dead: 0
25  3462.91   1.26122     20.3385   3411    	Dead: 0
26  3448.43   1.27943     20.6321   3390    	Dead: 0
27  3434.87   1.28374     20.7016   3376    	Dead: 0
28  3423.63   1.29339     20.8572   3376    	Dead: 0
29  3414.28   1.27859     20.6186   3371    	Dead: 0
30  3404.36   1.29069     20.8136   3341    	Dead: 0
31  3393.91   1.37247     22.1325   3340    	Dead: 0
32  3375.65   1.34632     21.7107   3327    	Dead: 0
33  3357.99   1.35356     21.8275   3306    	Dead: 0
34  3343.46   1.46161     23.57     3288    	Dead: 0
35  3328.33   1.32645     21.3903   3277    	Dead: 0
36  3317.92   1.31453     21.198    3274    	Dead: 0
37  3307.94   1.29239     20.8411   3263    	Dead: 0
38  3295.83   1.26536     20.4052   3254    	Dead: 0
39  3287.66   1.31989     21.2845   3249    	Dead: 0
40  3279.12   1.31413     21.1917   3226    	Dead: 0
41  3272.84   1.35961     21.9251   3226    	Dead: 0
42  3265.87   1.31886     21.268    3225    	Dead: 0
43  3258.04   1.32844     21.4224   3223    	Dead: 0
44  3250.14   1.30566     21.0551   3199    	Dead: 0
45  3241.47   1.32732     21.4043   3194    	Dead: 0
46  3233.9    1.34716     21.7244   3194    	Dead: 0
47  3227.88   1.33535     21.5339   3187    	Dead: 0
48  3222.55   1.40425     22.6449   3177    	Dead: 0
49  3213.84   1.3224      21.3251   3170    	Dead: 0
50  3206.95   1.32144     21.3095   3154    	Dead: 0
51  3200.35   1.36489     22.0103   3154    	Dead: 0
52  3191.52   1.3414      21.6315   3142    	Dead: 0
53  3181.89   1.28484     20.7193   3137    	Dead: 0
54  3174.14   1.27205     20.513    3121    	Dead: 0
55  3165.15   1.32187     21.3165   3113    	Dead: 0
56  3153.37   1.25147     20.1812   3108    	Dead: 0
57  3145.27   1.26713     20.4337   3107    	Dead: 0
58  3137.54   1.30877     21.1052   3100    	Dead: 0
59  3130.63   1.29886     20.9453   3085    	Dead: 0
60  3122.06   1.32516     21.3696   3076    	Dead: 0
61  3113.61   1.23852     19.9724   3074    	Dead: 0
62  3108.51   1.27745     20.6001   3068    	Dead: 0
63  3100.45   1.2868      20.751    3054    	Dead: 0
64  3092.5    1.30488     21.0424   3045    	Dead: 0
65  3084.32   1.32276     21.3308   3039    	Dead: 0
66  3074.78   1.33476     21.5244   3031    	Dead: 0
67  3065.54   1.28083     20.6546   3019    	Dead: 0
68  3057.91   1.33782     21.5738   3009    	Dead: 0
69  3050.54   1.31594     21.2208   3007    	Dead: 0
70  3044.68   1.28787     20.7682   3007    	Dead: 0
71  3040.02   1.29924     20.9515   2992    	Dead: 0
72  3036.55   1.37555     22.1822   2992    	Dead: 0
73  3032.18   1.35035     21.7758   2992    	Dead: 0
74  3028.85   1.34305     21.658    2985    	Dead: 0
75  3025.19   1.37115     22.1112   2985    	Dead: 0
76  3021.2    1.34959     21.7635   2978    	Dead: 0
77  3016.99   1.36762     22.0543   2975    	Dead: 0
78  3011.27   1.3697      22.0879   2966    	Dead: 0
79  3006.59   1.33856     21.5857   2966    	Dead: 0
80  3002.69   1.40577     22.6694   2962    	Dead: 0
81  2997.37   1.36123     21.9511   2959    	Dead: 0
82  2990.61   1.40206     22.6096   2935    	Dead: 0
83  2984.49   1.42252     22.9395   2935    	Dead: 0
84  2977.35   1.42109     22.9164   2933    	Dead: 0
85  2972.02   1.37511     22.1751   2925    	Dead: 0
86  2966.62   1.43483     23.138    2923    	Dead: 0
87  2961.53   1.44104     23.2383   2922    	Dead: 0
88  2955.75   1.46609     23.6422   2911    	Dead: 0
89  2949.82   1.41952     22.8912   2904    	Dead: 0
90  2945.26   1.50393     24.2523   2892    	Dead: 0
91  2941.65   1.64806     26.5766   2892    	Dead: 0
92  2935.58   1.54546     24.9221   2889    	Dead: 0
93  2930.14   1.54939     24.9855   2887    	Dead: 0
94  2926.58   1.60385     25.8637   2880    	Dead: 0
95  2922.35   1.54512     24.9167   2877    	Dead: 0
96  2917      1.50869     24.3291   2876    	Dead: 0
97  2914.5    1.56913     25.3038   2861    	Dead: 0
98  2910.24   1.55036     25.0011   2861    	Dead: 0
99  2905.72   1.47471     23.7811   2857    	Dead: 0
100 2902.5    1.53434     24.7428   2857    	Dead: 0
