0   5362.65   3.24071     52.2597   5182    	Dead: 0
1   5071.87   2.99635     48.3192   4934    	Dead: 0
2   4833.52   2.21307     35.6879   4723    	Dead: 0
3   4671.82   1.8735      30.2121   4566    	Dead: 0
4   4541.54   1.85793     29.961    4461    	Dead: 0
5   4439.79   1.54108     24.8514   4361    	Dead: 0
6   4360.01   1.59477     25.7173   4267    	Dead: 0
7   4282.87   1.49308     24.0775   4209    	Dead: 0
8   4206.1    1.53814     24.8041   4136    	Dead: 0
9   4130.72   1.59779     25.7659   4050    	Dead: 0
10  4056.74   1.35186     21.8      4003    	Dead: 0
11  4000.84   1.36592     22.0268   3910    	Dead: 0
12  3942.56   1.35241     21.809    3873    	Dead: 0
13  3887.94   1.39691     22.5266   3822    	Dead: 0
14  3847.8    1.31504     21.2063   3779    	Dead: 0
15  3800.35   1.43422     23.1283   3710    	Dead: 0
16  3751.9    1.3155      21.2138   3694    	Dead: 0
17  3705.58   1.34111     21.6267   3606    	Dead: 0
18  3665.66   1.43489     23.1391   3591    	Dead: 0
19  3628.14   1.38115     22.2725   3571    	Dead: 0
20  3593.59   1.37228     22.1294   3515    	Dead: 0
21  3562.48   1.41239     22.7762   3492    	Dead: 0
22  3533.99   1.3939      22.478    3464    	Dead: 0
23  3512.12   1.40099     22.5923   3450    	Dead: 0
24  3491.87   1.3282      21.4186   3443    	Dead: 0
25  3475.66   1.31214     21.1596   3424    	Dead: 0
26  3463.48   1.29753     20.9239   3418    	Dead: 0
27  3448.48   1.33494     21.5272   3397    	Dead: 0
28  3436.79   1.38017     22.2566   3388    	Dead: 0
29  3422.22   1.40666     22.6837   3365    	Dead: 0
30  3404.48   1.40733     22.6946   3349    	Dead: 0
31  3388.97   1.5267      24.6195   3329    	Dead: 0
32  3373.63   1.4803      23.8714   3319    	Dead: 0
33  3359.5    1.47858     23.8437   3295    	Dead: 0
34  3350.84   1.48819     23.9986   3295    	Dead: 0
35  3341.64   1.54353     24.8909   3292    	Dead: 0
36  3331.54   1.48384     23.9284   3279    	Dead: 0
37  3319.42   1.44775     23.3465   3255    	Dead: 0
38  3308.14   1.43207     23.0936   3255    	Dead: 0
39  3299.15   1.51536     24.4367   3240    	Dead: 0
40  3289.11   1.51693     24.4621   3239    	Dead: 0
41  3276.26   1.49271     24.0715   3221    	Dead: 0
42  3263.22   1.41076     22.7499   3206    	Dead: 0
43  3253.25   1.39714     22.5302   3200    	Dead: 0
44  3247.97   1.4836      23.9245   3200    	Dead: 0
45  3243.57   1.52721     24.6278   3200    	Dead: 0
46  3238.09   1.54447     24.9061   3192    	Dead: 0
47  3230.28   1.4436      23.2795   3177    	Dead: 0
48  3225.23   1.48205     23.8995   3177    	Dead: 0
49  3220.28   1.5021      24.2229   3174    	Dead: 0
50  3214.12   1.41073     22.7494   3174    	Dead: 0
51  3209.48   1.42129     22.9197   3161    	Dead: 0
52  3204.49   1.45775     23.5076   3159    	Dead: 0
53  3200.33   1.50954     24.3429   3148    	Dead: 0
54  3194.27   1.51621     24.4504   3148    	Dead: 0
55  3187.54   1.52871     24.6519   3131    	Dead: 0
56  3178.68   1.4927      24.0713   3125    	Dead: 0
57  3168.06   1.49106     24.0448   3116    	Dead: 0
58  3159.09   1.49223     24.0637   3109    	Dead: 0
59  3153.03   1.48706     23.9803   3109    	Dead: 0
60  3145.65   1.42717     23.0146   3102    	Dead: 0
61  3140.47   1.41996     22.8983   3094    	Dead: 0
62  3134.97   1.41998     22.8986   3085    	Dead: 0
63  3130.62   1.39871     22.5556   3085    	Dead: 0
64  3125.89   1.44586     23.3159   3077    	Dead: 0
65  3119.33   1.4042      22.6442   3073    	Dead: 0
66  3113.39   1.43808     23.1904   3070    	Dead: 0
67  3106.86   1.43707     23.1742   3060    	Dead: 0
68  3098.67   1.40073     22.5882   3044    	Dead: 0
69  3091.65   1.44848     23.3582   3044    	Dead: 0
70  3086.43   1.49441     24.0988   3035    	Dead: 0
71  3078.07   1.42712     23.0138   3029    	Dead: 0
72  3074.22   1.49467     24.103    3023    	Dead: 0
73  3068.82   1.44238     23.2599   3018    	Dead: 0
74  3064.71   1.44056     23.2305   3018    	Dead: 0
75  3060.66   1.46827     23.6773   3011    	Dead: 0
76  3056.87   1.45583     23.4767   3004    	Dead: 0
77  3051.83   1.43587     23.1548   3004    	Dead: 0
78  3044.89   1.39609     22.5133   2997    	Dead: 0
79  3038.81   1.36987     22.0906   2995    	Dead: 0
80  3033.73   1.36784     22.0578   2990    	Dead: 0
81  3028.4    1.31178     21.1537   2990    	Dead: 0
82  3024.55   1.3091      21.1105   2987    	Dead: 0
83  3022.18   1.34386     21.671    2987    	Dead: 0
84  3019.72   1.33273     21.4917   2984    	Dead: 0
85  3017.64   1.35381     21.8316   2979    	Dead: 0
86  3015.65   1.45603     23.4799   2976    	Dead: 0
87  3013.92   1.43879     23.202    2975    	Dead: 0
88  3012.55   1.46047     23.5516   2972    	Dead: 0
89  3009.86   1.4109      22.7521   2969    	Dead: 0
90  3007.59   1.41944     22.8899   2968    	Dead: 0
91  3006.09   1.48127     23.8869   2953    	Dead: 0
92  3003.72   1.49051     24.036    2953    	Dead: 0
93  2999.92   1.45558     23.4727   2953    	Dead: 0
94  2997.47   1.49778     24.1532   2953    	Dead: 0
95  2994.04   1.49623     24.1282   2953    	Dead: 0
96  2991.29   1.47326     23.7578   2951    	Dead: 0
97  2988.65   1.46347     23.5999   2950    	Dead: 0
98  2987.06   1.48257     23.908    2950    	Dead: 0
99  2984.94   1.52223     24.5474   2946    	Dead: 0
100 2983.33   1.5271      24.626    2946    	Dead: 0
