0   5348.53   3.12026     50.3173   5198    	Dead: 0
1   5198.07   2.88579     46.5363   5070    	Dead: 0
2   5069.13   2.80864     45.2922   4944    	Dead: 0
3   4950.32   2.40747     38.8228   4837    	Dead: 0
4   4852.87   2.16426     34.9008   4729    	Dead: 0
5   4761.34   2.25275     36.3279   4644    	Dead: 0
6   4673.81   1.96178     31.6357   4576    	Dead: 0
7   4597.05   1.87567     30.247    4497    	Dead: 0
8   4525.77   1.97425     31.8368   4432    	Dead: 0
9   4458.96   1.65744     26.7278   4375    	Dead: 0
10  4413.45   1.44608     23.3194   4338    	Dead: 0
11  4374.13   1.49915     24.1753   4296    	Dead: 0
12  4336      1.4994      24.1793   4230    	Dead: 0
13  4293.23   1.5204      24.518    4220    	Dead: 0
14  4255.23   1.50982     24.3473   4158    	Dead: 0
15  4221.43   1.50735     24.3075   4137    	Dead: 0
16  4185.42   1.56421     25.2244   4114    	Dead: 0
17  4148.23   1.58734     25.5974   4069    	Dead: 0
18  4111.45   1.49675     24.1366   4031    	Dead: 0
19  4081.97   1.48745     23.9866   3996    	Dead: 0
20  4049.43   1.50118     24.208    3982    	Dead: 0
21  4021.19   1.43119     23.0794   3943    	Dead: 0
22  3996.4    1.47056     23.7143   3902    	Dead: 0
23  3964.14   1.56794     25.2846   3897    	Dead: 0
24  3928.85   1.52472     24.5877   3860    	Dead: 0
25  3896.73   1.36294     21.9787   3831    	Dead: 0
26  3871.32   1.40668     22.6841   3809    	Dead: 0
27  3843.8    1.45242     23.4217   3760    	Dead: 0
28  3815.09   1.39693     22.5269   3731    	Dead: 0
29  3784.06   1.44409     23.2874   3725    	Dead: 0
30  3758.62   1.35891     21.9138   3694    	Dead: 0
31  3734.86   1.40491     22.6555   3656    	Dead: 0
32  3709.9    1.49962     24.1828   3639    	Dead: 0
33  3687.45   1.40553     22.6656   3612    	Dead: 0
34  3668.21   1.42221     22.9346   3611    	Dead: 0
35  3653.71   1.39666     22.5226   3593    	Dead: 0
36  3639.74   1.47217     23.7402   3581    	Dead: 0
37  3627.12   1.49546     24.1158   3566    	Dead: 0
38  3616.93   1.51121     24.3698   3546    	Dead: 0
39  3605.32   1.54444     24.9056   3539    	Dead: 0
40  3590.98   1.55259     25.037    3529    	Dead: 0
41  3574.77   1.53581     24.7665   3516    	Dead: 0
42  3560.36   1.48821     23.9988   3489    	Dead: 0
43  3546.91   1.45146     23.4062   3478    	Dead: 0
44  3533.59   1.43339     23.1148   3472    	Dead: 0
45  3523.76   1.44888     23.3646   3460    	Dead: 0
46  3512.12   1.5603      25.1614   3440    	Dead: 0
47  3498.23   1.45867     23.5225   3440    	Dead: 0
48  3489.31   1.50188     24.2194   3432    	Dead: 0
49  3480      1.60452     25.8744   3425    	Dead: 0
50  3471.54   1.57224     25.3539   3403    	Dead: 0
51  3465.35   1.62956     26.2782   3403    	Dead: 0
52  3457.12   1.53193     24.7039   3403    	Dead: 0
53  3450.18   1.60897     25.9463   3403    	Dead: 0
54  3442.61   1.50744     24.309    3394    	Dead: 0
55  3435.06   1.4936      24.0858   3367    	Dead: 0
56  3429.24   1.58564     25.5701   3367    	Dead: 0
57  3423.19   1.59829     25.7741   3367    	Dead: 0
58  3416.44   1.63436     26.3556   3356    	Dead: 0
59  3410.97   1.68101     27.1079   3355    	Dead: 0
60  3405.4    1.73306     27.9473   3354    	Dead: 0
61  3400.05   1.80435     29.0969   3340    	Dead: 0
62  3395.53   1.92802     31.0912   3335    	Dead: 0
63  3390.22   1.9244      31.0329   3317    	Dead: 0
64  3386.34   2.01751     32.5344   3317    	Dead: 0
65  3379.09   1.9633      31.6602   3306    	Dead: 0
66  3375.5    2.02693     32.6863   3306    	Dead: 0
67  3371.33   2.08255     33.5833   3305    	Dead: 0
68  3366.47   2.1034      33.9195   3305    	Dead: 0
69  3361.28   2.05141     33.081    3305    	Dead: 0
70  3358.8    2.15772     34.7954   3305    	Dead: 0
71  3354.32   2.09768     33.8272   3292    	Dead: 0
72  3350.78   2.1747      35.0692   3290    	Dead: 0
73  3347.07   2.25272     36.3274   3290    	Dead: 0
74  3342.93   2.15908     34.8173   3265    	Dead: 0
75  3341.36   2.31256     37.2924   3265    	Dead: 0
76  3338.92   2.40024     38.7063   3263    	Dead: 0
77  3334.42   2.3572      38.0122   3262    	Dead: 0
78  3331.96   2.45082     39.522    3262    	Dead: 0
79  3329.5    2.47502     39.9121   3251    	Dead: 0
80  3324.65   2.46672     39.7783   3251    	Dead: 0
81  3321.05   2.53826     40.932    3245    	Dead: 0
82  3316.24   2.52687     40.7484   3245    	Dead: 0
83  3315.2    2.60599     42.0243   3245    	Dead: 0
84  3311.08   2.54239     40.9986   3245    	Dead: 0
85  3306.97   2.52595     40.7334   3245    	Dead: 0
86  3307.15   2.61274     42.133    3240    	Dead: 0
87  3303.43   2.70666     43.6476   3233    	Dead: 0
88  3299.33   2.63424     42.4797   3233    	Dead: 0
89  3297.04   2.63833     42.5457   3226    	Dead: 0
90  3294.39   2.64201     42.6051   3212    	Dead: 0
91  3290.83   2.54249     41.0002   3212    	Dead: 0
92  3290.9    2.77485     44.7472   3212    	Dead: 0
93  3287.01   2.68        43.2176   3212    	Dead: 0
94  3282.24   2.60042     41.9343   3212    	Dead: 0
95  3281.41   2.59905     41.9122   3212    	Dead: 0
96  3277.99   2.57908     41.5903   3212    	Dead: 0
97  3276.87   2.67155     43.0815   3208    	Dead: 0
98  3273.87   2.66333     42.9488   3202    	Dead: 0
99  3271.52   2.67676     43.1655   3202    	Dead: 0
100 3268.22   2.67558     43.1465   3200    	Dead: 0
