0   5365.75   3.24912     52.3953   5215    	Dead: 0
1   5050.03   2.93599     47.3458   4893    	Dead: 0
2   4830.14   2.33144     37.5968   4711    	Dead: 0
3   4658.81   1.94967     31.4405   4569    	Dead: 0
4   4525.48   1.7696      28.5366   4422    	Dead: 0
5   4415.61   1.78106     28.7213   4302    	Dead: 0
6   4317.32   1.43805     23.19     4235    	Dead: 0
7   4250.53   1.41552     22.8267   4178    	Dead: 0
8   4174.79   1.52354     24.5687   4088    	Dead: 0
9   4099.73   1.41934     22.8882   4024    	Dead: 0
10  4042.15   1.41829     22.8714   3978    	Dead: 0
11  3987.02   1.43493     23.1397   3905    	Dead: 0
12  3934.02   1.37663     22.1995   3861    	Dead: 0
13  3884.15   1.47855     23.8432   3815    	Dead: 0
14  3822.07   1.40565     22.6675   3756    	Dead: 0
15  3778.59   1.38932     22.4041   3706    	Dead: 0
16  3724.22   1.44441     23.2926   3654    	Dead: 0
17  3683.63   1.40176     22.6047   3624    	Dead: 0
18  3652.56   1.38956     22.408    3595    	Dead: 0
19  3628.59   1.4925      24.068    3559    	Dead: 0
20  3605.16   1.3579      21.8976   3542    	Dead: 0
21  3585.32   1.45919     23.5308   3521    	Dead: 0
22  3564.98   1.45914     23.5301   3507    	Dead: 0
23  3548.34   1.41134     22.7592   3493    	Dead: 0
24  3534.04   1.46867     23.6838   3471    	Dead: 0
25  3512.47   1.3977      22.5393   3457    	Dead: 0
26  3490.26   1.43497     23.1404   3414    	Dead: 0
27  3465.8    1.42508     22.9809   3413    	Dead: 0
28  3449.31   1.33655     21.5532   3399    	Dead: 0
29  3433.41   1.33059     21.457    3386    	Dead: 0
30  3420.14   1.41464     22.8125   3370    	Dead: 0
31  3404.84   1.40996     22.737    3343    	Dead: 0
32  3391.24   1.3659      22.0265   3343    	Dead: 0
33  3376.12   1.40277     22.6211   3328    	Dead: 0
34  3360.5    1.32777     21.4117   3316    	Dead: 0
35  3348.93   1.33989     21.6071   3302    	Dead: 0
36  3340.67   1.39551     22.504    3291    	Dead: 0
37  3331.41   1.41031     22.7426   3281    	Dead: 0
38  3321.29   1.38738     22.373    3278    	Dead: 0
39  3312.32   1.42062     22.909    3269    	Dead: 0
40  3300.61   1.30905     21.1097   3257    	Dead: 0
41  3292.44   1.38938     22.4052   3246    	Dead: 0
42  3284.2    1.36929     22.0811   3238    	Dead: 0
43  3273.8    1.3646      22.0055   3220    	Dead: 0
44  3261.73   1.39225     22.4513   3212    	Dead: 0
45  3252.66   1.42784     23.0254   3201    	Dead: 0
46  3242.72   1.38849     22.3909   3191    	Dead: 0
47  3236.12   1.46611     23.6425   3190    	Dead: 0
48  3229.71   1.49229     24.0646   3185    	Dead: 0
49  3222.72   1.48397     23.9306   3170    	Dead: 0
50  3217.49   1.42911     23.0459   3170    	Dead: 0
51  3213.6    1.59789     25.7675   3163    	Dead: 0
52  3207.13   1.53409     24.7387   3158    	Dead: 0
53  3200.75   1.58067     25.4899   3153    	Dead: 0
54  3195.81   1.58006     25.4801   3140    	Dead: 0
55  3189.87   1.56539     25.2434   3140    	Dead: 0
56  3184.08   1.59603     25.7376   3129    	Dead: 0
57  3175.2    1.58719     25.595    3120    	Dead: 0
58  3168.55   1.59069     25.6515   3120    	Dead: 0
59  3161.15   1.50281     24.2343   3115    	Dead: 0
60  3157.47   1.59655     25.746    3113    	Dead: 0
61  3151.22   1.54995     24.9945   3103    	Dead: 0
62  3147.88   1.56432     25.2262   3103    	Dead: 0
63  3142.99   1.57255     25.359    3101    	Dead: 0
64  3139.78   1.54897     24.9787   3088    	Dead: 0
65  3135.63   1.59516     25.7236   3086    	Dead: 0
66  3130.8    1.51565     24.4413   3086    	Dead: 0
67  3127.4    1.59367     25.6995   3080    	Dead: 0
68  3124.48   1.79517     28.9489   3069    	Dead: 0
69  3120.24   1.73972     28.0547   3069    	Dead: 0
70  3116.83   1.78368     28.7637   3067    	Dead: 0
71  3111.28   1.75545     28.3083   3060    	Dead: 0
72  3108.26   1.74711     28.1739   3060    	Dead: 0
73  3103.64   1.74181     28.0884   3059    	Dead: 0
74  3100.47   1.79299     28.9138   3049    	Dead: 0
75  3095.04   1.76955     28.5358   3037    	Dead: 0
76  3088.8    1.745       28.1398   3033    	Dead: 0
77  3082.66   1.79543     28.9531   3030    	Dead: 0
78  3077.28   1.79917     29.0134   3014    	Dead: 0
79  3071.95   1.89483     30.556    3014    	Dead: 0
80  3065.63   1.79101     28.8819   3014    	Dead: 0
81  3062.01   1.87375     30.216    3010    	Dead: 0
82  3058.75   1.86788     30.1215   3010    	Dead: 0
83  3053.34   1.86135     30.0161   2997    	Dead: 0
84  3050.67   1.92271     31.0056   2997    	Dead: 0
85  3046.16   1.90053     30.648    2991    	Dead: 0
86  3042.32   1.94741     31.4039   2991    	Dead: 0
87  3039.96   1.93574     31.2157   2991    	Dead: 0
88  3035.69   1.86464     30.0692   2986    	Dead: 0
89  3034.16   1.9471      31.3989   2986    	Dead: 0
90  3030.45   1.8924      30.5169   2979    	Dead: 0
91  3027.1    1.85499     29.9136   2979    	Dead: 0
92  3024.49   1.85673     29.9416   2977    	Dead: 0
93  3021.41   1.89447     30.5503   2977    	Dead: 0
94  3018.01   1.87692     30.2671   2973    	Dead: 0
95  3017.01   1.92598     31.0584   2970    	Dead: 0
96  3012.96   1.89468     30.5536   2962    	Dead: 0
97  3010.99   1.92461     31.0363   2962    	Dead: 0
98  3004.91   1.73281     27.9433   2962    	Dead: 0
99  3003.38   1.79113     28.8838   2961    	Dead: 0
100 2999.51   1.78657     28.8103   2953    	Dead: 0
