0   5363.64   3.14677     50.7449   5217    	Dead: 0
1   5067.53   3.22208     51.9593   4907    	Dead: 0
2   4836.02   2.12714     34.3022   4741    	Dead: 0
3   4684.74   1.83103     29.5272   4598    	Dead: 0
4   4558.62   1.74215     28.094    4476    	Dead: 0
5   4449.59   1.57155     25.3428   4362    	Dead: 0
6   4341.63   1.57714     25.433    4272    	Dead: 0
7   4270.47   1.42897     23.0436   4205    	Dead: 0
8   4202.46   1.45462     23.4572   4130    	Dead: 0
9   4128.1    1.44301     23.27     4065    	Dead: 0
10  4060.8    1.55313     25.0457   3968    	Dead: 0
11  3990.25   1.39824     22.548    3898    	Dead: 0
12  3916.1    1.54354     24.8911   3834    	Dead: 0
13  3850.23   1.54603     24.9313   3771    	Dead: 0
14  3787.26   1.42606     22.9966   3720    	Dead: 0
15  3738.94   1.32554     21.3756   3668    	Dead: 0
16  3692.92   1.3644      22.0023   3625    	Dead: 0
17  3647.28   1.41052     22.746    3589    	Dead: 0
18  3616.19   1.30738     21.0828   3548    	Dead: 0
19  3590.61   1.35488     21.8489   3515    	Dead: 0
20  3569.91   1.33711     21.5622   3502    	Dead: 0
21  3548.87   1.2876      20.7639   3478    	Dead: 0
22  3524.55   1.42426     22.9677   3459    	Dead: 0
23  3492.35   1.35855     21.908    3421    	Dead: 0
24  3467.25   1.37249     22.1328   3408    	Dead: 0
25  3447.41   1.32362     21.3447   3385    	Dead: 0
26  3430.28   1.33239     21.4861   3370    	Dead: 0
27  3412.48   1.32148     21.3102   3363    	Dead: 0
28  3396.41   1.3149      21.204    3344    	Dead: 0
29  3382.9    1.35459     21.8441   3329    	Dead: 0
30  3370.16   1.38129     22.2747   3312    	Dead: 0
31  3357.82   1.36598     22.0278   3309    	Dead: 0
32  3346.74   1.3151      21.2073   3304    	Dead: 0
33  3336.47   1.34704     21.7223   3285    	Dead: 0
34  3322.88   1.26941     20.4704   3276    	Dead: 0
35  3313.67   1.3065      21.0686   3267    	Dead: 0
36  3304.13   1.29502     20.8834   3249    	Dead: 0
37  3293.28   1.39587     22.5098   3240    	Dead: 0
38  3281.39   1.34928     21.7585   3234    	Dead: 0
39  3269.2    1.32587     21.381    3218    	Dead: 0
40  3257.59   1.27298     20.5281   3213    	Dead: 0
41  3246.23   1.24854     20.134    3200    	Dead: 0
42  3238.52   1.25603     20.2548   3189    	Dead: 0
43  3233.07   1.3193      21.2751   3189    	Dead: 0
44  3226.41   1.32363     21.3448   3188    	Dead: 0
45  3218.7    1.2963      20.9041   3181    	Dead: 0
46  3212.66   1.26253     20.3595   3176    	Dead: 0
47  3205.62   1.28972     20.7981   3164    	Dead: 0
48  3197.94   1.27817     20.6117   3156    	Dead: 0
49  3189.34   1.24837     20.1311   3139    	Dead: 0
50  3181.56   1.2359      19.9301   3139    	Dead: 0
51  3174.27   1.18146     19.0523   3139    	Dead: 0
52  3169.12   1.29625     20.9033   3127    	Dead: 0
53  3162.56   1.21644     19.6164   3124    	Dead: 0
54  3159.05   1.34013     21.6109   3118    	Dead: 0
55  3153.84   1.29638     20.9054   3107    	Dead: 0
56  3149.46   1.32389     21.3491   3094    	Dead: 0
57  3142.58   1.2394      19.9866   3094    	Dead: 0
58  3135.09   1.33032     21.4528   3087    	Dead: 0
59  3126.71   1.33178     21.4763   3077    	Dead: 0
60  3118.01   1.31792     21.2527   3074    	Dead: 0
61  3111.45   1.45314     23.4333   3062    	Dead: 0
62  3102.04   1.41201     22.7701   3055    	Dead: 0
63  3093.28   1.37298     22.1406   3053    	Dead: 0
64  3086.53   1.37903     22.2382   3043    	Dead: 0
65  3080.28   1.49243     24.0669   3030    	Dead: 0
66  3074.19   1.54302     24.8828   3030    	Dead: 0
67  3065.51   1.39046     22.4225   3017    	Dead: 0
68  3059.63   1.44705     23.3351   3016    	Dead: 0
69  3054.84   1.37772     22.217    3016    	Dead: 0
70  3052.87   1.48486     23.9449   3015    	Dead: 0
71  3048.36   1.43354     23.1172   3003    	Dead: 0
72  3043.59   1.43663     23.167    2998    	Dead: 0
73  3038.76   1.42008     22.9003   2998    	Dead: 0
74  3035.1    1.47012     23.7071   2994    	Dead: 0
75  3029.56   1.42667     23.0064   2990    	Dead: 0
76  3024.45   1.41798     22.8663   2984    	Dead: 0
77  3019.57   1.45881     23.5248   2976    	Dead: 0
78  3015.5    1.55891     25.139    2970    	Dead: 0
79  3009.61   1.44376     23.2821   2965    	Dead: 0
80  3006.12   1.51792     24.4779   2960    	Dead: 0
81  3001.48   1.43735     23.1788   2960    	Dead: 0
82  2997.36   1.54121     24.8535   2951    	Dead: 0
83  2990.53   1.54055     24.843    2936    	Dead: 0
84  2981.02   1.44723     23.3381   2936    	Dead: 0
85  2972.56   1.49156     24.0529   2928    	Dead: 0
86  2962.35   1.46327     23.5966   2902    	Dead: 0
87  2954.03   1.52807     24.6417   2902    	Dead: 0
88  2945.58   1.45231     23.4199   2902    	Dead: 0
89  2939.37   1.52559     24.6016   2897    	Dead: 0
90  2934.02   1.52982     24.6699   2896    	Dead: 0
91  2927.45   1.48894     24.0107   2885    	Dead: 0
92  2923.29   1.53967     24.8287   2879    	Dead: 0
93  2918.02   1.55176     25.0237   2879    	Dead: 0
94  2911.88   1.5306      24.6825   2873    	Dead: 0
95  2908.1    1.5788      25.4598   2869    	Dead: 0
96  2902.6    1.45523     23.467    2865    	Dead: 0
97  2897.64   1.44481     23.299    2862    	Dead: 0
98  2894.69   1.51787     24.4771   2853    	Dead: 0
99  2890.72   1.47966     23.861    2851    	Dead: 0
100 2886.67   1.43958     23.2146   2843    	Dead: 0
