0   4245.43   3.20479     51.6805   4088    	Dead: 0
1   4124.24   2.4797      39.9876   4009    	Dead: 0
2   4048.4    1.92132     30.9832   3943    	Dead: 0
3   3994.59   1.70763     27.5373   3909    	Dead: 0
4   3953.26   1.59316     25.6913   3879    	Dead: 0
5   3920.66   1.4256      22.9893   3858    	Dead: 0
6   3894.5    1.34655     21.7144   3817    	Dead: 0
7   3867.83   1.29913     20.9498   3790    	Dead: 0
8   3845.35   1.24875     20.1374   3783    	Dead: 0
9   3826.43   1.19398     19.254    3757    	Dead: 0
10  3811.36   1.16899     18.8512   3757    	Dead: 0
11  3797.84   1.2424      20.035    3734    	Dead: 0
12  3782.57   1.1703      18.8722   3723    	Dead: 0
13  3771.84   1.25675     20.2663   3718    	Dead: 0
14  3764.08   1.21491     19.5916   3718    	Dead: 0
15  3757.9    1.30444     21.0354   3718    	Dead: 0
16  3752.91   1.34753     21.7302   3707    	Dead: 0
17  3748.28   1.42456     22.9724   3696    	Dead: 0
18  3743.32   1.50836     24.3237   3696    	Dead: 0
19  3736.43   1.50795     24.3173   3679    	Dead: 0
20  3725.68   1.42304     22.9479   3679    	Dead: 0
21  3716.37   1.41955     22.8917   3678    	Dead: 0
22  3706.43   1.35341     21.825    3672    	Dead: 0
23  3699.64   1.35233     21.8077   3663    	Dead: 0
24  3697.23   1.47145     23.7286   3657    	Dead: 0
25  3693.52   1.54687     24.9449   3653    	Dead: 0
26  3690.07   1.55429     25.0646   3651    	Dead: 0
27  3687.41   1.6314      26.3079   3651    	Dead: 0
28  3684.38   1.63974     26.4425   3646    	Dead: 0
29  3681.3    1.69462     27.3274   3646    	Dead: 0
30  3677.67   1.73813     28.029    3644    	Dead: 0
31  3674.1    1.77995     28.7034   3643    	Dead: 0
32  3669.48   1.68899     27.2367   3643    	Dead: 0
33  3669.41   1.79591     28.9609   3635    	Dead: 0
34  3666.13   1.75943     28.3725   3630    	Dead: 0
35  3664.4    1.79344     28.921    3629    	Dead: 0
36  3662.12   1.88338     30.3714   3627    	Dead: 0
37  3659.87   1.88483     30.3948   3625    	Dead: 0
38  3656.86   1.93047     31.1307   3624    	Dead: 0
39  3653.72   2.02855     32.7124   3615    	Dead: 0
40  3649.54   1.9664      31.7102   3611    	Dead: 0
41  3644.57   1.94477     31.3614   3606    	Dead: 0
42  3642.43   2.13503     34.4295   3604    	Dead: 0
43  3636.48   2.16377     34.893    3599    	Dead: 0
44  3632.89   2.08137     33.5641   3598    	Dead: 0
45  3631.13   2.27607     36.7039   3595    	Dead: 0
46  3628.86   2.33325     37.6261   3591    	Dead: 0
47  3627.7    2.4296      39.1798   3586    	Dead: 0
48  3625.75   2.44317     39.3986   3586    	Dead: 0
49  3624.71   2.52559     40.7276   3582    	Dead: 0
50  3620.23   2.42683     39.135    3577    	Dead: 0
51  3622.41   2.72368     43.9221   3577    	Dead: 0
52  3619.12   2.67778     43.1819   3572    	Dead: 0
53  3617.45   2.7007      43.5514   3572    	Dead: 0
54  3613.07   2.66644     42.9991   3565    	Dead: 0
55  3609.77   2.54556     41.0497   3565    	Dead: 0
56  3608.59   2.6345      42.484    3562    	Dead: 0
57  3607.13   2.70481     43.6177   3562    	Dead: 0
58  3604.12   2.61621     42.189    3558    	Dead: 0
59  3601.66   2.68479     43.2949   3556    	Dead: 0
60  3599.93   2.74357     44.2428   3556    	Dead: 0
61  3595.26   2.71361     43.7596   3555    	Dead: 0
62  3594.93   2.89641     46.7075   3551    	Dead: 0
63  3591.55   2.78396     44.8942   3551    	Dead: 0
64  3594.29   3.07955     49.6608   3549    	Dead: 0
65  3591.05   2.90284     46.8113   3548    	Dead: 0
66  3589.7    2.85284     46.005    3545    	Dead: 0
67  3587.49   2.82515     45.5584   3545    	Dead: 0
68  3586.16   2.77778     44.7944   3544    	Dead: 0
69  3586.98   2.99824     48.3497   3541    	Dead: 0
70  3584.06   2.93538     47.3359   3541    	Dead: 0
71  3583.55   2.98148     48.0793   3541    	Dead: 0
72  3582.98   2.93273     47.2932   3541    	Dead: 0
73  3581.84   2.99464     48.2916   3537    	Dead: 0
74  3579.62   2.88416     46.5099   3535    	Dead: 0
75  3581.69   2.95169     47.5989   3535    	Dead: 0
76  3581.24   3.02405     48.7658   3535    	Dead: 0
77  3579.01   2.96092     47.7478   3534    	Dead: 0
78  3576.88   2.90877     46.9068   3533    	Dead: 0
79  3574.51   2.91245     46.9662   3532    	Dead: 0
80  3576.94   3.04337     49.0773   3530    	Dead: 0
81  3574.77   3.05819     49.3164   3530    	Dead: 0
82  3573.6    2.96682     47.843    3528    	Dead: 0
83  3572.09   3.11136     50.1738   3525    	Dead: 0
84  3572.88   3.22737     52.0445   3523    	Dead: 0
85  3570.1    3.13327     50.5271   3520    	Dead: 0
86  3567.25   3.00591     48.4734   3520    	Dead: 0
87  3568.52   3.09816     49.961    3520    	Dead: 0
88  3566.75   3.19511     51.5244   3520    	Dead: 0
89  3565.52   3.14964     50.7911   3520    	Dead: 0
90  3566.14   3.21662     51.8713   3520    	Dead: 0
91  3566.99   3.39741     54.7867   3520    	Dead: 0
92  3564.34   3.21438     51.8351   3519    	Dead: 0
93  3565.13   3.37671     54.4529   3519    	Dead: 0
94  3566.49   3.40785     54.955    3519    	Dead: 0
95  3564.18   3.17069     51.1305   3517    	Dead: 0
96  3562.34   3.17895     51.2637   3517    	Dead: 0
97  3563.73   3.28266     52.9362   3517    	Dead: 0
98  3562.56   3.21639     51.8675   3517    	Dead: 0
99  3561.85   3.31355     53.4343   3517    	Dead: 0
100 3563.43   3.22431     51.9951   3517    	Dead: 0
