0   4249.99   3.1548      50.8743   4110    	Dead: 0
1   4049.92   2.00443     32.3234   3950    	Dead: 0
2   3944.11   1.64299     26.4949   3845    	Dead: 0
3   3861.55   1.34838     21.744    3786    	Dead: 0
4   3817.37   1.3197      21.2815   3747    	Dead: 0
5   3786.71   1.21004     19.5132   3736    	Dead: 0
6   3755.12   1.13408     18.2881   3706    	Dead: 0
7   3733.66   1.25967     20.3134   3676    	Dead: 0
8   3720.28   1.34473     21.6852   3668    	Dead: 0
9   3710.29   1.48346     23.9223   3662    	Dead: 0
10  3698.57   1.59066     25.651    3648    	Dead: 0
11  3682.28   1.67967     27.0864   3633    	Dead: 0
12  3667.73   1.77086     28.5568   3622    	Dead: 0
13  3659.13   1.80393     29.0902   3614    	Dead: 0
14  3654.55   1.83467     29.5859   3614    	Dead: 0
15  3650.33   1.84401     29.7366   3607    	Dead: 0
16  3649.9    2.02818     32.7065   3607    	Dead: 0
17  3646.78   2.03956     32.8899   3607    	Dead: 0
18  3646.2    2.05629     33.1597   3607    	Dead: 0
19  3646.45   2.21947     35.7912   3598    	Dead: 0
20  3644.26   2.20543     35.5648   3598    	Dead: 0
21  3641.36   2.16195     34.8636   3598    	Dead: 0
22  3638.68   2.18681     35.2646   3595    	Dead: 0
23  3636.09   2.22482     35.8774   3583    	Dead: 0
24  3632.18   2.33862     37.7126   3582    	Dead: 0
25  3628.61   2.4331      39.2361   3582    	Dead: 0
26  3623.5    2.38047     38.3874   3576    	Dead: 0
27  3618.67   2.42654     39.1303   3569    	Dead: 0
28  3616.19   2.49544     40.2415   3565    	Dead: 0
29  3611.95   2.44071     39.3589   3565    	Dead: 0
30  3609.14   2.53142     40.8216   3554    	Dead: 0
31  3604.65   2.49566     40.245    3552    	Dead: 0
32  3604.09   2.6737      43.1161   3552    	Dead: 0
33  3599.36   2.61125     42.109    3547    	Dead: 0
34  3596.2    2.72586     43.9572   3539    	Dead: 0
35  3590.53   2.66346     42.9509   3537    	Dead: 0
36  3587.23   2.75244     44.3859   3530    	Dead: 0
37  3579.89   2.68765     43.3411   3520    	Dead: 0
38  3576.3    2.67617     43.156    3520    	Dead: 0
39  3575.51   2.88002     46.4433   3517    	Dead: 0
40  3570.98   2.85108     45.9765   3516    	Dead: 0
41  3571.06   3.06034     49.3511   3515    	Dead: 0
42  3567.05   3.07112     49.5249   3510    	Dead: 0
43  3566.37   3.20684     51.7135   3506    	Dead: 0
44  3565.12   3.18566     51.372    3506    	Dead: 0
45  3563.01   3.23092     52.1018   3505    	Dead: 0
46  3562.04   3.33372     53.7595   3500    	Dead: 0
47  3562.09   3.4428      55.5186   3500    	Dead: 0
48  3557.24   3.3097      53.3723   3500    	Dead: 0
49  3557.65   3.37366     54.4037   3500    	Dead: 0
50  3557.58   3.43339     55.3668   3500    	Dead: 0
51  3554.88   3.43869     55.4524   3498    	Dead: 0
52  3556.07   3.52752     56.8848   3498    	Dead: 0
53  3557.48   3.55012     57.2493   3495    	Dead: 0
54  3557.79   3.5506      57.257    3495    	Dead: 0
55  3560.71   3.79155     61.1425   3495    	Dead: 0
56  3559.12   3.75289     60.5191   3491    	Dead: 0
57  3559.03   3.67693     59.2942   3491    	Dead: 0
58  3557.42   3.68136     59.3655   3491    	Dead: 0
59  3558.62   3.75933     60.623    3491    	Dead: 0
60  3557.19   3.73066     60.1606   3491    	Dead: 0
61  3559.66   3.94111     63.5544   3491    	Dead: 0
62  3558.25   3.92004     63.2145   3491    	Dead: 0
63  3559.18   3.945       63.6171   3486    	Dead: 0
64  3559.12   4.06607     65.5695   3483    	Dead: 0
65  3559.37   4.0308      65.0007   3483    	Dead: 0
66  3559.72   4.04675     65.2578   3483    	Dead: 0
67  3558.99   4.08408     65.8598   3480    	Dead: 0
68  3558.31   4.07634     65.7351   3479    	Dead: 0
69  3557.83   4.03295     65.0354   3479    	Dead: 0
70  3555.82   4.10562     66.2072   3479    	Dead: 0
71  3556.31   4.13189     66.6309   3479    	Dead: 0
72  3554.12   4.09439     66.0262   3479    	Dead: 0
73  3552.51   4.00791     64.6316   3479    	Dead: 0
74  3552.57   4.03522     65.0719   3479    	Dead: 0
75  3554.77   4.15886     67.0657   3478    	Dead: 0
76  3552.84   4.18443     67.4782   3470    	Dead: 0
77  3548.34   4.09802     66.0846   3470    	Dead: 0
78  3553.84   4.18926     67.556    3470    	Dead: 0
79  3553.22   4.25203     68.5683   3470    	Dead: 0
80  3549.86   4.18594     67.5025   3470    	Dead: 0
81  3547.38   4.15964     67.0783   3470    	Dead: 0
82  3548.33   4.19161     67.5939   3469    	Dead: 0
83  3548.77   4.22136     68.0736   3469    	Dead: 0
84  3549.24   4.13231     66.6377   3469    	Dead: 0
85  3548.54   4.21968     68.0466   3469    	Dead: 0
86  3548.62   4.29734     69.2989   3468    	Dead: 0
87  3544.61   4.17431     67.315    3467    	Dead: 0
88  3545.44   4.30484     69.4198   3465    	Dead: 0
89  3543.82   4.10765     66.24     3465    	Dead: 0
90  3545.69   4.26591     68.7921   3465    	Dead: 0
91  3544.19   4.24319     68.4256   3464    	Dead: 0
92  3544.79   4.29178     69.2093   3463    	Dead: 0
93  3541.63   4.23297     68.2609   3462    	Dead: 0
94  3542.94   4.33574     69.9181   3459    	Dead: 0
95  3539.37   4.27408     68.9238   3459    	Dead: 0
96  3540.87   4.29573     69.273    3454    	Dead: 0
97  3538.3    4.27676     68.967    3453    	Dead: 0
98  3537.91   4.26065     68.7072   3453    	Dead: 0
99  3535.66   4.19294     67.6153   3453    	Dead: 0
100 3535.21   4.34002     69.9872   3453    	Dead: 0
