0   4248.14   3.18754     51.4023   4090    	Dead: 0
1   4049.47   2.08184     33.5717   3948    	Dead: 0
2   3942.77   1.65009     26.6094   3878    	Dead: 0
3   3883.47   1.31931     21.2753   3822    	Dead: 0
4   3842.99   1.36955     22.0854   3774    	Dead: 0
5   3813.32   1.37766     22.2162   3742    	Dead: 0
6   3793.09   1.38081     22.267    3739    	Dead: 0
7   3775.81   1.47649     23.8099   3720    	Dead: 0
8   3747.14   1.50173     24.2169   3697    	Dead: 0
9   3720.08   1.10216     17.7734   3674    	Dead: 0
10  3707.15   1.25318     20.2088   3669    	Dead: 0
11  3693.86   1.33802     21.5768   3660    	Dead: 0
12  3685.54   1.36181     21.9605   3647    	Dead: 0
13  3680.71   1.58167     25.506    3643    	Dead: 0
14  3675.64   1.58469     25.5546   3633    	Dead: 0
15  3671.73   1.60981     25.9598   3630    	Dead: 0
16  3669.18   1.68475     27.1682   3630    	Dead: 0
17  3664.48   1.60876     25.9429   3629    	Dead: 0
18  3662.3    1.7031      27.4643   3622    	Dead: 0
19  3660.93   1.89563     30.5689   3622    	Dead: 0
20  3654.03   1.75477     28.2974   3618    	Dead: 0
21  3648.42   1.76091     28.3964   3608    	Dead: 0
22  3645.68   1.74475     28.1358   3606    	Dead: 0
23  3645.06   1.89039     30.4844   3606    	Dead: 0
24  3641.41   1.87846     30.292    3605    	Dead: 0
25  3637.42   1.8586      29.9718   3603    	Dead: 0
26  3635.9    1.93415     31.19     3599    	Dead: 0
27  3635.05   1.98149     31.9535   3595    	Dead: 0
28  3633.38   1.96351     31.6635   3594    	Dead: 0
29  3630.38   2.06613     33.3184   3590    	Dead: 0
30  3625.31   2.00411     32.3184   3580    	Dead: 0
31  3621.26   2.15785     34.7976   3572    	Dead: 0
32  3615.64   2.08809     33.6725   3572    	Dead: 0
33  3607.57   1.98479     32.0067   3572    	Dead: 0
34  3605.05   2.04816     33.0286   3570    	Dead: 0
35  3602.1    2.16341     34.8872   3567    	Dead: 0
36  3598.43   2.06004     33.2202   3566    	Dead: 0
37  3600.19   2.31825     37.384    3561    	Dead: 0
38  3597.28   2.28707     36.8812   3561    	Dead: 0
39  3595.44   2.20478     35.5544   3559    	Dead: 0
40  3592.76   2.23787     36.0879   3554    	Dead: 0
41  3589.99   2.30588     37.1847   3550    	Dead: 0
42  3587.19   2.42827     39.1583   3550    	Dead: 0
43  3584.46   2.34949     37.8879   3543    	Dead: 0
44  3579.01   2.34997     37.8957   3536    	Dead: 0
45  3573.9    2.30971     37.2464   3531    	Dead: 0
46  3567.69   2.38871     38.5203   3526    	Dead: 0
47  3565.27   2.51013     40.4783   3521    	Dead: 0
48  3560.33   2.48576     40.0853   3516    	Dead: 0
49  3561.28   2.82238     45.5137   3515    	Dead: 0
50  3556.75   2.79097     45.0071   3510    	Dead: 0
51  3554.98   2.84631     45.8996   3505    	Dead: 0
52  3548.33   2.68786     43.3444   3505    	Dead: 0
53  3546.23   2.78157     44.8556   3500    	Dead: 0
54  3542.88   2.72298     43.9107   3500    	Dead: 0
55  3539.49   2.71224     43.7376   3497    	Dead: 0
56  3537.63   2.68202     43.2503   3495    	Dead: 0
57  3537.02   2.70603     43.6374   3490    	Dead: 0
58  3532.84   2.68597     43.3139   3490    	Dead: 0
59  3528.58   2.76123     44.5276   3482    	Dead: 0
60  3524.79   2.74088     44.1995   3482    	Dead: 0
61  3523.09   2.84429     45.867    3476    	Dead: 0
62  3518.4    2.73641     44.1274   3476    	Dead: 0
63  3517.36   2.91851     47.0639   3471    	Dead: 0
64  3515.24   3.00289     48.4246   3469    	Dead: 0
65  3512.55   2.94089     47.4248   3464    	Dead: 0
66  3511.7    3.0141      48.6054   3463    	Dead: 0
67  3510.29   2.94929     47.5603   3463    	Dead: 0
68  3506.06   2.93806     47.3791   3459    	Dead: 0
69  3501.42   2.89963     46.7594   3454    	Dead: 0
70  3502.55   3.05495     49.2641   3453    	Dead: 0
71  3498.4    2.97891     48.0379   3447    	Dead: 0
72  3495.67   3.09742     49.949    3447    	Dead: 0
73  3491.75   3.12391     50.3762   3441    	Dead: 0
74  3488.79   2.98873     48.1963   3439    	Dead: 0
75  3487.82   3.00873     48.5188   3437    	Dead: 0
76  3486.7    3.16588     51.053    3437    	Dead: 0
77  3486.8    3.22911     52.0726   3433    	Dead: 0
78  3482.96   3.19839     51.5772   3428    	Dead: 0
79  3475.5    3.03155     48.8868   3427    	Dead: 0
80  3474.08   3.20854     51.741    3425    	Dead: 0
81  3470.54   3.13317     50.5255   3422    	Dead: 0
82  3468.85   3.19474     51.5183   3422    	Dead: 0
83  3469.5    3.22593     52.0214   3422    	Dead: 0
84  3469.11   3.19478     51.5191   3420    	Dead: 0
85  3467.88   3.30885     53.3585   3420    	Dead: 0
86  3466.66   3.32455     53.6116   3420    	Dead: 0
87  3466.35   3.27329     52.7851   3419    	Dead: 0
88  3467.7    3.32631     53.64     3419    	Dead: 0
89  3467.11   3.25236     52.4476   3418    	Dead: 0
90  3463.25   3.2178      51.8902   3418    	Dead: 0
91  3465.6    3.20141     51.626    3417    	Dead: 0
92  3465.87   3.31302     53.4257   3417    	Dead: 0
93  3463.7    3.24874     52.3891   3417    	Dead: 0
94  3463.7    3.31458     53.4509   3415    	Dead: 0
95  3463.48   3.42122     55.1706   3415    	Dead: 0
96  3461.73   3.32888     53.6815   3414    	Dead: 0
97  3462.16   3.54795     57.2142   3410    	Dead: 0
98  3461.58   3.36784     54.3097   3403    	Dead: 0
99  3460.66   3.44358     55.5312   3403    	Dead: 0
100 3458.33   3.41702     55.1029   3403    	Dead: 0
