0   4242.86   3.22012     51.9277   4065    	Dead: 0
1   4126.38   2.4952      40.2376   4007    	Dead: 0
2   4051.23   1.85303     29.8819   3955    	Dead: 0
3   3999.44   1.71638     27.6783   3910    	Dead: 0
4   3957.94   1.56791     25.284    3886    	Dead: 0
5   3921.2    1.36794     22.0594   3868    	Dead: 0
6   3893.4    1.25859     20.2961   3837    	Dead: 0
7   3873.07   1.19266     19.2329   3807    	Dead: 0
8   3853.14   1.12926     18.2105   3802    	Dead: 0
9   3835.36   1.09893     17.7214   3776    	Dead: 0
10  3820.45   1.0472      16.8871   3774    	Dead: 0
11  3808.19   1.10321     17.7904   3757    	Dead: 0
12  3796.47   1.02347     16.5045   3757    	Dead: 0
13  3787.75   0.980906    15.8181   3738    	Dead: 0
14  3781.32   1.02356     16.5059   3736    	Dead: 0
15  3774.78   1.10213     17.773    3727    	Dead: 0
16  3770.92   1.17297     18.9152   3727    	Dead: 0
17  3765.97   1.15018     18.5478   3721    	Dead: 0
18  3761.36   1.18611     19.1273   3718    	Dead: 0
19  3754.02   1.16282     18.7517   3708    	Dead: 0
20  3746.99   1.22986     19.8327   3704    	Dead: 0
21  3739.15   1.14851     18.5208   3689    	Dead: 0
22  3734.14   1.24696     20.1085   3686    	Dead: 0
23  3729.08   1.32943     21.4384   3686    	Dead: 0
24  3720.99   1.18492     19.108    3686    	Dead: 0
25  3717.62   1.37887     22.2357   3681    	Dead: 0
26  3712.51   1.38341     22.3089   3675    	Dead: 0
27  3710.36   1.42106     22.916    3675    	Dead: 0
28  3707.37   1.45335     23.4368   3674    	Dead: 0
29  3705.38   1.54224     24.8702   3674    	Dead: 0
30  3701.36   1.49054     24.0365   3667    	Dead: 0
31  3699.1    1.54497     24.9142   3667    	Dead: 0
32  3698.17   1.64974     26.6038   3657    	Dead: 0
33  3694.82   1.65121     26.6275   3657    	Dead: 0
34  3690.85   1.58289     25.5257   3657    	Dead: 0
35  3687.76   1.68923     27.2405   3649    	Dead: 0
36  3684.61   1.71944     27.7277   3648    	Dead: 0
37  3682.61   1.86121     30.0139   3638    	Dead: 0
38  3680.03   1.9379      31.2506   3638    	Dead: 0
39  3678.23   2.03521     32.8197   3634    	Dead: 0
40  3674.51   2.04795     33.0253   3631    	Dead: 0
41  3672.42   2.10786     33.9913   3629    	Dead: 0
42  3667.41   2.08692     33.6536   3626    	Dead: 0
43  3665.69   2.15134     34.6925   3626    	Dead: 0
44  3662.79   2.25026     36.2878   3624    	Dead: 0
45  3659.56   2.22599     35.8963   3619    	Dead: 0
46  3657.98   2.21253     35.6793   3617    	Dead: 0
47  3655.18   2.28419     36.8348   3617    	Dead: 0
48  3652.53   2.25238     36.3218   3610    	Dead: 0
49  3649.49   2.21451     35.7112   3610    	Dead: 0
50  3648.3    2.35333     37.9498   3609    	Dead: 0
51  3643.8    2.37463     38.2933   3602    	Dead: 0
52  3641.15   2.34316     37.7858   3602    	Dead: 0
53  3637.26   2.2887      36.9076   3601    	Dead: 0
54  3636.22   2.25441     36.3547   3599    	Dead: 0
55  3632.54   2.21668     35.7462   3596    	Dead: 0
56  3627.39   2.13479     34.4257   3593    	Dead: 0
57  3625.57   2.22262     35.842    3592    	Dead: 0
58  3625.33   2.32696     37.5245   3586    	Dead: 0
59  3622.86   2.2138      35.6997   3586    	Dead: 0
60  3619.74   2.19542     35.4033   3585    	Dead: 0
61  3618.21   2.23627     36.0622   3582    	Dead: 0
62  3615.29   2.12371     34.2469   3576    	Dead: 0
63  3615.31   2.3065      37.1946   3576    	Dead: 0
64  3610.72   2.15598     34.7673   3575    	Dead: 0
65  3609.38   2.23047     35.9686   3572    	Dead: 0
66  3608.92   2.32173     37.4402   3571    	Dead: 0
67  3606.88   2.31064     37.2614   3567    	Dead: 0
68  3606.73   2.36898     38.2022   3567    	Dead: 0
69  3607.29   2.439       39.3312   3567    	Dead: 0
70  3604.9    2.38806     38.5099   3566    	Dead: 0
71  3605.39   2.43198     39.2182   3564    	Dead: 0
72  3603.6    2.50278     40.3598   3563    	Dead: 0
73  3602.59   2.52741     40.757    3562    	Dead: 0
74  3602.28   2.67022     43.06     3560    	Dead: 0
75  3600.47   2.66567     42.9866   3560    	Dead: 0
76  3601.61   2.77337     44.7234   3558    	Dead: 0
77  3600.28   2.79943     45.1436   3558    	Dead: 0
78  3599.11   2.8502      45.9624   3558    	Dead: 0
79  3598.18   2.86488     46.199    3557    	Dead: 0
80  3597.3    2.84713     45.9128   3556    	Dead: 0
81  3597.85   2.83084     45.6502   3556    	Dead: 0
82  3597.61   2.90455     46.8388   3556    	Dead: 0
83  3596.79   2.96632     47.8349   3556    	Dead: 0
84  3594.37   2.88589     46.5379   3555    	Dead: 0
85  3592.46   2.83386     45.6988   3550    	Dead: 0
86  3592.46   2.85879     46.1008   3546    	Dead: 0
87  3591.12   2.82629     45.5767   3546    	Dead: 0
88  3589.91   2.87987     46.4408   3538    	Dead: 0
89  3584.88   2.82128     45.4959   3538    	Dead: 0
90  3584.92   2.88939     46.5943   3533    	Dead: 0
91  3582.62   2.75804     44.4761   3533    	Dead: 0
92  3576.58   2.60757     42.0497   3533    	Dead: 0
93  3575.87   2.73587     44.1187   3533    	Dead: 0
94  3571.79   2.66356     42.9525   3533    	Dead: 0
95  3570.94   2.70969     43.6964   3528    	Dead: 0
96  3570.29   2.8571      46.0736   3526    	Dead: 0
97  3565.86   2.73072     44.0356   3526    	Dead: 0
98  3564.59   2.7718      44.698    3526    	Dead: 0
99  3565.18   2.82973     45.6321   3526    	Dead: 0
100 3564.03   2.78309     44.8801   3526    	Dead: 0
