0   4247.8    3.17009     51.1209   4086    	Dead: 0
1   4043.54   2.03237     32.7741   3939    	Dead: 0
2   3937.32   1.51896     24.4947   3854    	Dead: 0
3   3875.23   1.19781     19.3158   3827    	Dead: 0
4   3836.65   1.06408     17.1594   3791    	Dead: 0
5   3809.77   1.18333     19.0824   3762    	Dead: 0
6   3782.3    1.13507     18.3042   3741    	Dead: 0
7   3766.5    1.13417     18.2897   3730    	Dead: 0
8   3753.31   1.21793     19.6404   3705    	Dead: 0
9   3738.35   1.27231     20.5173   3698    	Dead: 0
10  3728.68   1.37277     22.1373   3686    	Dead: 0
11  3722.71   1.49395     24.0914   3686    	Dead: 0
12  3715.83   1.5049      24.268    3668    	Dead: 0
13  3706.2    1.50436     24.2593   3665    	Dead: 0
14  3693.5    1.54917     24.9819   3653    	Dead: 0
15  3687.16   1.76444     28.4534   3645    	Dead: 0
16  3679.02   1.78765     28.8276   3639    	Dead: 0
17  3671.43   1.69086     27.2668   3634    	Dead: 0
18  3667.7    1.898       30.6072   3631    	Dead: 0
19  3663.47   1.87303     30.2046   3628    	Dead: 0
20  3660.64   1.85394     29.8967   3625    	Dead: 0
21  3658.31   1.97231     31.8055   3616    	Dead: 0
22  3655.84   2.1284      34.3226   3616    	Dead: 0
23  3650.94   1.98915     32.0771   3616    	Dead: 0
24  3649.01   2.22108     35.8171   3612    	Dead: 0
25  3648.74   2.50235     40.353    3606    	Dead: 0
26  3644.72   2.56428     41.3516   3604    	Dead: 0
27  3646.32   3.01762     48.6622   3601    	Dead: 0
28  3644.32   3.10657     50.0965   3597    	Dead: 0
29  3644.67   3.21224     51.8007   3597    	Dead: 0
30  3642.23   3.24475     52.3248   3592    	Dead: 0
31  3639.25   3.25982     52.5679   3589    	Dead: 0
32  3632.13   3.13804     50.6041   3578    	Dead: 0
33  3633.17   3.26327     52.6235   3578    	Dead: 0
34  3631.47   3.31508     53.459    3576    	Dead: 0
35  3628.26   3.36438     54.254    3576    	Dead: 0
36  3625.9    3.39322     54.7191   3573    	Dead: 0
37  3620.16   3.26021     52.5741   3573    	Dead: 0
38  3620.03   3.37351     54.4012   3571    	Dead: 0
39  3620.99   3.45802     55.764    3569    	Dead: 0
40  3617.12   3.37688     54.4556   3565    	Dead: 0
41  3615.7    3.4443      55.5428   3565    	Dead: 0
42  3615.19   3.43216     55.347    3565    	Dead: 0
43  3615.18   3.4985      56.4168   3561    	Dead: 0
44  3615.01   3.47715     56.0726   3561    	Dead: 0
45  3614.49   3.50531     56.5266   3561    	Dead: 0
46  3616.42   3.68426     59.4124   3560    	Dead: 0
47  3613.51   3.65262     58.9021   3559    	Dead: 0
48  3615.09   3.65881     59.002    3559    	Dead: 0
49  3619.12   3.83407     61.8283   3558    	Dead: 0
50  3616.46   3.66982     59.1796   3558    	Dead: 0
51  3615.55   3.71368     59.8868   3558    	Dead: 0
52  3614.43   3.61488     58.2936   3558    	Dead: 0
53  3616.48   3.83093     61.7776   3555    	Dead: 0
54  3613.68   3.67931     59.3326   3553    	Dead: 0
55  3614.15   3.74025     60.3152   3553    	Dead: 0
56  3611.18   3.68445     59.4154   3553    	Dead: 0
57  3609.16   3.69526     59.5897   3553    	Dead: 0
58  3608.71   3.72305     60.0378   3548    	Dead: 0
59  3607.95   3.73439     60.2208   3548    	Dead: 0
60  3601.52   3.55061     57.2572   3548    	Dead: 0
61  3599.43   3.51906     56.7483   3548    	Dead: 0
62  3591.92   3.26155     52.5957   3548    	Dead: 0
63  3592.4    3.3448      53.9383   3547    	Dead: 0
64  3593.64   3.47397     56.0213   3543    	Dead: 0
65  3591.26   3.36869     54.3235   3543    	Dead: 0
66  3589.9    3.28326     52.9459   3538    	Dead: 0
67  3592.78   3.54782     57.2122   3538    	Dead: 0
68  3590.67   3.52126     56.7838   3538    	Dead: 0
69  3588.11   3.5132      56.6539   3533    	Dead: 0
70  3587.5    3.58043     57.738    3533    	Dead: 0
71  3584.05   3.49747     56.4002   3533    	Dead: 0
72  3581.11   3.4701      55.9589   3533    	Dead: 0
73  3578.44   3.32982     53.6967   3532    	Dead: 0
74  3576.6    3.32932     53.6887   3529    	Dead: 0
75  3582.88   3.61164     58.2413   3528    	Dead: 0
76  3577.67   3.45209     55.6685   3523    	Dead: 0
77  3576.06   3.54065     57.0966   3520    	Dead: 0
78  3572.12   3.26533     52.6567   3520    	Dead: 0
79  3571.96   3.44419     55.541    3518    	Dead: 0
80  3568      3.47932     56.1075   3518    	Dead: 0
81  3569.15   3.57164     57.5963   3515    	Dead: 0
82  3563.88   3.45566     55.7261   3511    	Dead: 0
83  3562.6    3.57288     57.6163   3511    	Dead: 0
84  3560.68   3.61917     58.3628   3509    	Dead: 0
85  3561.67   3.70764     59.7895   3509    	Dead: 0
86  3559.25   3.68474     59.4201   3506    	Dead: 0
87  3560.81   3.77641     60.8984   3506    	Dead: 0
88  3561.21   3.82248     61.6412   3504    	Dead: 0
89  3556.2    3.73925     60.2992   3504    	Dead: 0
90  3557.82   3.85275     62.1294   3502    	Dead: 0
91  3551.99   3.59349     57.9486   3502    	Dead: 0
92  3553.9    3.80009     61.2803   3499    	Dead: 0
93  3554.11   3.94854     63.6742   3499    	Dead: 0
94  3556.55   4.0562      65.4102   3498    	Dead: 0
95  3554.35   3.93606     63.4728   3497    	Dead: 0
96  3553.63   4.07252     65.6734   3495    	Dead: 0
97  3553.12   4.0663      65.5731   3495    	Dead: 0
98  3554.87   4.2262      68.1517   3495    	Dead: 0
99  3552.29   4.168       67.2131   3486    	Dead: 0
100 3555.12   4.2856      69.1095   3486    	Dead: 0
