0   4248.38   3.00437     48.4485   4105    	Dead: 0
1   4056.99   2.04377     32.9578   3969    	Dead: 0
2   3949.03   1.6159      26.0579   3871    	Dead: 0
3   3852.99   1.47147     23.729    3777    	Dead: 0
4   3799.74   1.19401     19.2545   3751    	Dead: 0
5   3769.67   1.10637     17.8413   3716    	Dead: 0
6   3742.72   1.10583     17.8326   3691    	Dead: 0
7   3717.07   1.01334     16.3411   3674    	Dead: 0
8   3701.35   1.08667     17.5237   3660    	Dead: 0
9   3692.39   1.14086     18.3975   3655    	Dead: 0
10  3683.26   1.21982     19.6708   3649    	Dead: 0
11  3675.04   1.24641     20.0996   3641    	Dead: 0
12  3668.8    1.2248      19.7511   3627    	Dead: 0
13  3663.76   1.27791     20.6075   3627    	Dead: 0
14  3657.52   1.35022     21.7736   3621    	Dead: 0
15  3649.95   1.29045     20.8098   3609    	Dead: 0
16  3645.09   1.49543     24.1152   3606    	Dead: 0
17  3638.2    1.52361     24.5697   3604    	Dead: 0
18  3632.31   1.69475     27.3296   3589    	Dead: 0
19  3626.5    1.78346     28.7601   3589    	Dead: 0
20  3622.98   1.91757     30.9228   3585    	Dead: 0
21  3619.03   1.95079     31.4584   3583    	Dead: 0
22  3618.36   2.1793      35.1433   3581    	Dead: 0
23  3613.58   2.18523     35.239    3577    	Dead: 0
24  3610.68   2.12294     34.2346   3573    	Dead: 0
25  3607.46   2.09093     33.7183   3573    	Dead: 0
26  3606.05   2.14804     34.6394   3571    	Dead: 0
27  3601.46   2.06205     33.2526   3565    	Dead: 0
28  3599.64   2.25281     36.3289   3563    	Dead: 0
29  3597.18   2.27062     36.6161   3560    	Dead: 0
30  3594.83   2.28956     36.9215   3557    	Dead: 0
31  3588.72   2.2521      36.3174   3550    	Dead: 0
32  3585.24   2.32448     37.4845   3543    	Dead: 0
33  3579.6    2.2278      35.9256   3543    	Dead: 0
34  3575.3    2.13783     34.4746   3537    	Dead: 0
35  3571.62   2.21563     35.7293   3535    	Dead: 0
36  3567.06   2.24608     36.2203   3530    	Dead: 0
37  3565.03   2.36294     38.1047   3528    	Dead: 0
38  3560.36   2.35575     37.9889   3525    	Dead: 0
39  3558.2    2.4892      40.1409   3520    	Dead: 0
40  3555.35   2.3974      38.6605   3516    	Dead: 0
41  3550.77   2.28755     36.889    3509    	Dead: 0
42  3550.22   2.37372     38.2786   3507    	Dead: 0
43  3544.06   2.28802     36.8967   3504    	Dead: 0
44  3538.75   2.27577     36.6991   3496    	Dead: 0
45  3535.78   2.34759     37.8573   3496    	Dead: 0
46  3535.87   2.51527     40.5612   3495    	Dead: 0
47  3531.92   2.37011     38.2204   3495    	Dead: 0
48  3532.7    2.4982      40.286    3489    	Dead: 0
49  3532.17   2.57809     41.5742   3484    	Dead: 0
50  3532.43   2.69087     43.393    3484    	Dead: 0
51  3530.91   2.71774     43.8263   3480    	Dead: 0
52  3525.43   2.64966     42.7284   3480    	Dead: 0
53  3521.37   2.69292     43.4261   3479    	Dead: 0
54  3526.49   2.98914     48.2028   3475    	Dead: 0
55  3524.31   2.97859     48.0327   3474    	Dead: 0
56  3522.44   3.05007     49.1854   3474    	Dead: 0
57  3522.66   3.0682      49.4779   3474    	Dead: 0
58  3524.04   3.1934      51.4967   3472    	Dead: 0
59  3521.1    3.07242     49.5459   3471    	Dead: 0
60  3519.81   2.94476     47.4872   3471    	Dead: 0
61  3519.12   3.11153     50.1766   3470    	Dead: 0
62  3522.27   3.19238     51.4804   3466    	Dead: 0
63  3521.09   3.2393      52.237    3466    	Dead: 0
64  3517.75   3.13614     50.5734   3462    	Dead: 0
65  3513.83   2.97477     47.9712   3462    	Dead: 0
66  3515.41   3.16461     51.0325   3462    	Dead: 0
67  3512.73   3.07881     49.649    3462    	Dead: 0
68  3511.16   3.20224     51.6393   3462    	Dead: 0
69  3509.71   3.1285      50.4502   3462    	Dead: 0
70  3508.84   3.10327     50.0433   3462    	Dead: 0
71  3508.51   3.13627     50.5755   3460    	Dead: 0
72  3511.18   3.24633     52.3503   3457    	Dead: 0
73  3508.16   3.1382      50.6066   3457    	Dead: 0
74  3507.32   3.13567     50.5659   3457    	Dead: 0
75  3510.9    3.26374     52.6311   3457    	Dead: 0
76  3509.28   3.30256     53.2571   3457    	Dead: 0
77  3507.4    3.16072     50.9697   3457    	Dead: 0
78  3507.79   3.2004      51.6097   3455    	Dead: 0
79  3508.95   3.27289     52.7787   3450    	Dead: 0
80  3505.52   3.15485     50.8751   3449    	Dead: 0
81  3506.91   3.33846     53.836    3449    	Dead: 0
82  3505.62   3.22184     51.9554   3449    	Dead: 0
83  3503.59   3.22726     52.0428   3449    	Dead: 0
84  3502.1    3.24032     52.2534   3449    	Dead: 0
85  3499.76   3.27154     52.7569   3449    	Dead: 0
86  3499.42   3.33252     53.7402   3449    	Dead: 0
87  3496.56   3.14012     50.6376   3449    	Dead: 0
88  3495.32   3.26241     52.6097   3445    	Dead: 0
89  3493.91   3.19138     51.4642   3445    	Dead: 0
90  3492.69   3.15853     50.9344   3444    	Dead: 0
91  3491.06   3.22685     52.0362   3444    	Dead: 0
92  3489.15   3.21798     51.8932   3439    	Dead: 0
93  3488.81   3.30686     53.3264   3435    	Dead: 0
94  3487.57   3.34407     53.9264   3434    	Dead: 0
95  3486.97   3.49003     56.2802   3434    	Dead: 0
96  3484.07   3.45538     55.7214   3430    	Dead: 0
97  3480.18   3.54866     57.2257   3429    	Dead: 0
98  3477.31   3.55141     57.27     3424    	Dead: 0
99  3474.86   3.46944     55.9481   3424    	Dead: 0
100 3474.03   3.50269     56.4844   3424    	Dead: 0
