0   4248.6    3.18803     51.4102   4108    	Dead: 0
1   4029.01   2.40037     38.7084   3910    	Dead: 0
2   3907.01   1.39872     22.5558   3822    	Dead: 0
3   3846.98   1.20856     19.4893   3804    	Dead: 0
4   3815.38   1.04496     16.8511   3764    	Dead: 0
5   3791.9    1.09841     17.713    3751    	Dead: 0
6   3772.59   1.08441     17.4872   3734    	Dead: 0
7   3755.26   1.04746     16.8914   3714    	Dead: 0
8   3741.07   1.15266     18.5877   3698    	Dead: 0
9   3733.39   1.28166     20.6681   3693    	Dead: 0
10  3723.67   1.31619     21.2249   3676    	Dead: 0
11  3707.45   1.35186     21.8001   3668    	Dead: 0
12  3697.15   1.37322     22.1445   3662    	Dead: 0
13  3691.13   1.49122     24.0473   3652    	Dead: 0
14  3684.02   1.52219     24.5468   3647    	Dead: 0
15  3675.18   1.60303     25.8504   3628    	Dead: 0
16  3661.41   1.65158     26.6335   3625    	Dead: 0
17  3652.38   1.60154     25.8265   3619    	Dead: 0
18  3646.22   1.59063     25.6505   3611    	Dead: 0
19  3642.33   1.72352     27.7935   3610    	Dead: 0
20  3639.9    1.89026     30.4824   3608    	Dead: 0
21  3637.34   2.08855     33.68     3596    	Dead: 0
22  3633.29   2.22459     35.8737   3586    	Dead: 0
23  3629.55   2.27897     36.7506   3586    	Dead: 0
24  3628.89   2.45501     39.5895   3586    	Dead: 0
25  3631.02   2.78066     44.8409   3586    	Dead: 0
26  3630.21   3.03459     48.9358   3582    	Dead: 0
27  3629.94   3.16086     50.9721   3581    	Dead: 0
28  3629.42   3.22197     51.9575   3580    	Dead: 0
29  3630.19   3.31948     53.5299   3579    	Dead: 0
30  3627.04   3.26144     52.5941   3576    	Dead: 0
31  3624.08   3.24735     52.3668   3571    	Dead: 0
32  3625.28   3.32116     53.557    3571    	Dead: 0
33  3625.64   3.40944     54.9807   3571    	Dead: 0
34  3622.89   3.36041     54.19     3570    	Dead: 0
35  3623.43   3.41114     55.0081   3566    	Dead: 0
36  3621.68   3.50997     56.6017   3565    	Dead: 0
37  3622.2    3.57515     57.6529   3565    	Dead: 0
38  3620.39   3.65509     58.9421   3564    	Dead: 0
39  3615.14   3.49568     56.3713   3560    	Dead: 0
40  3617.88   3.69664     59.612    3560    	Dead: 0
41  3616.57   3.74081     60.3243   3560    	Dead: 0
42  3614.59   3.67131     59.2035   3559    	Dead: 0
43  3614.61   3.76155     60.6588   3555    	Dead: 0
44  3611.55   3.69208     59.5385   3555    	Dead: 0
45  3610.57   3.65911     59.0068   3550    	Dead: 0
46  3610.42   3.69215     59.5396   3550    	Dead: 0
47  3609.05   3.67325     59.2348   3550    	Dead: 0
48  3606.76   3.68636     59.4463   3548    	Dead: 0
49  3604.64   3.76748     60.7544   3548    	Dead: 0
50  3607.49   3.86676     62.3553   3548    	Dead: 0
51  3602.62   3.71678     59.9369   3546    	Dead: 0
52  3604.11   3.88709     62.6832   3542    	Dead: 0
53  3601.68   3.84389     61.9866   3542    	Dead: 0
54  3601.05   3.9265      63.3188   3542    	Dead: 0
55  3596.15   3.84345     61.9794   3541    	Dead: 0
56  3595.86   3.84939     62.0752   3538    	Dead: 0
57  3596.56   4.05978     65.468    3537    	Dead: 0
58  3593.93   3.92323     63.2661   3536    	Dead: 0
59  3593.5    4.00266     64.5469   3536    	Dead: 0
60  3594.48   4.02491     64.9057   3532    	Dead: 0
61  3594.09   4.03462     65.0623   3531    	Dead: 0
62  3591.29   3.97811     64.151    3531    	Dead: 0
63  3592.35   4.07885     65.7755   3528    	Dead: 0
64  3588.81   4.03968     65.1439   3528    	Dead: 0
65  3590.01   4.09776     66.0805   3527    	Dead: 0
66  3589.61   4.16278     67.129    3527    	Dead: 0
67  3584.87   4.07489     65.7117   3523    	Dead: 0
68  3587.55   4.17086     67.2593   3523    	Dead: 0
69  3584.15   4.05448     65.3826   3523    	Dead: 0
70  3584.03   4.08455     65.8675   3522    	Dead: 0
71  3583.32   4.27817     68.9897   3521    	Dead: 0
72  3583.03   4.1875      67.5277   3518    	Dead: 0
73  3579.91   4.04717     65.2646   3513    	Dead: 0
74  3579.02   4.03784     65.1141   3513    	Dead: 0
75  3579.38   4.12461     66.5135   3513    	Dead: 0
76  3578.52   4.18648     67.5111   3513    	Dead: 0
77  3576.31   3.98774     64.3063   3513    	Dead: 0
78  3576.31   4.09209     65.9891   3513    	Dead: 0
79  3574.39   4.03915     65.1354   3508    	Dead: 0
80  3573.93   4.07254     65.6738   3508    	Dead: 0
81  3572.48   4.07547     65.721    3508    	Dead: 0
82  3575.08   4.13549     66.689    3508    	Dead: 0
83  3574.39   4.16201     67.1166   3507    	Dead: 0
84  3571.37   4.13535     66.6866   3507    	Dead: 0
85  3572.74   4.24647     68.4786   3507    	Dead: 0
86  3570.41   4.09107     65.9726   3507    	Dead: 0
87  3569.21   4.14965     66.9172   3507    	Dead: 0
88  3571.58   4.18551     67.4956   3505    	Dead: 0
89  3570.06   4.20533     67.8151   3505    	Dead: 0
90  3566.33   4.11421     66.3457   3505    	Dead: 0
91  3567.03   4.21343     67.9457   3505    	Dead: 0
92  3567.8    4.19464     67.6427   3505    	Dead: 0
93  3569.71   4.30658     69.448    3505    	Dead: 0
94  3574.36   4.38147     70.6555   3505    	Dead: 0
95  3568.31   4.26848     68.8335   3505    	Dead: 0
96  3568.98   4.23072     68.2246   3505    	Dead: 0
97  3567.87   4.28953     69.173    3503    	Dead: 0
98  3567.21   4.26144     68.7199   3503    	Dead: 0
99  3567.1    4.32702     69.7775   3502    	Dead: 0
100 3565.1    4.14829     66.8954   3502    	Dead: 0
