0   4250.9    3.12756     50.4351   4121    	Dead: 0
1   4044.32   2.00569     32.3437   3935    	Dead: 0
2   3943.66   1.61015     25.9653   3860    	Dead: 0
3   3878.3    1.48803     23.9959   3803    	Dead: 0
4   3833.68   1.34479     21.6861   3768    	Dead: 0
5   3802.96   1.40713     22.6914   3737    	Dead: 0
6   3778.6    1.5162      24.4503   3715    	Dead: 0
7   3757.84   1.43817     23.1919   3705    	Dead: 0
8   3745.39   1.52921     24.6601   3697    	Dead: 0
9   3735.11   1.48228     23.9032   3692    	Dead: 0
10  3728.53   1.57742     25.4375   3681    	Dead: 0
11  3722.92   1.66331     26.8226   3664    	Dead: 0
12  3716.66   1.73048     27.9057   3664    	Dead: 0
13  3709.62   1.73146     27.9215   3664    	Dead: 0
14  3705.7    1.83712     29.6254   3660    	Dead: 0
15  3700.21   1.82368     29.4086   3642    	Dead: 0
16  3695.04   1.84677     29.781    3635    	Dead: 0
17  3690.12   1.83342     29.5657   3635    	Dead: 0
18  3684.45   1.85003     29.8336   3630    	Dead: 0
19  3678.9    1.86122     30.0141   3626    	Dead: 0
20  3673.93   2.00114     32.2703   3626    	Dead: 0
21  3670.78   2.18316     35.2057   3618    	Dead: 0
22  3665.6    2.11418     34.0933   3607    	Dead: 0
23  3659.45   2.1993      35.4659   3607    	Dead: 0
24  3654.84   2.40032     38.7075   3590    	Dead: 0
25  3651.11   2.52208     40.6711   3590    	Dead: 0
26  3645.5    2.54499     41.0405   3590    	Dead: 0
27  3642.44   2.67548     43.1448   3590    	Dead: 0
28  3638.78   2.77205     44.7022   3586    	Dead: 0
29  3635.73   2.75459     44.4206   3577    	Dead: 0
30  3637.38   2.88598     46.5393   3577    	Dead: 0
31  3633.62   2.87841     46.4172   3576    	Dead: 0
32  3633.07   2.95731     47.6895   3575    	Dead: 0
33  3629.88   3.04147     49.0468   3573    	Dead: 0
34  3627.47   3.10537     50.0772   3568    	Dead: 0
35  3626.41   3.20838     51.7383   3568    	Dead: 0
36  3624.46   3.22097     51.9414   3566    	Dead: 0
37  3622.13   3.24002     52.2485   3565    	Dead: 0
38  3620.12   3.28837     53.0283   3564    	Dead: 0
39  3616.59   3.34787     53.9877   3554    	Dead: 0
40  3615.32   3.40865     54.968    3554    	Dead: 0
41  3615.21   3.39725     54.7841   3551    	Dead: 0
42  3610.46   3.36077     54.1958   3550    	Dead: 0
43  3607.54   3.35513     54.1049   3543    	Dead: 0
44  3606.7    3.39971     54.8238   3543    	Dead: 0
45  3602.5    3.35313     54.0725   3535    	Dead: 0
46  3601.32   3.48389     56.1812   3533    	Dead: 0
47  3598.55   3.36795     54.3116   3530    	Dead: 0
48  3596.85   3.46732     55.9141   3530    	Dead: 0
49  3593.31   3.47075     55.9693   3529    	Dead: 0
50  3590.59   3.4981      56.4103   3527    	Dead: 0
51  3588.85   3.59601     57.9892   3527    	Dead: 0
52  3588.11   3.62258     58.4177   3527    	Dead: 0
53  3588.19   3.72431     60.0583   3523    	Dead: 0
54  3585.48   3.70525     59.7509   3523    	Dead: 0
55  3584.6    3.69041     59.5116   3519    	Dead: 0
56  3583.82   3.71492     59.9068   3518    	Dead: 0
57  3578.84   3.58232     57.7686   3517    	Dead: 0
58  3580.03   3.66894     59.1653   3512    	Dead: 0
59  3578.62   3.76501     60.7146   3512    	Dead: 0
60  3575.14   3.89739     62.8494   3508    	Dead: 0
61  3574.68   3.90753     63.0129   3507    	Dead: 0
62  3573      3.94897     63.681    3502    	Dead: 0
63  3570.64   3.9184      63.1882   3502    	Dead: 0
64  3568.67   3.99123     64.3626   3501    	Dead: 0
65  3564.4    3.92826     63.3472   3493    	Dead: 0
66  3562.19   3.9276      63.3365   3491    	Dead: 0
67  3558.49   3.97312     64.0706   3491    	Dead: 0
68  3556.53   3.98669     64.2893   3491    	Dead: 0
69  3556.4    4.03129     65.0086   3482    	Dead: 0
70  3554.93   4.15751     67.0441   3482    	Dead: 0
71  3554.01   4.11997     66.4386   3482    	Dead: 0
72  3550.44   4.14126     66.782    3482    	Dead: 0
73  3549.34   4.18207     67.44     3477    	Dead: 0
74  3551.59   4.24368     68.4336   3477    	Dead: 0
75  3548.53   4.28552     69.1084   3473    	Dead: 0
76  3547.51   4.3743      70.5399   3472    	Dead: 0
77  3542.93   4.32064     69.6746   3471    	Dead: 0
78  3543.8    4.30612     69.4405   3471    	Dead: 0
79  3541      4.44213     71.6338   3467    	Dead: 0
80  3535.64   4.33177     69.8541   3467    	Dead: 0
81  3538.98   4.42777     71.4023   3467    	Dead: 0
82  3538.23   4.4034      71.0093   3466    	Dead: 0
83  3533.41   4.31595     69.5991   3466    	Dead: 0
84  3533.55   4.40212     70.9886   3466    	Dead: 0
85  3533.82   4.37626     70.5715   3464    	Dead: 0
86  3531.09   4.36246     70.3491   3464    	Dead: 0
87  3533.68   4.35468     70.2236   3464    	Dead: 0
88  3531.48   4.44685     71.7099   3464    	Dead: 0
89  3538.01   4.57154     73.7206   3460    	Dead: 0
90  3531.31   4.43219     71.4735   3460    	Dead: 0
91  3532.23   4.47518     72.1667   3457    	Dead: 0
92  3528.78   4.4465      71.7042   3457    	Dead: 0
93  3532.6    4.57369     73.7553   3457    	Dead: 0
94  3531.36   4.59735     74.1368   3455    	Dead: 0
95  3530.35   4.69037     75.6369   3455    	Dead: 0
96  3524.92   4.38665     70.7391   3455    	Dead: 0
97  3525.65   4.54804     73.3417   3454    	Dead: 0
98  3527.22   4.62513     74.5848   3454    	Dead: 0
99  3528.26   4.64498     74.9049   3453    	Dead: 0
100 3524.93   4.55854     73.5111   3452    	Dead: 0
