0   4246.97   3.32475     53.6149   4083    	Dead: 0
1   4035.2    2.11412     34.0923   3951    	Dead: 0
2   3928.6    1.47432     23.7749   3844    	Dead: 0
3   3878.56   1.27349     20.5363   3815    	Dead: 0
4   3843.98   1.24114     20.0147   3795    	Dead: 0
5   3817.43   1.28908     20.7878   3774    	Dead: 0
6   3798.43   1.39136     22.4371   3749    	Dead: 0
7   3785.29   1.38923     22.4027   3735    	Dead: 0
8   3768.86   1.33128     21.4682   3722    	Dead: 0
9   3753.41   1.3097      21.1202   3714    	Dead: 0
10  3739.42   1.34816     21.7404   3700    	Dead: 0
11  3727.55   1.35506     21.8517   3687    	Dead: 0
12  3715.67   1.39359     22.4731   3678    	Dead: 0
13  3705.62   1.42095     22.9142   3667    	Dead: 0
14  3693.7    1.46403     23.609    3649    	Dead: 0
15  3681.66   1.52142     24.5345   3648    	Dead: 0
16  3674.64   1.49891     24.1714   3641    	Dead: 0
17  3666.93   1.54426     24.9027   3637    	Dead: 0
18  3662.63   1.70863     27.5533   3628    	Dead: 0
19  3655.34   1.59586     25.7348   3628    	Dead: 0
20  3650.47   1.57193     25.3489   3620    	Dead: 0
21  3642.01   1.47111     23.7232   3609    	Dead: 0
22  3635.88   1.59874     25.7813   3603    	Dead: 0
23  3631.98   1.64382     26.5082   3599    	Dead: 0
24  3629.6    1.79342     28.9207   3598    	Dead: 0
25  3626.68   1.82478     29.4264   3594    	Dead: 0
26  3625.27   1.87356     30.213    3594    	Dead: 0
27  3624.55   1.97508     31.8502   3594    	Dead: 0
28  3621.89   1.87896     30.3001   3589    	Dead: 0
29  3621.12   1.89551     30.567    3589    	Dead: 0
30  3621.32   2.0244      32.6454   3589    	Dead: 0
31  3620.06   1.95392     31.5089   3586    	Dead: 0
32  3617.91   1.94932     31.4347   3586    	Dead: 0
33  3618.16   2.05341     33.1134   3585    	Dead: 0
34  3616.01   2.01654     32.5187   3585    	Dead: 0
35  3616.36   2.10933     34.015    3584    	Dead: 0
36  3615      2.10567     33.956    3581    	Dead: 0
37  3615.32   2.15956     34.825    3579    	Dead: 0
38  3615.23   2.18574     35.2472   3579    	Dead: 0
39  3615.3    2.237       36.0739   3579    	Dead: 0
40  3613.18   2.20265     35.5199   3579    	Dead: 0
41  3612.04   2.20743     35.5969   3574    	Dead: 0
42  3611.06   2.23795     36.0892   3574    	Dead: 0
43  3612.46   2.36664     38.1644   3574    	Dead: 0
44  3610.35   2.32686     37.5229   3570    	Dead: 0
45  3608.55   2.32475     37.4889   3570    	Dead: 0
46  3607.83   2.31492     37.3304   3570    	Dead: 0
47  3607.09   2.40662     38.8092   3570    	Dead: 0
48  3607.53   2.44984     39.5062   3568    	Dead: 0
49  3606.53   2.48056     40.0014   3568    	Dead: 0
50  3607.18   2.64405     42.638    3561    	Dead: 0
51  3604.41   2.49289     40.2004   3559    	Dead: 0
52  3605.27   2.75971     44.5032   3558    	Dead: 0
53  3600.93   2.66171     42.9227   3553    	Dead: 0
54  3597.63   2.70556     43.6298   3553    	Dead: 0
55  3597.05   2.88349     46.4992   3551    	Dead: 0
56  3597.44   2.96696     47.8453   3551    	Dead: 0
57  3595.32   2.86369     46.1798   3551    	Dead: 0
58  3596.41   2.89244     46.6435   3551    	Dead: 0
59  3597.51   3.04041     49.0297   3551    	Dead: 0
60  3596.18   3.0922      49.8648   3550    	Dead: 0
61  3598.85   3.22557     52.0155   3548    	Dead: 0
62  3595.62   3.20465     51.6782   3546    	Dead: 0
63  3598.68   3.43734     55.4305   3543    	Dead: 0
64  3599.09   3.57517     57.6532   3542    	Dead: 0
65  3595.72   3.58379     57.7921   3541    	Dead: 0
66  3597.3    3.7357      60.242    3541    	Dead: 0
67  3595.31   3.65454     58.9331   3537    	Dead: 0
68  3590.78   3.64797     58.8272   3536    	Dead: 0
69  3591.09   3.67383     59.2442   3536    	Dead: 0
70  3592.84   3.84348     61.98     3527    	Dead: 0
71  3589.72   3.78083     60.9696   3527    	Dead: 0
72  3588.66   3.82376     61.6619   3527    	Dead: 0
73  3584.82   3.74471     60.3873   3527    	Dead: 0
74  3584.02   3.7939      61.1805   3526    	Dead: 0
75  3581.01   3.83648     61.8671   3526    	Dead: 0
76  3581.51   3.94093     63.5514   3521    	Dead: 0
77  3580.58   4.07306     65.6821   3521    	Dead: 0
78  3577.78   3.96432     63.9287   3518    	Dead: 0
79  3572.24   3.75872     60.6132   3518    	Dead: 0
80  3574.45   3.91225     63.0889   3514    	Dead: 0
81  3569.3    3.7453      60.3966   3514    	Dead: 0
82  3569.06   3.99151     64.3671   3512    	Dead: 0
83  3567.87   3.94341     63.5914   3512    	Dead: 0
84  3569.2    3.99088     64.357    3510    	Dead: 0
85  3565.09   3.96199     63.8911   3502    	Dead: 0
86  3564.15   3.92302     63.2626   3502    	Dead: 0
87  3564.02   3.96312     63.9093   3502    	Dead: 0
88  3558.46   3.84347     61.9798   3502    	Dead: 0
89  3560.34   3.89071     62.7416   3502    	Dead: 0
90  3558.24   3.97365     64.0792   3497    	Dead: 0
91  3557.71   4.01848     64.802    3497    	Dead: 0
92  3554.67   3.95198     63.7297   3497    	Dead: 0
93  3554.91   4.08472     65.8703   3497    	Dead: 0
94  3555.25   4.11305     66.3271   3495    	Dead: 0
95  3552.81   4.06903     65.6172   3492    	Dead: 0
96  3554.46   4.25571     68.6276   3490    	Dead: 0
97  3548.6    4.01884     64.8077   3490    	Dead: 0
98  3551.35   4.19384     67.6299   3490    	Dead: 0
99  3553.2    4.2917      69.208    3490    	Dead: 0
100 3549.95   4.15905     67.0688   3490    	Dead: 0
