0   4242.96   3.07203     49.5396   4081    	Dead: 0
1   4120.6    2.58375     41.6655   3991    	Dead: 0
2   4033.8    2.02639     32.6776   3917    	Dead: 0
3   3975.39   1.74932     28.2095   3860    	Dead: 0
4   3932.62   1.57518     25.4014   3860    	Dead: 0
5   3895.42   1.41645     22.8417   3824    	Dead: 0
6   3864.37   1.21189     19.5429   3810    	Dead: 0
7   3840.24   1.15953     18.6986   3783    	Dead: 0
8   3819.04   1.1545      18.6174   3764    	Dead: 0
9   3800.9    1.06257     17.1351   3743    	Dead: 0
10  3782.42   1.09681     17.6872   3725    	Dead: 0
11  3763.7    1.12565     18.1522   3710    	Dead: 0
12  3746.38   1.20009     19.3526   3704    	Dead: 0
13  3734.13   1.09484     17.6554   3690    	Dead: 0
14  3726.7    1.14762     18.5065   3683    	Dead: 0
15  3720.82   1.17754     18.989    3683    	Dead: 0
16  3716.32   1.24698     20.1089   3672    	Dead: 0
17  3710.57   1.15923     18.6938   3672    	Dead: 0
18  3706.36   1.27221     20.5157   3666    	Dead: 0
19  3702.64   1.31585     21.2194   3664    	Dead: 0
20  3697.84   1.26157     20.3441   3661    	Dead: 0
21  3695.44   1.39868     22.5552   3655    	Dead: 0
22  3691.39   1.40115     22.595    3644    	Dead: 0
23  3688.18   1.44043     23.2283   3644    	Dead: 0
24  3683.74   1.39362     22.4736   3644    	Dead: 0
25  3681.53   1.5257      24.6035   3639    	Dead: 0
26  3676.78   1.52125     24.5316   3639    	Dead: 0
27  3673.46   1.51809     24.4807   3633    	Dead: 0
28  3668.71   1.50271     24.2327   3629    	Dead: 0
29  3665.93   1.54372     24.8941   3625    	Dead: 0
30  3661.91   1.56775     25.2816   3625    	Dead: 0
31  3658.53   1.5991      25.7872   3624    	Dead: 0
32  3653.89   1.53768     24.7966   3618    	Dead: 0
33  3652.01   1.61156     25.988    3618    	Dead: 0
34  3649.54   1.66051     26.7774   3615    	Dead: 0
35  3647.46   1.66933     26.9195   3608    	Dead: 0
36  3646.34   1.71368     27.6347   3608    	Dead: 0
37  3645.74   1.80372     29.0868   3600    	Dead: 0
38  3643.6    1.84001     29.672    3600    	Dead: 0
39  3641.36   1.87003     30.1561   3600    	Dead: 0
40  3638.64   1.83253     29.5513   3600    	Dead: 0
41  3637.03   1.84401     29.7365   3600    	Dead: 0
42  3634.46   1.81741     29.3075   3600    	Dead: 0
43  3633.18   1.93062     31.1331   3598    	Dead: 0
44  3630.98   1.90713     30.7543   3597    	Dead: 0
45  3630.22   1.99935     32.2416   3594    	Dead: 0
46  3627.3    1.9308      31.136    3593    	Dead: 0
47  3628.04   2.01353     32.4702   3593    	Dead: 0
48  3628.41   2.08787     33.669    3593    	Dead: 0
49  3628.06   2.15954     34.8248   3593    	Dead: 0
50  3627.33   2.17335     35.0474   3588    	Dead: 0
51  3626.47   2.24342     36.1774   3588    	Dead: 0
52  3626.66   2.29319     36.9799   3586    	Dead: 0
53  3625.62   2.32052     37.4207   3584    	Dead: 0
54  3624.62   2.34532     37.8207   3584    	Dead: 0
55  3624.32   2.35106     37.9132   3584    	Dead: 0
56  3624.76   2.42767     39.1485   3584    	Dead: 0
57  3622.53   2.4149      38.9427   3581    	Dead: 0
58  3622.49   2.50896     40.4595   3580    	Dead: 0
59  3622.5    2.46574     39.7625   3578    	Dead: 0
60  3622.57   2.58567     41.6965   3578    	Dead: 0
61  3622.86   2.63461     42.4857   3578    	Dead: 0
62  3622.16   2.62841     42.3858   3577    	Dead: 0
63  3619.39   2.58524     41.6896   3576    	Dead: 0
64  3619.99   2.74963     44.3405   3575    	Dead: 0
65  3618.76   2.71455     43.7748   3572    	Dead: 0
66  3617.87   2.71182     43.7308   3571    	Dead: 0
67  3616.61   2.73425     44.0924   3571    	Dead: 0
68  3614.91   2.67058     43.0657   3568    	Dead: 0
69  3614      2.75685     44.4569   3568    	Dead: 0
70  3615.74   2.80518     45.2364   3566    	Dead: 0
71  3612.68   2.71209     43.7351   3566    	Dead: 0
72  3609.89   2.67727     43.1737   3559    	Dead: 0
73  3609.46   2.67065     43.067    3559    	Dead: 0
74  3609.94   2.7828      44.8755   3559    	Dead: 0
75  3605.6    2.65641     42.8372   3556    	Dead: 0
76  3603.26   2.63869     42.5516   3555    	Dead: 0
77  3603.34   2.64639     42.6757   3555    	Dead: 0
78  3599.05   2.55873     41.2621   3550    	Dead: 0
79  3600.42   2.73582     44.1178   3550    	Dead: 0
80  3596.58   2.70557     43.63     3545    	Dead: 0
81  3597.55   2.77406     44.7344   3545    	Dead: 0
82  3593.05   2.74857     44.3234   3541    	Dead: 0
83  3593.99   2.81394     45.3777   3541    	Dead: 0
84  3593.95   2.80742     45.2725   3541    	Dead: 0
85  3590.2    2.80115     45.1714   3540    	Dead: 0
86  3588.21   2.81439     45.3848   3540    	Dead: 0
87  3587.74   2.8771      46.3961   3540    	Dead: 0
88  3585.95   2.94842     47.5462   3536    	Dead: 0
89  3581.67   2.81461     45.3884   3530    	Dead: 0
90  3582.28   2.89886     46.7471   3530    	Dead: 0
91  3579.55   2.81647     45.4184   3530    	Dead: 0
92  3578.05   2.8802      46.4461   3530    	Dead: 0
93  3578.1    2.87883     46.4241   3530    	Dead: 0
94  3575.74   2.89841     46.7398   3529    	Dead: 0
95  3573.67   2.77658     44.7751   3525    	Dead: 0
96  3572.53   2.87951     46.435    3523    	Dead: 0
97  3571.06   2.84519     45.8816   3523    	Dead: 0
98  3569.7    2.88025     46.4469   3520    	Dead: 0
99  3569.28   2.92043     47.0948   3520    	Dead: 0
100 3567.74   2.92377     47.1487   3514    	Dead: 0
