0   4244.26   3.08092     49.6829   4095    	Dead: 0
1   4122.03   2.61351     42.1455   3958    	Dead: 0
2   4027.37   2.04707     33.0111   3929    	Dead: 0
3   3959.84   1.65214     26.6424   3873    	Dead: 0
4   3911.27   1.49187     24.0579   3839    	Dead: 0
5   3873.83   1.33182     21.4769   3802    	Dead: 0
6   3842.99   1.1652      18.7899   3785    	Dead: 0
7   3819.79   1.18635     19.131    3765    	Dead: 0
8   3797.84   1.13554     18.3117   3746    	Dead: 0
9   3780.11   1.07732     17.3729   3738    	Dead: 0
10  3769.27   1.1889      19.1722   3722    	Dead: 0
11  3758.51   1.11247     17.9397   3722    	Dead: 0
12  3750.13   1.18076     19.0409   3714    	Dead: 0
13  3743.2    1.2525      20.1979   3704    	Dead: 0
14  3735.36   1.19135     19.2117   3694    	Dead: 0
15  3728.64   1.16396     18.77     3685    	Dead: 0
16  3722.38   1.1868      19.1384   3682    	Dead: 0
17  3716.79   1.24668     20.104    3672    	Dead: 0
18  3711.97   1.22184     19.7034   3672    	Dead: 0
19  3708.58   1.33816     21.5792   3664    	Dead: 0
20  3704.18   1.3228      21.3315   3664    	Dead: 0
21  3701.99   1.3823      22.291    3664    	Dead: 0
22  3699.19   1.41427     22.8066   3656    	Dead: 0
23  3698.05   1.504       24.2535   3647    	Dead: 0
24  3695.53   1.50636     24.2916   3647    	Dead: 0
25  3693.04   1.4867      23.9745   3647    	Dead: 0
26  3691.84   1.51512     24.4327   3647    	Dead: 0
27  3690.12   1.57292     25.3649   3645    	Dead: 0
28  3687.67   1.54843     24.97     3645    	Dead: 0
29  3686.51   1.58702     25.5922   3644    	Dead: 0
30  3685.66   1.6127      26.0064   3644    	Dead: 0
31  3683.18   1.60755     25.9234   3642    	Dead: 0
32  3682.4    1.67444     27.002    3641    	Dead: 0
33  3681.39   1.70672     27.5226   3640    	Dead: 0
34  3679.25   1.65685     26.7183   3636    	Dead: 0
35  3677.37   1.7192      27.7239   3635    	Dead: 0
36  3676.99   1.77246     28.5828   3624    	Dead: 0
37  3675.2    1.77757     28.6651   3624    	Dead: 0
38  3674.56   1.84992     29.8318   3624    	Dead: 0
39  3672.08   1.78453     28.7774   3624    	Dead: 0
40  3673.1    1.93847     31.2598   3624    	Dead: 0
41  3669.44   1.92543     31.0495   3624    	Dead: 0
42  3668.49   1.95748     31.5664   3624    	Dead: 0
43  3668.89   2.01242     32.4522   3624    	Dead: 0
44  3667.18   2.02054     32.5833   3620    	Dead: 0
45  3666.37   2.06944     33.3718   3619    	Dead: 0
46  3665.12   2.08996     33.7027   3619    	Dead: 0
47  3664.32   2.11195     34.0573   3615    	Dead: 0
48  3662.4    2.10197     33.8963   3612    	Dead: 0
49  3663.04   2.18646     35.2588   3610    	Dead: 0
50  3661.01   2.15083     34.6844   3610    	Dead: 0
51  3659.58   2.1929      35.3627   3610    	Dead: 0
52  3657.88   2.23609     36.0593   3610    	Dead: 0
53  3656.79   2.27346     36.6618   3602    	Dead: 0
54  3655.99   2.29199     36.9606   3602    	Dead: 0
55  3654.58   2.29034     36.934    3602    	Dead: 0
56  3653.13   2.29845     37.0648   3602    	Dead: 0
57  3651.7    2.36576     38.1502   3602    	Dead: 0
58  3651.09   2.39109     38.5587   3602    	Dead: 0
59  3651.4    2.50336     40.3693   3598    	Dead: 0
60  3649.75   2.46214     39.7045   3598    	Dead: 0
61  3648.01   2.47925     39.9804   3598    	Dead: 0
62  3646.69   2.5442      41.0278   3596    	Dead: 0
63  3646.93   2.5769      41.5551   3596    	Dead: 0
64  3646.51   2.61084     42.1024   3596    	Dead: 0
65  3642.99   2.6037      41.9872   3596    	Dead: 0
66  3643.78   2.68511     43.3001   3593    	Dead: 0
67  3642.27   2.68441     43.2888   3593    	Dead: 0
68  3641.7    2.65506     42.8155   3593    	Dead: 0
69  3640.01   2.61408     42.1546   3593    	Dead: 0
70  3641.84   2.76637     44.6105   3593    	Dead: 0
71  3640.25   2.65295     42.7815   3593    	Dead: 0
72  3638.15   2.69552     43.4679   3588    	Dead: 0
73  3636.65   2.63153     42.4361   3588    	Dead: 0
74  3636.36   2.66376     42.9559   3588    	Dead: 0
75  3636.06   2.65797     42.8625   3588    	Dead: 0
76  3635      2.67302     43.1051   3588    	Dead: 0
77  3634.03   2.68797     43.3462   3588    	Dead: 0
78  3632.82   2.66214     42.9297   3587    	Dead: 0
79  3632.84   2.6741      43.1225   3583    	Dead: 0
80  3634.62   2.79257     45.033    3583    	Dead: 0
81  3633.87   2.78376     44.8909   3583    	Dead: 0
82  3632.72   2.76106     44.5248   3583    	Dead: 0
83  3632.51   2.79702     45.1048   3583    	Dead: 0
84  3632.78   2.82926     45.6247   3582    	Dead: 0
85  3630.66   2.77043     44.6759   3577    	Dead: 0
86  3629.23   2.88053     46.4515   3572    	Dead: 0
87  3626.55   2.7589      44.4901   3572    	Dead: 0
88  3625.54   2.73575     44.1167   3572    	Dead: 0
89  3621.3    2.64485     42.6509   3571    	Dead: 0
90  3619.55   2.62842     42.3858   3570    	Dead: 0
91  3620.36   2.78384     44.8922   3570    	Dead: 0
92  3619.01   2.70484     43.6183   3570    	Dead: 0
93  3618.46   2.74521     44.2692   3567    	Dead: 0
94  3618.78   2.84832     45.932    3567    	Dead: 0
95  3617.53   2.80188     45.1831   3567    	Dead: 0
96  3616.8    2.7669      44.619    3567    	Dead: 0
97  3616.32   2.77941     44.8207   3567    	Dead: 0
98  3615.73   2.86744     46.2403   3566    	Dead: 0
99  3614.93   2.82623     45.5759   3565    	Dead: 0
100 3613.93   2.77908     44.8154   3565    	Dead: 0
