0   4848.8    3.8562      62.1851   4638    	Dead: 0
1   4719.36   3.1357      50.5662   4562    	Dead: 0
2   4623.66   3.02452     48.7734   4442    	Dead: 0
3   4535.74   3.20181     51.6323   4386    	Dead: 0
4   4464.34   2.68015     43.2201   4325    	Dead: 0
5   4407.36   2.61917     42.2367   4274    	Dead: 0
6   4362.79   2.73019     44.0271   4243    	Dead: 0
7   4331.19   2.74472     44.2613   4208    	Dead: 0
8   4303.17   2.57718     41.5596   4192    	Dead: 0
9   4280.87   2.6322      42.4468   4182    	Dead: 0
10  4259.23   2.67951     43.2097   4142    	Dead: 0
11  4243.87   2.64876     42.714    4142    	Dead: 0
12  4223.66   2.59449     41.8388   4113    	Dead: 0
13  4202.36   2.83838     45.7717   4052    	Dead: 0
14  4166.28   2.79957     45.1459   4043    	Dead: 0
15  4136.02   2.75995     44.5069   3999    	Dead: 0
16  4112.46   2.60533     42.0135   3999    	Dead: 0
17  4091.42   2.61464     42.1637   3979    	Dead: 0
18  4066.99   2.489       40.1376   3949    	Dead: 0
19  4043.01   2.63998     42.5723   3902    	Dead: 0
20  4020.61   2.60123     41.9475   3902    	Dead: 0
21  3999.28   2.58465     41.68     3896    	Dead: 0
22  3983.19   2.62375     42.3107   3870    	Dead: 0
23  3964.67   2.58992     41.765    3863    	Dead: 0
24  3949.75   2.68114     43.236    3857    	Dead: 0
25  3933.75   2.64596     42.6688   3832    	Dead: 0
26  3922.2    2.74362     44.2436   3832    	Dead: 0
27  3913.88   2.66689     43.0063   3827    	Dead: 0
28  3909.17   2.77279     44.7141   3823    	Dead: 0
29  3902.79   2.90103     46.782    3798    	Dead: 0
30  3894.88   2.77325     44.7214   3790    	Dead: 0
31  3888.4    2.84262     45.8401   3790    	Dead: 0
32  3881.84   2.86597     46.2166   3785    	Dead: 0
33  3878.32   3.01951     48.6925   3770    	Dead: 0
34  3870.34   2.95257     47.6131   3770    	Dead: 0
35  3861.67   2.93739     47.3683   3770    	Dead: 0
36  3851.71   2.84879     45.9396   3728    	Dead: 0
37  3841.99   2.84714     45.9131   3708    	Dead: 0
38  3836.24   2.86698     46.2329   3708    	Dead: 0
39  3827.18   2.70107     43.5575   3708    	Dead: 0
40  3824.39   2.85071     45.9705   3708    	Dead: 0
41  3816.51   2.72278     43.9076   3708    	Dead: 0
42  3812.88   2.84509     45.8799   3708    	Dead: 0
43  3807.95   2.82092     45.4901   3700    	Dead: 0
44  3804.82   2.87793     46.4096   3700    	Dead: 0
45  3802.06   2.92549     47.1765   3700    	Dead: 0
46  3798.58   2.93821     47.3816   3689    	Dead: 0
47  3794.46   2.93648     47.3537   3689    	Dead: 0
48  3791.23   2.98511     48.1379   3689    	Dead: 0
49  3791.45   3.05986     49.3433   3689    	Dead: 0
50  3787.01   3.03197     48.8935   3689    	Dead: 0
51  3785.16   3.01005     48.54     3689    	Dead: 0
52  3782.51   3.01053     48.5478   3689    	Dead: 0
53  3782.03   3.15683     50.907    3672    	Dead: 0
54  3781      3.19722     51.5584   3666    	Dead: 0
55  3780.05   3.17255     51.1605   3662    	Dead: 0
56  3776.45   3.14057     50.6448   3662    	Dead: 0
57  3772.76   3.10285     50.0366   3662    	Dead: 0
58  3773.46   3.23819     52.2191   3662    	Dead: 0
59  3770.92   3.23083     52.1003   3662    	Dead: 0
60  3770.22   3.38011     54.5076   3662    	Dead: 0
61  3769.16   3.4546      55.7088   3662    	Dead: 0
62  3767.1    3.38534     54.592    3658    	Dead: 0
63  3764.38   3.42452     55.2238   3658    	Dead: 0
64  3765.31   3.59753     58.0137   3658    	Dead: 0
65  3762.31   3.54114     57.1044   3658    	Dead: 0
66  3761.78   3.69792     59.6326   3658    	Dead: 0
67  3757.7    3.63065     58.5479   3658    	Dead: 0
68  3756.27   3.5327      56.9684   3654    	Dead: 0
69  3754.92   3.66753     59.1425   3654    	Dead: 0
70  3753.47   3.66879     59.163    3634    	Dead: 0
71  3753.06   3.79371     61.1774   3634    	Dead: 0
72  3752.41   3.86056     62.2553   3634    	Dead: 0
73  3750.6    3.88662     62.6756   3634    	Dead: 0
74  3750.38   3.99676     64.4517   3634    	Dead: 0
75  3746.59   3.99229     64.3797   3634    	Dead: 0
76  3747.28   4.05525     65.395    3634    	Dead: 0
77  3745.01   4.08434     65.864    3629    	Dead: 0
78  3746.09   4.15424     66.9913   3615    	Dead: 0
79  3744.37   4.1802      67.4098   3615    	Dead: 0
80  3741.37   4.13592     66.6959   3615    	Dead: 0
81  3741.51   4.13422     66.6685   3615    	Dead: 0
82  3740.15   4.04664     65.256    3615    	Dead: 0
83  3741.12   4.24694     68.4862   3615    	Dead: 0
84  3739.31   4.23604     68.3103   3615    	Dead: 0
85  3739.57   4.36397     70.3733   3614    	Dead: 0
86  3738.16   4.38613     70.7307   3614    	Dead: 0
87  3734.38   4.28314     69.0699   3614    	Dead: 0
88  3735.07   4.37804     70.6002   3614    	Dead: 0
89  3732.64   4.38243     70.6711   3614    	Dead: 0
90  3731.28   4.37241     70.5096   3614    	Dead: 0
91  3731.83   4.56141     73.5573   3614    	Dead: 0
92  3732.07   4.59911     74.1652   3604    	Dead: 0
93  3728.44   4.58094     73.8722   3601    	Dead: 0
94  3725.32   4.46222     71.9578   3601    	Dead: 0
95  3727.68   4.64148     74.8485   3601    	Dead: 0
96  3725.58   4.57079     73.7086   3601    	Dead: 0
97  3726.08   4.66136     75.169    3601    	Dead: 0
98  3725.01   4.56773     73.6593   3598    	Dead: 0
99  3724.12   4.64363     74.8831   3598    	Dead: 0
100 3721.02   4.65833     75.1202   3598    	Dead: 0
