0   4849.89   3.85714     62.2003   4658    	Dead: 0
1   4708.55   3.65057     58.8691   4534    	Dead: 0
2   4599.22   3.14132     50.6569   4415    	Dead: 0
3   4516.47   2.88426     46.5116   4376    	Dead: 0
4   4448.57   2.64133     42.594    4331    	Dead: 0
5   4395.25   2.74642     44.2887   4268    	Dead: 0
6   4342.57   2.62321     42.3019   4225    	Dead: 0
7   4290.23   2.64079     42.5854   4166    	Dead: 0
8   4246.66   2.53436     40.8691   4124    	Dead: 0
9   4209.43   2.51494     40.5559   4081    	Dead: 0
10  4173.08   2.6957      43.4709   4049    	Dead: 0
11  4140.47   2.62717     42.3658   4042    	Dead: 0
12  4116.61   2.65693     42.8457   3988    	Dead: 0
13  4100.11   2.80399     45.2172   3978    	Dead: 0
14  4086.14   2.75155     44.3715   3976    	Dead: 0
15  4071.68   2.75444     44.4181   3974    	Dead: 0
16  4058.81   2.90399     46.8297   3945    	Dead: 0
17  4042.39   2.86723     46.2369   3907    	Dead: 0
18  4026.09   2.74658     44.2913   3907    	Dead: 0
19  4010.66   2.79562     45.0822   3900    	Dead: 0
20  3997.3    2.84043     45.8048   3886    	Dead: 0
21  3985.8    2.8148      45.3915   3886    	Dead: 0
22  3977.31   2.88064     46.4533   3869    	Dead: 0
23  3970.91   3.07066     49.5175   3797    	Dead: 0
24  3960.94   2.978       48.0232   3797    	Dead: 0
25  3950.34   2.92815     47.2193   3797    	Dead: 0
26  3940.68   3.01507     48.621    3797    	Dead: 0
27  3927.67   2.89554     46.6934   3797    	Dead: 0
28  3920.79   3.02206     48.7337   3794    	Dead: 0
29  3911.48   2.92955     47.2419   3794    	Dead: 0
30  3904.89   3.03207     48.8951   3781    	Dead: 0
31  3901.94   3.00412     48.4445   3781    	Dead: 0
32  3898.75   3.1978      51.5676   3781    	Dead: 0
33  3892.22   3.061       49.3616   3781    	Dead: 0
34  3888.24   3.18465     51.3556   3781    	Dead: 0
35  3882.81   3.17496     51.1994   3761    	Dead: 0
36  3877.6    3.1181      50.2825   3761    	Dead: 0
37  3870.5    3.10523     50.075    3761    	Dead: 0
38  3865.97   3.20038     51.6094   3761    	Dead: 0
39  3863.5    3.23945     52.2393   3737    	Dead: 0
40  3857.19   3.17029     51.1241   3737    	Dead: 0
41  3852.7    3.25788     52.5366   3737    	Dead: 0
42  3850.43   3.3375      53.8205   3737    	Dead: 0
43  3846.93   3.41534     55.0758   3734    	Dead: 0
44  3843.47   3.28448     52.9656   3734    	Dead: 0
45  3840.07   3.26539     52.6577   3734    	Dead: 0
46  3838.79   3.37088     54.3589   3734    	Dead: 0
47  3834.82   3.40472     54.9045   3728    	Dead: 0
48  3830.55   3.38674     54.6146   3720    	Dead: 0
49  3827.88   3.50737     56.5599   3704    	Dead: 0
50  3828      3.50488     56.5197   3704    	Dead: 0
51  3826.13   3.5317      56.9522   3704    	Dead: 0
52  3821.18   3.49333     56.3334   3704    	Dead: 0
53  3820.96   3.5266      56.8699   3704    	Dead: 0
54  3816.96   3.60417     58.1209   3704    	Dead: 0
55  3813.33   3.4849      56.1976   3704    	Dead: 0
56  3811.47   3.60972     58.2104   3689    	Dead: 0
57  3808.63   3.65915     59.0074   3689    	Dead: 0
58  3807.06   3.80299     61.327    3689    	Dead: 0
59  3802.91   3.51666     56.7097   3689    	Dead: 0
60  3801.14   3.61533     58.3009   3689    	Dead: 0
61  3801.12   3.6764      59.2856   3689    	Dead: 0
62  3799.88   3.72717     60.1043   3689    	Dead: 0
63  3796.57   3.71017     59.8303   3689    	Dead: 0
64  3795.95   3.84391     61.987    3689    	Dead: 0
65  3795.23   3.80182     61.3082   3689    	Dead: 0
66  3795.61   3.92626     63.3149   3689    	Dead: 0
67  3795.39   3.98355     64.2388   3662    	Dead: 0
68  3795.62   4.0404      65.1554   3662    	Dead: 0
69  3790.22   3.79387     61.1799   3662    	Dead: 0
70  3789.86   3.88627     62.67     3662    	Dead: 0
71  3790.77   3.99683     64.4529   3662    	Dead: 0
72  3789.87   4.02648     64.931    3662    	Dead: 0
73  3785.58   3.94659     63.6428   3660    	Dead: 0
74  3784.83   3.96956     64.0131   3660    	Dead: 0
75  3789.61   4.28784     69.1458   3660    	Dead: 0
76  3784.8    4.19325     67.6203   3660    	Dead: 0
77  3784.9    4.2227      68.0952   3660    	Dead: 0
78  3781.83   4.24981     68.5324   3660    	Dead: 0
79  3779.9    4.21691     68.0019   3660    	Dead: 0
80  3781.95   4.33463     69.9003   3660    	Dead: 0
81  3780.22   4.28523     69.1036   3660    	Dead: 0
82  3779      4.39395     70.8569   3660    	Dead: 0
83  3776.33   4.41316     71.1666   3655    	Dead: 0
84  3777.89   4.6175      74.4618   3655    	Dead: 0
85  3774.71   4.50757     72.689    3654    	Dead: 0
86  3778.09   4.76098     76.7756   3654    	Dead: 0
87  3772.05   4.50945     72.7194   3654    	Dead: 0
88  3772.2    4.604       74.244    3649    	Dead: 0
89  3772.03   4.61702     74.4541   3649    	Dead: 0
90  3772.09   4.72739     76.2338   3636    	Dead: 0
91  3772.52   4.79861     77.3823   3636    	Dead: 0
92  3769.29   4.76743     76.8796   3636    	Dead: 0
93  3770.19   4.8402      78.053    3636    	Dead: 0
94  3766.21   4.86972     78.5291   3636    	Dead: 0
95  3769.26   4.93027     79.5056   3636    	Dead: 0
96  3766.6    4.94027     79.6668   3636    	Dead: 0
97  3766.34   5.04791     81.4026   3636    	Dead: 0
98  3764.16   5.02691     81.064    3636    	Dead: 0
99  3764.39   5.12945     82.7175   3636    	Dead: 0
100 3767.69   5.20773     83.9799   3636    	Dead: 0
