0   4844.22   3.89469     62.8058   4670    	Dead: 0
1   4701.81   3.27052     52.7403   4558    	Dead: 0
2   4604.14   3.07843     49.6428   4415    	Dead: 0
3   4528.57   2.82453     45.5484   4388    	Dead: 0
4   4476.14   2.63084     42.425    4359    	Dead: 0
5   4432.55   2.57307     41.4933   4306    	Dead: 0
6   4388.06   2.67259     43.0982   4252    	Dead: 0
7   4339.09   2.83431     45.706    4181    	Dead: 0
8   4281.11   2.71481     43.779    4145    	Dead: 0
9   4230.05   2.64112     42.5906   4090    	Dead: 0
10  4186.3    2.68286     43.2637   4026    	Dead: 0
11  4148.69   2.66007     42.8963   4026    	Dead: 0
12  4119.18   2.68252     43.2584   3994    	Dead: 0
13  4091.66   2.50147     40.3387   3980    	Dead: 0
14  4077.05   2.74811     44.3161   3953    	Dead: 0
15  4057.45   2.7215      43.8869   3941    	Dead: 0
16  4040.87   2.74882     44.3274   3903    	Dead: 0
17  4021.75   2.58861     41.7439   3903    	Dead: 0
18  4006.47   2.63027     42.4158   3884    	Dead: 0
19  3990.78   2.6951      43.4611   3884    	Dead: 0
20  3981.21   2.83033     45.6419   3857    	Dead: 0
21  3969.9    2.8591      46.1058   3843    	Dead: 0
22  3958.37   2.85141     45.9819   3843    	Dead: 0
23  3949.32   2.93031     47.2541   3843    	Dead: 0
24  3939.78   3.02922     48.8492   3830    	Dead: 0
25  3927.87   2.89385     46.6662   3793    	Dead: 0
26  3918.13   2.86123     46.1402   3793    	Dead: 0
27  3908.9    2.88322     46.4948   3793    	Dead: 0
28  3899.08   2.83642     45.7401   3793    	Dead: 0
29  3890.97   2.87065     46.2921   3793    	Dead: 0
30  3886.07   3.086       49.7648   3786    	Dead: 0
31  3876.16   3.03224     48.898    3777    	Dead: 0
32  3870.58   3.10382     50.0522   3777    	Dead: 0
33  3861.04   2.98025     48.0595   3750    	Dead: 0
34  3853.27   3.15908     50.9433   3736    	Dead: 0
35  3847.5    3.14407     50.7013   3736    	Dead: 0
36  3839.89   3.10968     50.1467   3736    	Dead: 0
37  3833.9    3.25004     52.4102   3731    	Dead: 0
38  3823.55   3.01179     48.5681   3723    	Dead: 0
39  3817.8    3.16622     51.0585   3723    	Dead: 0
40  3812.28   3.18449     51.3532   3717    	Dead: 0
41  3808.53   3.16456     51.0317   3717    	Dead: 0
42  3805.25   3.29931     53.2046   3703    	Dead: 0
43  3797.26   3.11527     50.2369   3700    	Dead: 0
44  3794.06   3.23488     52.1657   3682    	Dead: 0
45  3793.13   3.26996     52.7313   3682    	Dead: 0
46  3787.34   3.2099      51.7629   3682    	Dead: 0
47  3782.46   3.27794     52.86     3682    	Dead: 0
48  3779.54   3.30303     53.2646   3682    	Dead: 0
49  3776.66   3.36128     54.2041   3680    	Dead: 0
50  3770.52   3.23236     52.125    3654    	Dead: 0
51  3767.7    3.41455     55.063    3654    	Dead: 0
52  3764.28   3.47865     56.0968   3654    	Dead: 0
53  3759.36   3.36554     54.2726   3643    	Dead: 0
54  3757.65   3.43674     55.4209   3643    	Dead: 0
55  3754.77   3.33804     53.8293   3643    	Dead: 0
56  3750.11   3.41402     55.0545   3623    	Dead: 0
57  3746.36   3.38788     54.633    3623    	Dead: 0
58  3744.06   3.29028     53.0591   3623    	Dead: 0
59  3740.63   3.43133     55.3337   3623    	Dead: 0
60  3738.38   3.39643     54.7708   3608    	Dead: 0
61  3737.15   3.36919     54.3316   3608    	Dead: 0
62  3732.64   3.38911     54.6527   3608    	Dead: 0
63  3728.8    3.22647     52.03     3608    	Dead: 0
64  3726.6    3.25473     52.4858   3608    	Dead: 0
65  3726.18   3.42051     55.1592   3599    	Dead: 0
66  3726.15   3.44438     55.5442   3599    	Dead: 0
67  3724.59   3.48307     56.168    3599    	Dead: 0
68  3722.09   3.50347     56.4969   3599    	Dead: 0
69  3718.32   3.48737     56.2373   3599    	Dead: 0
70  3715.55   3.52191     56.7943   3599    	Dead: 0
71  3715.23   3.52986     56.9226   3599    	Dead: 0
72  3715.03   3.62307     58.4257   3599    	Dead: 0
73  3713.93   3.616       58.3116   3594    	Dead: 0
74  3710.51   3.51993     56.7623   3594    	Dead: 0
75  3710.62   3.59767     58.016    3594    	Dead: 0
76  3708.07   3.61497     58.2951   3594    	Dead: 0
77  3704.63   3.50379     56.5022   3594    	Dead: 0
78  3706.94   3.65486     58.9383   3594    	Dead: 0
79  3703.96   3.67278     59.2273   3594    	Dead: 0
80  3701.16   3.64576     58.7915   3594    	Dead: 0
81  3697.76   3.60353     58.1106   3594    	Dead: 0
82  3698.8    3.73907     60.2962   3594    	Dead: 0
83  3693.1    3.60022     58.0571   3590    	Dead: 0
84  3692.08   3.64757     58.8207   3590    	Dead: 0
85  3690.13   3.63762     58.6602   3590    	Dead: 0
86  3686.26   3.54723     57.2027   3581    	Dead: 0
87  3686.29   3.77906     60.9411   3581    	Dead: 0
88  3684.39   3.77837     60.93     3576    	Dead: 0
89  3679.93   3.63962     58.6925   3576    	Dead: 0
90  3677.59   3.61865     58.3543   3545    	Dead: 0
91  3676.23   3.72254     60.0296   3545    	Dead: 0
92  3672.21   3.60808     58.1839   3545    	Dead: 0
93  3667.76   3.61524     58.2994   3545    	Dead: 0
94  3667.09   3.72686     60.0994   3545    	Dead: 0
95  3662.13   3.64857     58.8369   3545    	Dead: 0
96  3661.22   3.72246     60.0283   3545    	Dead: 0
97  3658.61   3.7903      61.1223   3525    	Dead: 0
98  3655.57   3.74685     60.4218   3525    	Dead: 0
99  3652.36   3.75964     60.6279   3524    	Dead: 0
100 3649.8    3.76619     60.7335   3524    	Dead: 0
