0   4723.76   3.21787     51.8913   4565    	Dead: 0
1   4568.78   2.89759     46.7266   4432    	Dead: 0
2   4437.29   2.53621     40.899    4303    	Dead: 0
3   4335.53   1.82529     29.4346   4241    	Dead: 0
4   4259.79   1.79673     28.974    4166    	Dead: 0
5   4182.08   1.68238     27.1301   4091    	Dead: 0
6   4112.11   1.55994     25.1557   4032    	Dead: 0
7   4048.41   1.43211     23.0942   3977    	Dead: 0
8   3998.22   1.30283     21.0095   3935    	Dead: 0
9   3950.14   1.37352     22.1494   3876    	Dead: 0
10  3902.81   1.22424     19.7421   3841    	Dead: 0
11  3864.85   1.09673     17.6858   3809    	Dead: 0
12  3832.22   1.01062     16.2972   3787    	Dead: 0
13  3803.48   0.95756     15.4416   3742    	Dead: 0
14  3774.69   0.930232    15.0009   3729    	Dead: 0
15  3752.36   0.902591    14.5552   3700    	Dead: 0
16  3731.48   0.932057    15.0304   3691    	Dead: 0
17  3711.93   0.894518    14.425    3672    	Dead: 0
18  3692.89   0.90089     14.5277   3637    	Dead: 0
19  3675.7    0.895416    14.4395   3630    	Dead: 0
20  3657.73   0.877181    14.1454   3617    	Dead: 0
21  3639.99   0.943073    15.208    3602    	Dead: 0
22  3625.06   0.931235    15.0171   3582    	Dead: 0
23  3610.59   0.900902    14.528    3571    	Dead: 0
24  3596.26   0.912915    14.7217   3554    	Dead: 0
25  3581.02   0.898075    14.4824   3539    	Dead: 0
26  3564.79   0.956095    15.418    3517    	Dead: 0
27  3549.16   0.917795    14.8004   3510    	Dead: 0
28  3538.57   0.880988    14.2068   3504    	Dead: 0
29  3530.06   0.864511    13.9411   3502    	Dead: 0
30  3523.87   0.909312    14.6636   3492    	Dead: 0
31  3518.24   0.917933    14.8026   3492    	Dead: 0
32  3512.23   0.89552     14.4412   3483    	Dead: 0
33  3507.36   0.872963    14.0774   3475    	Dead: 0
34  3501.1    0.953648    15.3785   3466    	Dead: 0
35  3494.04   0.956059    15.4174   3452    	Dead: 0
36  3485.03   0.993614    16.023    3433    	Dead: 0
37  3474.71   0.971166    15.661    3428    	Dead: 0
38  3464.46   1.03252     16.6504   3422    	Dead: 0
39  3453.13   1.00509     16.2081   3413    	Dead: 0
40  3444.4    0.986366    15.9061   3402    	Dead: 0
41  3437.26   0.985685    15.8952   3398    	Dead: 0
42  3431.02   1.02191     16.4794   3391    	Dead: 0
43  3425.49   1.08688     17.527    3376    	Dead: 0
44  3419.49   1.05629     17.0337   3376    	Dead: 0
45  3415.31   1.11712     18.0148   3374    	Dead: 0
46  3410.7    1.17335     18.9214   3371    	Dead: 0
47  3405.67   1.1603      18.711    3363    	Dead: 0
48  3401.35   1.21699     19.6251   3360    	Dead: 0
49  3396.89   1.29633     20.9046   3360    	Dead: 0
50  3391.97   1.36587     22.026    3351    	Dead: 0
51  3388.52   1.45652     23.4878   3347    	Dead: 0
52  3384.62   1.45162     23.4088   3317    	Dead: 0
53  3379.46   1.47612     23.8038   3317    	Dead: 0
54  3373.18   1.39431     22.4847   3317    	Dead: 0
55  3366.17   1.43048     23.0679   3314    	Dead: 0
56  3360.81   1.38001     22.2541   3314    	Dead: 0
57  3355.61   1.29819     20.9345   3314    	Dead: 0
58  3352.34   1.34441     21.68     3308    	Dead: 0
59  3349.9    1.38283     22.2995   3308    	Dead: 0
60  3346.82   1.44564     23.3124   3308    	Dead: 0
61  3341.78   1.37523     22.177    3299    	Dead: 0
62  3338.78   1.37052     22.101    3299    	Dead: 0
63  3337.19   1.485       23.947    3294    	Dead: 0
64  3333.78   1.4545      23.4553   3294    	Dead: 0
65  3330.88   1.47233     23.7429   3291    	Dead: 0
66  3328.24   1.46061     23.5539   3291    	Dead: 0
67  3325.52   1.51893     24.4942   3289    	Dead: 0
68  3322.32   1.47528     23.7903   3289    	Dead: 0
69  3319.74   1.50365     24.2479   3284    	Dead: 0
70  3317.38   1.55021     24.9987   3280    	Dead: 0
71  3313.22   1.48451     23.9392   3279    	Dead: 0
72  3310.51   1.48392     23.9296   3273    	Dead: 0
73  3306.96   1.46693     23.6558   3260    	Dead: 0
74  3304.77   1.4893      24.0165   3260    	Dead: 0
75  3303.44   1.58169     25.5063   3260    	Dead: 0
76  3301.56   1.56856     25.2946   3260    	Dead: 0
77  3298.06   1.54264     24.8766   3253    	Dead: 0
78  3295.22   1.50693     24.3007   3253    	Dead: 0
79  3293.06   1.57748     25.4385   3253    	Dead: 0
80  3290.84   1.56814     25.2879   3250    	Dead: 0
81  3287.68   1.62466     26.1993   3250    	Dead: 0
82  3284.78   1.61414     26.0296   3246    	Dead: 0
83  3283.11   1.63309     26.3352   3243    	Dead: 0
84  3279.08   1.65045     26.6152   3241    	Dead: 0
85  3277.4    1.76847     28.5184   3238    	Dead: 0
86  3274.87   1.78788     28.8313   3227    	Dead: 0
87  3270.17   1.71296     27.6232   3227    	Dead: 0
88  3267.07   1.79666     28.9729   3217    	Dead: 0
89  3264.37   1.83138     29.5328   3217    	Dead: 0
90  3262.03   1.84257     29.7133   3217    	Dead: 0
91  3261.12   1.91095     30.8159   3217    	Dead: 0
92  3257.53   1.83999     29.6718   3212    	Dead: 0
93  3255.31   1.89443     30.5496   3212    	Dead: 0
94  3252.48   1.88048     30.3246   3207    	Dead: 0
95  3251.9    1.98689     32.0406   3207    	Dead: 0
96  3248.06   1.8387      29.6508   3207    	Dead: 0
97  3247.96   1.93234     31.161    3207    	Dead: 0
98  3245.75   1.97746     31.8885   3207    	Dead: 0
99  3242.78   1.89692     30.5897   3202    	Dead: 0
100 3242.32   2.02974     32.7315   3202    	Dead: 0
