0   22.935    0.211303    3.40747   37.4    
1   48.8372   0.536983    8.65938   95      
2   93.1304   0.792171    12.7746   138.8   
3   106.553   0.928902    14.9795   145     
4   111.454   1.04623     16.8715   156.4   
5   113.536   1.11568     17.9915   156.8   
6   114.312   1.1868      19.1383   156.8   
7   116.149   1.17096     18.8828   156.8   
8   117.714   1.18027     19.033    158     
9   117.499   1.22726     19.7909   158     
10  117.58    1.24015     19.9986   159.4   
11  118.075   1.28119     20.6604   159.4   
12  118.03    1.28319     20.6927   162.8   
13  119.098   1.26511     20.4012   162.8   
14  118.715   1.3069      21.075    162.8   
15  118.582   1.32635     21.3887   162.8   
16  119.454   1.31035     21.1307   164.4   
17  120.39    1.25606     20.2552   164.4   
18  120.085   1.32074     21.2983   165     
19  119.915   1.34025     21.6129   165     
20  120.329   1.3219      21.317    165     
21  120.673   1.3385      21.5847   165     
22  120.098   1.35614     21.8691   165     
23  120.851   1.33759     21.5699   165     
24  120.155   1.37771     22.2169   165     
25  121.054   1.34037     21.6148   165     
26  120.782   1.40594     22.6723   165     
27  120.879   1.39207     22.4485   165     
28  121.505   1.41537     22.8242   165     
29  121.314   1.39969     22.5714   165     
30  121.381   1.42361     22.9571   165     
31  121.85    1.40097     22.5921   165     
32  121.593   1.41391     22.8007   167.2   
33  122.155   1.38155     22.2789   173.2   
34  121.97    1.41948     22.8905   173.2   
35  122.195   1.41088     22.7518   173.2   
36  120.949   1.43643     23.1638   173.2   
37  121.49    1.43628     23.1614   173.2   
38  122.912   1.38309     22.3037   173.2   
39  121.584   1.44939     23.3729   173.2   
40  121.569   1.44038     23.2275   173.2   
41  122.294   1.4068      22.686    173.2   
42  121.739   1.43358     23.1179   173.2   
43  122.096   1.41174     22.7658   173.2   
44  121.793   1.4256      22.9892   173.2   
45  121.82    1.42148     22.9228   173.2   
46  122.2     1.40656     22.6822   173.2   
47  122.191   1.44859     23.3599   173.2   
48  122.999   1.40723     22.693    173.2   
49  122.274   1.43731     23.1781   173.2   
50  123.037   1.41791     22.8652   173.2   
51  122.974   1.44528     23.3067   173.2   
52  123.186   1.4524      23.4215   173.2   
53  122.801   1.427       23.0118   173.2   
54  122.674   1.43073     23.072    173.2   
55  122.53    1.4283      23.0327   173.2   
56  122.994   1.4277      23.0232   173.2   
57  122.015   1.459       23.5279   173.2   
58  122.865   1.43805     23.1901   173.2   
59  122.882   1.45029     23.3874   173.2   
60  122.968   1.44966     23.3772   173.2   
61  123.14    1.42654     23.0044   173.2   
62  122.615   1.46569     23.6358   173.2   
63  123.753   1.42425     22.9674   173.6   
64  122.437   1.50516     24.2723   173.6   
65  123.713   1.43812     23.1911   173.6   
66  122.785   1.47115     23.7237   173.6   
67  122.61    1.46491     23.6231   173.6   
68  122.088   1.45862     23.5216   173.6   
69  123.129   1.41956     22.8918   173.6   
70  122.636   1.47793     23.8331   173.6   
71  122.276   1.47717     23.8208   173.6   
72  123.288   1.43573     23.1526   173.6   
73  123.349   1.42418     22.9663   173.6   
74  123.338   1.4441      23.2876   173.6   
75  123.17    1.45811     23.5135   173.6   
76  122.645   1.51352     24.4071   173.6   
77  123.667   1.48065     23.8769   173.6   
78  123.406   1.44298     23.2695   173.6   
79  123.082   1.47457     23.779    173.6   
80  123.416   1.4728      23.7503   173.6   
81  122.953   1.47825     23.8383   173.6   
82  122.959   1.47458     23.7791   173.6   
83  123.689   1.44805     23.3512   173.6   
84  123.253   1.45975     23.54     173.6   
85  123.187   1.46972     23.7007   173.6   
86  123.002   1.48489     23.9453   173.6   
87  123.671   1.453       23.4312   173.6   
88  123.507   1.48217     23.9015   173.6   
89  123.567   1.49484     24.1058   173.6   
90  123.053   1.46823     23.6766   173.6   
91  123.853   1.44077     23.2339   173.6   
92  123.967   1.48186     23.8965   173.6   
93  124.457   1.48088     23.8807   173.6   
94  124.14    1.44308     23.2711   173.6   
95  124.342   1.45985     23.5415   173.6   
96  123.473   1.49943     24.1798   173.6   
97  123.572   1.48117     23.8853   173.6   
98  123.138   1.51655     24.4559   173.6   
99  123.981   1.49198     24.0597   173.6   
100 124.181   1.4513      23.4037   173.6   
