0   28.2596   0.298176    4.80838   45.8    
1   39.476    0.418231    6.7444    60.4    
2   42.7872   0.525693    8.47732   66      
3   44.3992   0.560489    9.03845   67.2    
4   44.9492   0.632443    10.1988   67.2    
5   45.8274   0.62354     10.0552   68.8    
6   45.4994   0.685743    11.0583   69.4    
7   46.2228   0.657149    10.5972   72.2    
8   46.3472   0.675587    10.8945   72.2    
9   46.5982   0.685776    11.0588   72.2    
10  47.0566   0.700219    11.2917   73.4    
11  47.6032   0.695646    11.218    73.4    
12  47.1484   0.724524    11.6837   73.4    
13  47.7198   0.711237    11.4694   73.4    
14  47.9154   0.730817    11.7852   73.4    
15  47.3614   0.753682    12.1539   73.4    
16  47.7178   0.758386    12.2297   73.4    
17  48.2132   0.749622    12.0884   77      
18  48.2072   0.765847    12.35     77      
19  48.4382   0.745945    12.0291   77      
20  48.5214   0.764414    12.3269   77      
21  48.2972   0.777458    12.5373   77      
22  47.7012   0.809534    13.0546   77      
23  48.4274   0.775104    12.4993   77      
24  48.5336   0.786226    12.6787   77      
25  48.2738   0.812805    13.1073   77      
26  48.4104   0.804933    12.9804   77      
27  48.4208   0.809746    13.058    77      
28  48.6956   0.798742    12.8805   77      
29  48.3058   0.831207    13.404    77      
30  48.9986   0.795104    12.8219   77      
31  48.215    0.863778    13.9293   77      
32  48.5438   0.84021     13.5492   77      
33  49.0688   0.834414    13.4558   77      
34  49.354    0.808414    13.0365   77      
35  49.441    0.822989    13.2715   77      
36  48.6836   0.859439    13.8593   78.4    
37  49.1228   0.832202    13.4201   78.4    
38  48.9936   0.855033    13.7883   78.4    
39  48.9316   0.872265    14.0662   78.4    
40  49.5566   0.868112    13.9992   78.4    
41  49.2998   0.855537    13.7964   78.4    
42  49.9296   0.800834    12.9142   78.4    
43  49.5632   0.864791    13.9456   81.4    
44  49.1738   0.888413    14.3266   81.4    
45  49.5652   0.861457    13.8919   81.4    
46  49.0186   0.885358    14.2773   81.4    
47  49.5468   0.871501    14.0538   81.4    
48  49.3294   0.89971     14.5087   81.8    
49  49.5398   0.883893    14.2537   81.8    
50  49.9558   0.880187    14.1939   81.8    
51  49.7958   0.820249    13.2273   81.8    
52  50.4522   0.787167    12.6939   81.8    
53  50.6364   0.795377    12.8262   81.8    
54  50.7762   0.794851    12.8178   81.8    
55  50.239    0.819085    13.2086   81.8    
56  50.2784   0.820339    13.2288   81.8    
57  50.2826   0.787316    12.6963   81.8    
58  50.2606   0.811278    13.0827   81.8    
59  50.5124   0.808487    13.0377   81.8    
60  50.24     0.8202      13.2265   81.8    
61  50.4384   0.826026    13.3205   81.8    
62  50.6862   0.8141      13.1282   81.8    
63  50.644    0.809842    13.0595   81.8    
64  50.7592   0.81474     13.1385   81.8    
65  50.6964   0.822136    13.2578   81.8    
66  51.1212   0.807359    13.0195   81.8    
67  50.772    0.828931    13.3673   81.8    
68  50.9278   0.83157     13.4099   81.8    
69  50.9076   0.85497     13.7872   81.8    
70  50.9082   0.843434    13.6012   81.8    
71  51.0176   0.846021    13.6429   81.8    
72  50.8954   0.841346    13.5676   81.8    
73  51.6858   0.829741    13.3804   81.8    
74  51.5242   0.852443    13.7465   81.8    
75  51.6506   0.86605     13.9659   81.8    
76  51.5702   0.854018    13.7719   81.8    
77  52.3538   0.858632    13.8463   87.8    
78  52.0726   0.848819    13.6881   87.8    
79  52.5014   0.853372    13.7615   87.8    
80  52.6188   0.84783     13.6721   87.8    
81  52.3534   0.864053    13.9337   87.8    
82  52.4664   0.857179    13.8229   87.8    
83  52.4156   0.846251    13.6466   87.8    
84  52.393    0.879066    14.1758   87.8    
85  52.226    0.871493    14.0537   87.8    
86  52.8924   0.853665    13.7662   87.8    
87  52.8068   0.874355    14.0999   87.8    
88  53.362    0.859608    13.862    87.8    
89  52.9234   0.894009    14.4168   87.8    
90  53.4356   0.873767    14.0904   87.8    
91  52.9358   0.905017    14.5943   87.8    
92  53.0134   0.916154    14.7739   87.8    
93  53.4068   0.891869    14.3823   87.8    
94  53.7016   0.89174     14.3802   87.8    
95  53.783    0.913973    14.7387   87.8    
96  53.2138   0.924062    14.9014   87.8    
97  53.9202   0.883316    14.2444   87.8    
98  53.3772   0.918834    14.8171   87.8    
99  53.9844   0.900305    14.5183   87.8    
100 53.9924   0.888324    14.3251   87.8    
