0   22.7748   0.200877    3.23935   35.8    
1   50.154    0.513557    8.28162   78.2    
2   90.9984   0.79303     12.7884   135.2   
3   107.801   0.944006    15.223    147.4   
4   113.395   1.07892     17.3987   161.4   
5   116.131   1.15992     18.7049   161.4   
6   117.793   1.20388     19.4138   161.4   
7   118.31    1.25062     20.1675   161.4   
8   118.7     1.29801     20.9317   161.4   
9   119.605   1.31802     21.2543   161.4   
10  119.708   1.31826     21.2583   161.4   
11  119.773   1.35156     21.7953   161.4   
12  121.559   1.3163      21.2267   161.4   
13  120.534   1.35608     21.8681   169.4   
14  120.825   1.36655     22.037    171.4   
15  120.931   1.40839     22.7117   171.4   
16  122.23    1.35918     21.9182   171.4   
17  122.409   1.38546     22.342    171.4   
18  121.147   1.42307     22.9484   171.4   
19  121.986   1.38314     22.3045   171.4   
20  122.349   1.39216     22.45     171.4   
21  121.633   1.42505     22.9804   171.4   
22  122.05    1.40318     22.6276   171.4   
23  122.452   1.38073     22.2657   171.4   
24  122.149   1.40502     22.6573   171.4   
25  121.818   1.40161     22.6024   171.4   
26  121.31    1.45495     23.4625   171.4   
27  122.501   1.39357     22.4728   171.4   
28  121.743   1.43532     23.146    171.4   
29  121.9     1.43549     23.1487   171.4   
30  122.327   1.43719     23.1761   171.4   
31  122.363   1.46134     23.5655   171.4   
32  122.804   1.47837     23.8402   171.4   
33  123.208   1.46423     23.6122   171.4   
34  123.14    1.4423      23.2585   171.4   
35  123.501   1.45091     23.3974   171.4   
36  123.53    1.4473      23.3391   176     
37  122.628   1.45678     23.4921   176     
38  123.549   1.45884     23.5252   176     
39  123.94    1.50301     24.2375   176     
40  123.908   1.47843     23.8412   176     
41  123.769   1.44045     23.2287   176     
42  123.711   1.49175     24.0559   176     
43  123.617   1.4358      23.1537   176     
44  123.533   1.45945     23.535    176     
45  123.203   1.46601     23.6409   176     
46  123.814   1.45679     23.4922   176     
47  123.461   1.4905      24.0357   176     
48  123.226   1.46946     23.6965   176     
49  123.181   1.46987     23.7031   176     
50  123.342   1.47068     23.7163   176     
51  123.255   1.46423     23.6123   176     
52  123.547   1.47131     23.7264   176     
53  123.173   1.48305     23.9157   176     
54  122.791   1.49907     24.1741   176     
55  123.272   1.49166     24.0545   176     
56  123.671   1.46405     23.6092   176     
57  124.147   1.46369     23.6035   176     
58  123.451   1.49067     24.0385   176     
59  124.056   1.47319     23.7567   176     
60  123.473   1.52372     24.5716   176     
61  124.073   1.46947     23.6967   176     
62  124.251   1.48832     24.0006   176     
63  123.028   1.52103     24.5282   176     
64  123.884   1.50334     24.2429   176     
65  123.951   1.52195     24.543    176     
66  123.811   1.52442     24.5829   176     
67  123.979   1.47705     23.8188   176     
68  124.953   1.47471     23.7812   176     
69  122.909   1.54995     24.9945   176     
70  123.831   1.49426     24.0964   176     
71  124.554   1.45856     23.5208   176     
72  123.953   1.51223     24.3862   176     
73  123.058   1.5464      24.9373   176     
74  124.4     1.54757     24.9562   177     
75  124.769   1.49878     24.1694   177     
76  124.368   1.51618     24.4499   177     
77  123.926   1.51884     24.4927   177     
78  124.246   1.5344      24.7437   177     
79  125.057   1.51265     24.393    177     
80  124.327   1.51695     24.4623   177     
81  123.831   1.54246     24.8737   177     
82  124.731   1.51672     24.4586   177     
83  125.391   1.51755     24.4719   177     
84  124.482   1.52363     24.57     177     
85  124.423   1.5384      24.8082   177     
86  125.511   1.51585     24.4446   177     
87  123.39    1.56872     25.2972   177     
88  124.257   1.52464     24.5864   177     
89  124.55    1.52626     24.6125   177     
90  124.392   1.51884     24.4928   177     
91  124.696   1.51366     24.4093   177     
92  125.561   1.50308     24.2386   177     
93  124.591   1.57825     25.4508   177     
94  123.671   1.58626     25.5801   177     
95  124.59    1.53563     24.7636   177     
96  125.047   1.53071     24.6843   177     
97  124.736   1.53063     24.683    177     
98  125.127   1.51167     24.3773   177     
99  125.221   1.48874     24.0074   177     
100 124.387   1.53583     24.7668   177     
