0   28.3162   0.286957    4.62747   49      
1   39.5654   0.387976    6.2565    62.6    
2   43.8234   0.488657    7.88008   69.4    
3   45.5288   0.54135     8.72981   69.4    
4   46.896    0.563773    9.09141   69.4    
5   46.488    0.631855    10.1893   69.4    
6   47.1818   0.65721     10.5982   69.4    
7   47.4966   0.65465     10.5569   69.4    
8   47.8438   0.665908    10.7384   69.4    
9   47.5558   0.68481     11.0432   69.4    
10  48.2416   0.689121    11.1128   69.4    
11  48.5642   0.694831    11.2048   69.4    
12  48.8562   0.6943      11.1963   69.4    
13  48.5044   0.739765    11.9294   72.2    
14  48.654    0.727889    11.7379   72.2    
15  48.9646   0.750768    12.1069   78.2    
16  48.9272   0.760782    12.2684   78.2    
17  48.2812   0.780881    12.5925   78.2    
18  49.3862   0.759891    12.254    78.2    
19  49.1512   0.777214    12.5334   78.2    
20  49.6316   0.779151    12.5646   78.2    
21  49.9712   0.785053    12.6598   78.2    
22  50.0594   0.7935      12.796    78.2    
23  49.7644   0.813137    13.1126   78.2    
24  50.5296   0.801758    12.9291   78.2    
25  50.708    0.798066    12.8696   78.6    
26  51.0524   0.773516    12.4737   78.6    
27  50.328    0.828588    13.3618   78.6    
28  50.7664   0.8142      13.1298   79.4    
29  50.6      0.837984    13.5133   79.4    
30  51.3826   0.805403    12.9879   79.4    
31  51.0458   0.833895    13.4474   79.4    
32  50.9384   0.847643    13.6691   79.4    
33  51.5684   0.825353    13.3096   79.4    
34  51.261    0.84591     13.6411   79.4    
35  51.5598   0.836098    13.4829   79.4    
36  51.8416   0.822081    13.2569   79.4    
37  51.5858   0.867828    13.9946   82.4    
38  51.6872   0.85273     13.7511   82.4    
39  51.6726   0.873012    14.0782   82.4    
40  51.4676   0.858664    13.8468   82.4    
41  52.0522   0.86299     13.9166   82.4    
42  52.2002   0.854153    13.7741   82.4    
43  52.378    0.853655    13.766    82.4    
44  52.5072   0.851122    13.7252   82.4    
45  52.6384   0.849174    13.6938   82.4    
46  52.593    0.865559    13.958    82.4    
47  52.339    0.881665    14.2177   82.4    
48  53.0924   0.8599      13.8667   82.4    
49  53.011    0.887799    14.3167   82.4    
50  52.7994   0.872621    14.0719   82.4    
51  52.4496   0.865729    13.9608   82.4    
52  52.9688   0.865816    13.9621   82.4    
53  52.8872   0.846784    13.6552   82.4    
54  52.953    0.856289    13.8085   82.4    
55  53.36     0.851535    13.7319   82.4    
56  53.261    0.867851    13.995    82.4    
57  52.9596   0.872981    14.0777   82.4    
58  53.7798   0.836213    13.4848   82.4    
59  53.3996   0.87911     14.1765   82.4    
60  53.7634   0.87836     14.1644   82.4    
61  53.2046   0.903407    14.5683   82.4    
62  53.4006   0.882097    14.2247   82.4    
63  53.5964   0.890116    14.354    82.4    
64  53.8796   0.889388    14.3423   82.4    
65  53.468    0.899449    14.5045   82.4    
66  53.7118   0.876433    14.1334   82.4    
67  53.9556   0.880384    14.1971   82.4    
68  53.8802   0.875657    14.1208   82.4    
69  53.3842   0.897095    14.4666   82.4    
70  53.539    0.916289    14.7761   82.4    
71  53.8338   0.891508    14.3765   82.4    
72  53.2808   0.920366    14.8418   82.4    
73  53.8226   0.891069    14.3694   82.4    
74  54.2      0.885237    14.2753   82.4    
75  53.9728   0.889556    14.345    82.4    
76  53.6932   0.923402    14.8908   93.2    
77  54.4116   0.905995    14.6101   93.2    
78  54.6172   0.888083    14.3212   93.2    
79  54.4304   0.882946    14.2384   93.2    
80  54.083    0.900024    14.5138   93.2    
81  54.3676   0.893358    14.4063   93.2    
82  53.9494   0.909854    14.6723   93.2    
83  54.1966   0.908472    14.65     93.2    
84  54.4754   0.899914    14.512    93.2    
85  54.5318   0.906394    14.6165   93.2    
86  54.8248   0.88391     14.2539   93.2    
87  54.4896   0.894678    14.4276   93.2    
88  54.5356   0.902757    14.5579   93.2    
89  55.0242   0.891608    14.3781   93.2    
90  54.8258   0.891111    14.3701   93.2    
91  54.7212   0.898632    14.4913   93.2    
92  54.4724   0.920091    14.8374   93.2    
93  54.7934   0.912554    14.7158   93.2    
94  55.4578   0.897095    14.4666   93.2    
95  54.7464   0.919143    14.8221   93.2    
96  54.933    0.907833    14.6397   93.2    
97  55.3766   0.899634    14.5075   93.2    
98  54.9378   0.921274    14.8565   93.2    
99  54.9324   0.903507    14.57     93.2    
100 54.4942   0.938146    15.1285   93.2    
