0   28.449    0.291813    4.70577   48      
1   40.3864   0.378348    6.10124   58.2    
2   43.4072   0.479097    7.72591   60.8    
3   45.3786   0.523374    8.43993   69.4    
4   46.4532   0.563165    9.0816    69.4    
5   46.767    0.607395    9.79486   69.4    
6   47.9194   0.616709    9.94504   75.8    
7   48.4142   0.662584    10.6848   75.8    
8   48.4468   0.678848    10.9471   75.8    
9   49.2854   0.675375    10.8911   75.8    
10  49.1884   0.717451    11.5696   75.8    
11  50.034    0.711432    11.4726   75.8    
12  49.677    0.738021    11.9013   75.8    
13  50.1844   0.717008    11.5625   75.8    
14  50.699    0.724906    11.6898   75.8    
15  50.7988   0.742482    11.9733   76.6    
16  51.4476   0.738146    11.9033   76.6    
17  50.6472   0.7777      12.5412   76.6    
18  51.5562   0.752564    12.1358   76.6    
19  51.342    0.765008    12.3365   76.6    
20  51.619    0.749862    12.0923   76.6    
21  51.4914   0.778231    12.5498   76.6    
22  51.6072   0.773412    12.472    76.6    
23  51.9458   0.758328    12.2288   76.6    
24  51.9004   0.781917    12.6092   76.6    
25  52.1008   0.786074    12.6762   76.6    
26  52.5548   0.772279    12.4538   76.6    
27  52.351    0.778563    12.5551   76.6    
28  52.3574   0.81181     13.0912   76.6    
29  52.8656   0.798206    12.8719   83.8    
30  52.8276   0.802971    12.9487   83.8    
31  52.8084   0.806087    12.999    83.8    
32  52.6588   0.828852    13.3661   83.8    
33  53.3806   0.80429     12.97     83.8    
34  53.5148   0.8017      12.9282   83.8    
35  53.445    0.815122    13.1447   83.8    
36  53.832    0.809878    13.0601   83.8    
37  54.1708   0.805173    12.9842   83.8    
38  53.7652   0.844667    13.6211   83.8    
39  54.389    0.801678    12.9279   83.8    
40  54.1386   0.814659    13.1372   83.8    
41  53.8438   0.830532    13.3932   83.8    
42  53.6758   0.8472      13.6619   83.8    
43  54.4974   0.804883    12.9795   83.8    
44  54.3574   0.815926    13.1576   83.8    
45  54.7576   0.813103    13.1121   83.8    
46  54.9674   0.817879    13.1891   83.8    
47  55.188    0.817082    13.1763   83.8    
48  55.1818   0.84154     13.5707   83.8    
49  55.1026   0.837775    13.51     83.8    
50  54.7958   0.84301     13.5944   83.8    
51  54.7334   0.860864    13.8823   83.8    
52  54.8882   0.85135     13.7289   83.8    
53  55.1304   0.847972    13.6744   83.8    
54  54.9226   0.867199    13.9845   83.8    
55  55.3468   0.837871    13.5115   83.8    
56  55.2972   0.832772    13.4293   83.8    
57  55.5732   0.826517    13.3284   83.8    
58  55.0586   0.837878    13.5116   83.8    
59  55.5462   0.835904    13.4798   84.8    
60  55.5146   0.857634    13.8302   84.8    
61  55.6102   0.841422    13.5688   84.8    
62  55.4992   0.851128    13.7253   84.8    
63  55.3428   0.876157    14.1289   84.8    
64  55.6594   0.84738     13.6648   84.8    
65  55.8502   0.836259    13.4855   84.8    
66  56.088    0.842417    13.5848   84.8    
67  56.0904   0.85293     13.7544   84.8    
68  56.102    0.864386    13.9391   84.8    
69  55.8554   0.855652    13.7982   84.8    
70  55.7272   0.873007    14.0781   84.8    
71  56.1966   0.85187     13.7373   84.8    
72  56.1568   0.85946     13.8596   84.8    
73  56.3036   0.864851    13.9466   84.8    
74  55.7788   0.860291    13.8731   84.8    
75  55.6798   0.878546    14.1674   84.8    
76  55.5198   0.855862    13.8016   84.8    
77  55.7766   0.872252    14.0659   84.8    
78  56.264    0.866301    13.97     84.8    
79  56.6184   0.874639    14.1044   84.8    
80  56.355    0.87248     14.0696   84.8    
81  56.208    0.883632    14.2495   84.8    
82  56.4298   0.867857    13.9951   84.8    
83  56.2288   0.891962    14.3838   84.8    
84  56.5954   0.883821    14.2525   84.8    
85  56.6556   0.888166    14.3226   84.8    
86  56.2946   0.894146    14.419    84.8    
87  56.791    0.88051     14.1991   84.8    
88  56.4224   0.892188    14.3874   84.8    
89  57.2406   0.876636    14.1366   84.8    
90  56.9306   0.882108    14.2249   84.8    
91  56.3986   0.901548    14.5384   84.8    
92  56.5454   0.886651    14.2981   84.8    
93  56.5824   0.883272    14.2436   84.8    
94  56.584    0.904778    14.5905   85.4    
95  56.9884   0.883121    14.2412   85.4    
96  57.2008   0.866388    13.9714   85.4    
97  56.846    0.899204    14.5006   85.4    
98  57.3136   0.887067    14.3048   85.4    
99  57.1114   0.89109     14.3697   85.4    
100 57.2866   0.876669    14.1372   88.2    
