0   28.4164   0.280977    4.53104   47      
1   40.2998   0.394879    6.36783   59.8    
2   43.8152   0.504672    8.13834   67.6    
3   45.4414   0.559602    9.02414   67.6    
4   46.6756   0.588659    9.49272   68.4    
5   47.7774   0.6313      10.1804   72.4    
6   48.0982   0.672824    10.85     72.4    
7   48.5652   0.66101     10.6594   72.4    
8   49.1778   0.711602    11.4753   72.4    
9   49.432    0.699919    11.2869   72.4    
10  49.1454   0.738109    11.9027   73.2    
11  49.8518   0.747732    12.0579   73.2    
12  50.1114   0.735683    11.8636   73.2    
13  50.7188   0.743037    11.9822   74.6    
14  50.7484   0.752831    12.1402   74.6    
15  50.7358   0.761696    12.2831   74.6    
16  50.4292   0.805362    12.9873   76      
17  50.9774   0.801613    12.9268   76      
18  51.502    0.776795    12.5266   76.2    
19  51.452    0.793636    12.7982   76.2    
20  51.7214   0.777476    12.5376   76.2    
21  51.343    0.797873    12.8665   76.2    
22  51.5718   0.818116    13.1929   76.2    
23  51.8522   0.806275    13.002    85      
24  51.7808   0.79416     12.8066   85      
25  52.043    0.79903     12.8852   85      
26  52.4376   0.808066    13.0309   85      
27  52.3092   0.823778    13.2842   85      
28  52.7078   0.80682     13.0108   85      
29  52.7318   0.844114    13.6122   85      
30  52.4986   0.826397    13.3265   85      
31  52.166    0.844125    13.6124   85      
32  52.4432   0.84121     13.5653   85      
33  52.8082   0.829469    13.376    85      
34  52.6192   0.842605    13.5878   85      
35  52.3332   0.864855    13.9467   85      
36  52.9176   0.845458    13.6338   85      
37  52.898    0.863758    13.929    85      
38  53.232    0.843871    13.6083   85      
39  52.8512   0.841213    13.5654   85      
40  53.088    0.836421    13.4881   85      
41  53.059    0.848657    13.6854   85      
42  53.7396   0.825463    13.3114   85      
43  53.0362   0.85505     13.7885   85      
44  53.089    0.849022    13.6913   85      
45  53.4752   0.846306    13.6475   85      
46  53.4032   0.846035    13.6432   90      
47  53.7398   0.859951    13.8676   90      
48  53.4322   0.890253    14.3562   90      
49  53.5448   0.86863     14.0075   90      
50  53.4542   0.885972    14.2872   90      
51  54.1724   0.857762    13.8323   90      
52  53.9114   0.863196    13.9199   90      
53  54.2354   0.870167    14.0323   90      
54  53.4572   0.866111    13.9669   90      
55  53.4484   0.885513    14.2798   90      
56  53.4372   0.882912    14.2378   90      
57  54.0602   0.868684    14.0084   90      
58  53.904    0.879546    14.1836   90      
59  53.675    0.886817    14.3008   90      
60  53.5342   0.882513    14.2314   90      
61  53.7228   0.882769    14.2355   90      
62  53.637    0.880689    14.202    90      
63  53.6058   0.883554    14.2482   90      
64  53.9302   0.900144    14.5157   90      
65  53.8058   0.907982    14.6421   90      
66  53.6876   0.915234    14.7591   90      
67  53.6802   0.904348    14.5835   90      
68  53.404    0.91619     14.7745   90      
69  54.0688   0.893478    14.4082   90      
70  53.987    0.896317    14.454    90      
71  53.9676   0.907684    14.6373   90      
72  54.0094   0.877319    14.1476   90      
73  53.7542   0.912316    14.712    90      
74  53.9126   0.911713    14.7023   90      
75  54.6978   0.872465    14.0694   90      
76  54.1768   0.892188    14.3874   90      
77  54.3708   0.888257    14.324    90      
78  54.3392   0.900059    14.5144   90      
79  54.0634   0.906325    14.6154   90      
80  54.5564   0.915306    14.7602   90      
81  54.6746   0.895075    14.434    90      
82  54.6746   0.907274    14.6307   90      
83  54.4762   0.925373    14.9226   90      
84  54.3222   0.9275      14.9569   90      
85  54.7902   0.887135    14.3059   90      
86  54.8162   0.921142    14.8543   90      
87  55.1726   0.889626    14.3461   90      
88  54.239    0.940355    15.1642   90      
89  54.251    0.932835    15.0429   90      
90  54.3736   0.933877    15.0597   90      
91  54.9228   0.916648    14.7819   90      
92  54.3952   0.927368    14.9547   90      
93  54.4958   0.921291    14.8567   90      
94  54.6906   0.940634    15.1687   90      
95  54.466    0.94147     15.1821   90      
96  55.086    0.919141    14.8221   90      
97  54.8322   0.921336    14.8575   90      
98  54.9454   0.922831    14.8816   90      
99  55.4714   0.938637    15.1365   90      
100 55.4276   0.913975    14.7388   90      
