0   18.9196   0.114443    1.84551   12.6083 	Dead: 0
1   17.8544   0.0860338   1.38738   12.6083 	Dead: 0
2   17.3199   0.0784608   1.26526   12.6083 	Dead: 0
3   16.883    0.077113    1.24352   12.6083 	Dead: 0
4   16.434    0.0756018   1.21915   12.6083 	Dead: 0
5   16.0154   0.0788029   1.27078   12.5299 	Dead: 0
6   15.647    0.0767284   1.23732   11.9808 	Dead: 0
7   15.3453   0.0805621   1.29914   11.9808 	Dead: 0
8   15.1095   0.081002    1.30624   11.9331 	Dead: 0
9   14.8183   0.0816846   1.31725   10.278  	Dead: 0
10  14.568    0.0804412   1.29719   10.278  	Dead: 0
11  14.3479   0.0881336   1.42124   10.278  	Dead: 0
12  14.0495   0.0827074   1.33374   10.2745 	Dead: 0
13  13.7431   0.0820893   1.32377   9.63833 	Dead: 0
14  13.5243   0.0826364   1.33259   9.63833 	Dead: 0
15  13.3275   0.0846848   1.36563   9.63833 	Dead: 0
16  13.1958   0.0878877   1.41728   9.63833 	Dead: 0
17  12.9647   0.0881694   1.42182   9.63833 	Dead: 0
18  12.7057   0.0854983   1.37875   9.47404 	Dead: 0
19  12.5122   0.0835312   1.34702   9.47404 	Dead: 0
20  12.3805   0.0837607   1.35073   9.47404 	Dead: 0
21  12.1971   0.0833158   1.34355   9.33141 	Dead: 0
22  12.1987   0.0891136   1.43705   9.01016 	Dead: 0
23  12.0066   0.0840198   1.3549    7.95066 	Dead: 0
24  11.9172   0.0875547   1.41191   7.95066 	Dead: 0
25  11.8469   0.0894111   1.44184   7.95066 	Dead: 0
26  11.7431   0.0895458   1.44402   7.95066 	Dead: 0
27  11.6408   0.0876233   1.41301   7.95066 	Dead: 0
28  11.566    0.0900181   1.45163   7.95066 	Dead: 0
29  11.4765   0.0896368   1.44548   7.95066 	Dead: 0
30  11.3748   0.0909728   1.46703   7.95066 	Dead: 0
31  11.2948   0.0931617   1.50233   7.95066 	Dead: 0
32  11.2172   0.0936384   1.51001   7.8976  	Dead: 0
33  11.0338   0.0927265   1.49531   7.8976  	Dead: 0
34  10.8442   0.0878819   1.41718   7.56776 	Dead: 0
35  10.6478   0.0863527   1.39252   7.56776 	Dead: 0
36  10.4895   0.0868928   1.40123   7.10703 	Dead: 0
37  10.3631   0.0904793   1.45907   7.10703 	Dead: 0
38  10.1891   0.0882594   1.42327   6.97188 	Dead: 0
39  10.0034   0.0869601   1.40232   6.66441 	Dead: 0
40  9.80165   0.0828429   1.33592   6.66441 	Dead: 0
41  9.63868   0.0823304   1.32766   6.66441 	Dead: 0
42  9.42675   0.0794394   1.28104   6.66441 	Dead: 0
43  9.26465   0.0789776   1.27359   5.73266 	Dead: 0
44  9.18152   0.0827639   1.33465   5.73266 	Dead: 0
45  9.02035   0.080889    1.30442   5.73266 	Dead: 0
46  8.88899   0.0778011   1.25462   5.73266 	Dead: 0
47  8.79829   0.0778135   1.25482   5.73266 	Dead: 0
48  8.73302   0.0819805   1.32202   5.73266 	Dead: 0
49  8.59295   0.0762167   1.22907   5.73266 	Dead: 0
50  8.53146   0.0785552   1.26678   5.73266 	Dead: 0
51  8.53584   0.0838845   1.35272   5.73266 	Dead: 0
52  8.47113   0.0840665   1.35566   5.73266 	Dead: 0
53  8.37927   0.0829012   1.33687   5.73266 	Dead: 0
54  8.2548    0.0772721   1.24609   5.60582 	Dead: 0
55  8.27903   0.0859428   1.38591   5.60582 	Dead: 0
56  8.23645   0.0833729   1.34447   5.60582 	Dead: 0
57  8.19927   0.0838808   1.35266   5.60582 	Dead: 0
58  8.12372   0.0791487   1.27635   5.50805 	Dead: 0
59  8.14468   0.0835594   1.34748   5.50805 	Dead: 0
60  8.05695   0.080497    1.29809   5.50805 	Dead: 0
61  8.02487   0.079536    1.2826    5.50805 	Dead: 0
62  8.08979   0.0834351   1.34547   5.50805 	Dead: 0
63  7.99401   0.0793828   1.28013   5.50805 	Dead: 0
64  7.97872   0.0811166   1.30809   5.50805 	Dead: 0
65  7.97936   0.0846428   1.36495   5.50805 	Dead: 0
66  8.0057    0.0838407   1.35202   5.50805 	Dead: 0
67  7.96846   0.0831457   1.34081   5.50805 	Dead: 0
68  7.91572   0.08024     1.29395   5.50805 	Dead: 0
69  7.86773   0.0787383   1.26973   5.50805 	Dead: 0
70  7.84587   0.0790321   1.27447   5.50805 	Dead: 0
71  7.85931   0.0808972   1.30455   5.50805 	Dead: 0
72  7.82139   0.0797886   1.28667   5.50805 	Dead: 0
73  7.82641   0.0807608   1.30235   5.50805 	Dead: 0
74  7.86602   0.0835735   1.34771   5.50805 	Dead: 0
75  7.85152   0.0826035   1.33206   5.50805 	Dead: 0
76  7.86413   0.0846249   1.36466   5.50805 	Dead: 0
77  7.82853   0.085181    1.37363   5.50805 	Dead: 0
78  7.77457   0.0809955   1.30613   5.38792 	Dead: 0
79  7.78739   0.0807265   1.30179   5.38792 	Dead: 0
80  7.76734   0.0849597   1.37006   5.38792 	Dead: 0
81  7.70889   0.0832855   1.34306   5.2922  	Dead: 0
82  7.7106    0.0828295   1.33571   5.2922  	Dead: 0
83  7.72486   0.0842548   1.35869   5.2922  	Dead: 0
84  7.69563   0.0852713   1.37508   5.2922  	Dead: 0
85  7.70433   0.0860274   1.38728   5.2922  	Dead: 0
86  7.61613   0.079571    1.28316   5.2922  	Dead: 0
87  7.63329   0.0800759   1.2913    5.2922  	Dead: 0
88  7.60548   0.0794789   1.28168   5.2922  	Dead: 0
89  7.65665   0.0851541   1.37319   5.2922  	Dead: 0
90  7.62537   0.0855924   1.38026   5.2922  	Dead: 0
91  7.58869   0.0845111   1.36283   5.2922  	Dead: 0
92  7.56913   0.0816077   1.31601   5.2922  	Dead: 0
93  7.56369   0.0832711   1.34283   5.2922  	Dead: 0
94  7.5115    0.0786143   1.26773   5.2922  	Dead: 0
95  7.50688   0.084813    1.36769   5.2922  	Dead: 0
96  7.45744   0.0791383   1.27618   4.99999 	Dead: 0
97  7.46115   0.0799935   1.28998   4.99999 	Dead: 0
98  7.44431   0.0804374   1.29713   4.99999 	Dead: 0
99  7.50158   0.0859606   1.3862    4.99999 	Dead: 0
100 7.47998   0.0845084   1.36278   4.99999 	Dead: 0
