0   18.6896   0.0982323   1.58409   15.1664 	Dead: 0
1   17.7425   0.079899    1.28845   14.565  	Dead: 0
2   17.3154   0.076156    1.22809   13.5878 	Dead: 0
3   17.0346   0.0739153   1.19196   13.5878 	Dead: 0
4   16.8263   0.0769556   1.24099   13.3522 	Dead: 0
5   16.6567   0.0775502   1.25057   13.3522 	Dead: 0
6   16.4546   0.0797935   1.28675   13.0014 	Dead: 0
7   16.2357   0.0811735   1.309     12.9755 	Dead: 0
8   16.0446   0.0805913   1.29962   12.9755 	Dead: 0
9   15.8374   0.0762532   1.22966   12.9755 	Dead: 0
10  15.7472   0.0826083   1.33214   12.3055 	Dead: 0
11  15.5684   0.0786692   1.26862   12.3055 	Dead: 0
12  15.4318   0.0794053   1.28049   12.3055 	Dead: 0
13  15.3177   0.0828416   1.3359    12.0928 	Dead: 0
14  15.1848   0.0826502   1.33282   12.0928 	Dead: 0
15  15.1248   0.0857791   1.38327   12.0928 	Dead: 0
16  15.026    0.0891417   1.4375    12.0378 	Dead: 0
17  14.9166   0.0858728   1.38478   12.0378 	Dead: 0
18  14.8      0.0886926   1.43026   12.0378 	Dead: 0
19  14.6593   0.0869471   1.40211   11.0166 	Dead: 0
20  14.4911   0.0852467   1.37469   11.0166 	Dead: 0
21  14.3612   0.0818292   1.31958   10.8661 	Dead: 0
22  14.3576   0.0904481   1.45857   10.8661 	Dead: 0
23  14.2454   0.0902057   1.45466   10.8661 	Dead: 0
24  14.0922   0.087947    1.41823   10.8661 	Dead: 0
25  13.9582   0.0865313   1.3954    10.8661 	Dead: 0
26  13.7815   0.0801855   1.29307   10.8661 	Dead: 0
27  13.6294   0.0843966   1.36098   10.6983 	Dead: 0
28  13.5387   0.0850989   1.3723    10.6983 	Dead: 0
29  13.3929   0.0818559   1.32001   10.2113 	Dead: 0
30  13.3033   0.0840814   1.3559    10.2113 	Dead: 0
31  13.0959   0.081213    1.30964   9.60392 	Dead: 0
32  12.9447   0.0811606   1.3088    9.60392 	Dead: 0
33  12.8161   0.0819203   1.32105   9.60392 	Dead: 0
34  12.6694   0.0773887   1.24797   9.60392 	Dead: 0
35  12.5143   0.0792332   1.27771   9.19132 	Dead: 0
36  12.3699   0.0826805   1.33331   9.19132 	Dead: 0
37  12.2917   0.0848727   1.36866   9.19132 	Dead: 0
38  12.1067   0.0817641   1.31853   8.8954  	Dead: 0
39  11.9379   0.0796422   1.28431   8.8954  	Dead: 0
40  11.774    0.0793047   1.27887   8.78972 	Dead: 0
41  11.599    0.0774178   1.24844   8.78972 	Dead: 0
42  11.5217   0.077057    1.24262   8.78972 	Dead: 0
43  11.4163   0.0788489   1.27152   8.78972 	Dead: 0
44  11.3046   0.0774867   1.24955   8.78972 	Dead: 0
45  11.3066   0.0807774   1.30262   8.78972 	Dead: 0
46  11.1947   0.0804147   1.29677   8.78972 	Dead: 0
47  11.1243   0.0768987   1.24007   8.78972 	Dead: 0
48  11.0479   0.0785392   1.26652   8.78749 	Dead: 0
49  11.0109   0.0775913   1.25124   8.4162  	Dead: 0
50  11.0049   0.0785186   1.26619   8.4162  	Dead: 0
51  11.0017   0.079539    1.28265   8.4162  	Dead: 0
52  10.9692   0.0797813   1.28655   8.4162  	Dead: 0
53  10.884    0.0805541   1.29902   8.4162  	Dead: 0
54  10.876    0.0785669   1.26697   8.4162  	Dead: 0
55  10.9133   0.0828427   1.33592   8.4162  	Dead: 0
56  10.9076   0.0846975   1.36583   8.4162  	Dead: 0
57  10.8601   0.081764    1.31853   8.4162  	Dead: 0
58  10.8847   0.0859894   1.38667   8.4162  	Dead: 0
59  10.8743   0.0855279   1.37922   8.4162  	Dead: 0
60  10.7969   0.0843312   1.35993   8.4162  	Dead: 0
61  10.7719   0.085256    1.37484   8.4162  	Dead: 0
62  10.7406   0.084161    1.35718   8.4162  	Dead: 0
63  10.7761   0.0861294   1.38892   8.4162  	Dead: 0
64  10.692    0.082758    1.33456   7.96236 	Dead: 0
65  10.699    0.0835801   1.34781   7.96236 	Dead: 0
66  10.7064   0.0846631   1.36528   7.96236 	Dead: 0
67  10.7323   0.0869293   1.40182   7.96236 	Dead: 0
68  10.7102   0.0839487   1.35376   7.96236 	Dead: 0
69  10.7003   0.0835588   1.34747   7.96236 	Dead: 0
70  10.7182   0.0860854   1.38821   7.96236 	Dead: 0
71  10.7234   0.0869848   1.40272   7.96236 	Dead: 0
72  10.7316   0.090066    1.4524    7.96236 	Dead: 0
73  10.6877   0.0875365   1.41161   7.96236 	Dead: 0
74  10.6647   0.0852229   1.3743    7.96236 	Dead: 0
75  10.6406   0.0845474   1.36341   7.96236 	Dead: 0
76  10.667    0.0871888   1.40601   7.96236 	Dead: 0
77  10.6682   0.0875955   1.41257   7.96236 	Dead: 0
78  10.6722   0.0883689   1.42504   7.96236 	Dead: 0
79  10.6336   0.086908    1.40148   7.8237  	Dead: 0
80  10.6282   0.0856324   1.38091   7.8237  	Dead: 0
81  10.6708   0.0898758   1.44934   7.8237  	Dead: 0
82  10.68     0.0909349   1.46642   7.8237  	Dead: 0
83  10.641    0.087898    1.41744   7.8237  	Dead: 0
84  10.6271   0.0894289   1.44213   7.8237  	Dead: 0
85  10.6863   0.0948328   1.52927   7.8237  	Dead: 0
86  10.6317   0.0893284   1.44051   7.8237  	Dead: 0
87  10.6237   0.0889737   1.43479   7.8237  	Dead: 0
88  10.6095   0.0875467   1.41178   7.8237  	Dead: 0
89  10.6202   0.0902208   1.4549    7.8237  	Dead: 0
90  10.6045   0.0884729   1.42671   7.8237  	Dead: 0
91  10.6138   0.0882581   1.42325   7.8237  	Dead: 0
92  10.604    0.0875178   1.41131   7.8237  	Dead: 0
93  10.6314   0.0929979   1.49968   7.8237  	Dead: 0
94  10.6177   0.090629    1.46148   7.8237  	Dead: 0
95  10.5956   0.0888811   1.4333    7.8237  	Dead: 0
96  10.5824   0.0898283   1.44857   7.8237  	Dead: 0
97  10.609    0.0934686   1.50728   7.8237  	Dead: 0
98  10.5978   0.090469    1.4589    7.8237  	Dead: 0
99  10.593    0.0896143   1.44512   7.8237  	Dead: 0
100 10.5835   0.0888916   1.43347   7.49403 	Dead: 0
