0   18.6244   0.0924362   1.49063   14.2963 	Dead: 0
1   17.7887   0.0811769   1.30906   14.2888 	Dead: 0
2   17.3052   0.0793974   1.28036   13.8143 	Dead: 0
3   16.8875   0.0745688   1.2025    13.3458 	Dead: 0
4   16.6034   0.0792483   1.27796   13.2946 	Dead: 0
5   16.4704   0.0831804   1.34137   12.9397 	Dead: 0
6   16.1289   0.0762934   1.23031   12.9397 	Dead: 0
7   15.9457   0.0778592   1.25556   12.9397 	Dead: 0
8   15.7374   0.079727    1.28568   12.0769 	Dead: 0
9   15.5815   0.0810819   1.30753   12.0769 	Dead: 0
10  15.449    0.0834142   1.34514   12.0769 	Dead: 0
11  15.3527   0.0883416   1.4246    12.0769 	Dead: 0
12  15.138    0.0815381   1.31488   12.0543 	Dead: 0
13  15.021    0.0883015   1.42395   11.6122 	Dead: 0
14  14.9122   0.089661    1.44587   11.1894 	Dead: 0
15  14.8335   0.0922694   1.48794   11.1894 	Dead: 0
16  14.7167   0.092109    1.48535   11.1894 	Dead: 0
17  14.5144   0.0870941   1.40448   11.1894 	Dead: 0
18  14.4476   0.0895543   1.44415   11.1894 	Dead: 0
19  14.4092   0.0925637   1.49268   11.1894 	Dead: 0
20  14.3429   0.0927576   1.49581   11.1894 	Dead: 0
21  14.3026   0.0991905   1.59955   11.1894 	Dead: 0
22  14.1607   0.0970123   1.56442   10.8251 	Dead: 0
23  14.0633   0.100564    1.62169   10.7375 	Dead: 0
24  13.991    0.0982383   1.58419   10.7375 	Dead: 0
25  13.8719   0.0953981   1.53839   10.7375 	Dead: 0
26  13.7741   0.0997158   1.60802   10.7375 	Dead: 0
27  13.6757   0.102329    1.65016   9.78921 	Dead: 0
28  13.4206   0.0971417   1.56651   9.78921 	Dead: 0
29  13.158    0.0939783   1.51549   9.78921 	Dead: 0
30  12.9584   0.100663    1.6233    9.78921 	Dead: 0
31  12.7189   0.0933135   1.50477   9.78921 	Dead: 0
32  12.5306   0.0921232   1.48558   9.59179 	Dead: 0
33  12.3601   0.0937343   1.51156   8.56736 	Dead: 0
34  12.0981   0.0836125   1.34834   8.56736 	Dead: 0
35  11.948    0.0804584   1.29747   8.56736 	Dead: 0
36  11.8738   0.0818537   1.31997   8.56736 	Dead: 0
37  11.7748   0.0813099   1.3112    8.56736 	Dead: 0
38  11.6734   0.0821462   1.32469   8.56736 	Dead: 0
39  11.5739   0.0813786   1.31231   8.56736 	Dead: 0
40  11.459    0.0797927   1.28674   8.56736 	Dead: 0
41  11.4639   0.0831112   1.34025   8.56736 	Dead: 0
42  11.3851   0.0821281   1.3244    8.24023 	Dead: 0
43  11.3212   0.0835235   1.3469    8.24023 	Dead: 0
44  11.2397   0.0789177   1.27263   8.24023 	Dead: 0
45  11.2459   0.0835823   1.34785   8.24023 	Dead: 0
46  11.2009   0.0847534   1.36673   8.24023 	Dead: 0
47  11.158    0.0848447   1.36821   7.64865 	Dead: 0
48  11.1078   0.085384    1.3769    7.64865 	Dead: 0
49  11.0309   0.082467    1.32986   7.64865 	Dead: 0
50  11.0317   0.0846851   1.36563   7.64865 	Dead: 0
51  11.0285   0.0838034   1.35141   7.64865 	Dead: 0
52  11.036    0.0888071   1.4321    7.64865 	Dead: 0
53  10.9312   0.0820993   1.32393   7.64865 	Dead: 0
54  10.9087   0.0847246   1.36627   7.64865 	Dead: 0
55  10.8541   0.0836912   1.3496    7.64865 	Dead: 0
56  10.83     0.0845538   1.36351   7.64865 	Dead: 0
57  10.8077   0.0844489   1.36182   7.64865 	Dead: 0
58  10.8125   0.0880155   1.41934   7.64865 	Dead: 0
59  10.7655   0.0863267   1.3921    7.64865 	Dead: 0
60  10.7264   0.0856462   1.38113   7.64865 	Dead: 0
61  10.724    0.0873987   1.40939   7.64865 	Dead: 0
62  10.6583   0.08771     1.41441   7.64865 	Dead: 0
63  10.6862   0.0868179   1.40002   7.64865 	Dead: 0
64  10.6552   0.0860479   1.38761   7.64865 	Dead: 0
65  10.6432   0.0881608   1.42168   7.64865 	Dead: 0
66  10.591    0.0881979   1.42228   7.64865 	Dead: 0
67  10.5787   0.0884151   1.42578   7.64865 	Dead: 0
68  10.5186   0.0888747   1.43319   7.64865 	Dead: 0
69  10.5035   0.0897028   1.44655   7.64865 	Dead: 0
70  10.512    0.0887337   1.43092   7.64865 	Dead: 0
71  10.5491   0.0908218   1.46459   7.64865 	Dead: 0
72  10.5744   0.0900094   1.45149   7.64865 	Dead: 0
73  10.5177   0.0887441   1.43109   7.64865 	Dead: 0
74  10.5276   0.0896811   1.4462    7.64865 	Dead: 0
75  10.5213   0.0916486   1.47793   7.64865 	Dead: 0
76  10.4081   0.086143    1.38914   7.64865 	Dead: 0
77  10.4487   0.0907543   1.4635    7.64865 	Dead: 0
78  10.4204   0.086328    1.39213   7.64865 	Dead: 0
79  10.4712   0.0913023   1.47234   7.64865 	Dead: 0
80  10.4782   0.0915557   1.47643   7.64865 	Dead: 0
81  10.381    0.0881228   1.42107   7.64865 	Dead: 0
82  10.4041   0.0919767   1.48322   7.64865 	Dead: 0
83  10.3742   0.0927584   1.49582   7.64865 	Dead: 0
84  10.3537   0.0897793   1.44778   7.64865 	Dead: 0
85  10.3481   0.0905404   1.46005   7.64865 	Dead: 0
86  10.3631   0.0934073   1.50629   7.64865 	Dead: 0
87  10.3537   0.0919251   1.48238   7.64865 	Dead: 0
88  10.2768   0.0876834   1.41398   7.64865 	Dead: 0
89  10.2868   0.08881     1.43215   7.64865 	Dead: 0
90  10.3408   0.0912821   1.47202   7.64865 	Dead: 0
91  10.3312   0.0927839   1.49623   7.64865 	Dead: 0
92  10.3019   0.0924558   1.49094   7.38993 	Dead: 0
93  10.2645   0.0895761   1.4445    7.38993 	Dead: 0
94  10.2776   0.0911258   1.46949   7.27071 	Dead: 0
95  10.2907   0.0913955   1.47384   7.27071 	Dead: 0
96  10.2481   0.0914732   1.4751    7.27071 	Dead: 0
97  10.252    0.0921995   1.48681   7.27071 	Dead: 0
98  10.2561   0.0921347   1.48576   7.27071 	Dead: 0
99  10.2733   0.0917223   1.47911   7.27071 	Dead: 0
100 10.2667   0.0927903   1.49634   7.27071 	Dead: 0
