0   18.7271   0.0930496   1.50052   14.6931 	Dead: 0
1   17.7951   0.0831882   1.34149   13.9914 	Dead: 0
2   17.2615   0.0772333   1.24546   13.9914 	Dead: 0
3   16.8331   0.0751021   1.2111    13.6256 	Dead: 0
4   16.581    0.0760637   1.2266    13.6256 	Dead: 0
5   16.2527   0.0762508   1.22962   12.9686 	Dead: 0
6   16.0226   0.0785399   1.26653   12.809  	Dead: 0
7   15.8646   0.0806523   1.3006    11.3589 	Dead: 0
8   15.626    0.0770558   1.2426    11.3589 	Dead: 0
9   15.4646   0.0801776   1.29294   11.3589 	Dead: 0
10  15.3389   0.0797161   1.2855    11.3589 	Dead: 0
11  15.168    0.0818451   1.31983   11.3589 	Dead: 0
12  14.9877   0.0812492   1.31022   11.3589 	Dead: 0
13  14.9747   0.0854371   1.37776   11.3589 	Dead: 0
14  14.7743   0.0792975   1.27875   11.3589 	Dead: 0
15  14.7546   0.0882341   1.42286   11.3589 	Dead: 0
16  14.6622   0.0881882   1.42212   11.3589 	Dead: 0
17  14.4909   0.0812456   1.31017   11.3589 	Dead: 0
18  14.4048   0.0825482   1.33117   11.3589 	Dead: 0
19  14.2772   0.0871246   1.40497   11.0278 	Dead: 0
20  14.1354   0.0876688   1.41375   10.774  	Dead: 0
21  13.9297   0.08408     1.35587   10.5996 	Dead: 0
22  13.8043   0.0847252   1.36628   10.5996 	Dead: 0
23  13.7003   0.0876753   1.41385   10.0618 	Dead: 0
24  13.5104   0.0834638   1.34594   10.0618 	Dead: 0
25  13.3947   0.0837599   1.35071   10.0618 	Dead: 0
26  13.286    0.0838564   1.35227   10.0618 	Dead: 0
27  13.1541   0.08176     1.31846   10.0618 	Dead: 0
28  13.0577   0.0805085   1.29828   10.0618 	Dead: 0
29  12.9838   0.0790536   1.27482   9.90142 	Dead: 0
30  12.8873   0.081524    1.31466   9.90142 	Dead: 0
31  12.772    0.0818877   1.32052   9.90142 	Dead: 0
32  12.6899   0.0819798   1.32201   9.36626 	Dead: 0
33  12.6614   0.0878008   1.41588   8.90233 	Dead: 0
34  12.5183   0.0825563   1.3313    8.90233 	Dead: 0
35  12.4828   0.0857639   1.38303   8.90233 	Dead: 0
36  12.375    0.0863578   1.39261   8.90233 	Dead: 0
37  12.2706   0.081689    1.31732   8.90233 	Dead: 0
38  12.1768   0.0844731   1.36221   8.89169 	Dead: 0
39  12.0869   0.0836945   1.34966   8.89169 	Dead: 0
40  11.9944   0.0852537   1.3748    8.84499 	Dead: 0
41  11.9192   0.0857167   1.38227   8.84499 	Dead: 0
42  11.8504   0.0872711   1.40733   8.84499 	Dead: 0
43  11.6675   0.0805014   1.29817   8.31744 	Dead: 0
44  11.5512   0.0811762   1.30905   8.31744 	Dead: 0
45  11.5246   0.0877631   1.41527   8.03016 	Dead: 0
46  11.4558   0.0870487   1.40375   8.03016 	Dead: 0
47  11.3726   0.0881779   1.42196   8.03016 	Dead: 0
48  11.2874   0.0872385   1.40681   8.03016 	Dead: 0
49  11.2056   0.0855698   1.3799    8.03016 	Dead: 0
50  11.187    0.0886816   1.43008   8.03016 	Dead: 0
51  11.0627   0.0866621   1.39751   8.03016 	Dead: 0
52  10.9867   0.0855749   1.37998   8.03016 	Dead: 0
53  10.9043   0.0830023   1.33849   8.03016 	Dead: 0
54  10.9845   0.0908687   1.46535   8.03016 	Dead: 0
55  10.9342   0.0907351   1.46319   8.03016 	Dead: 0
56  10.8417   0.0867343   1.39868   8.03016 	Dead: 0
57  10.8538   0.0919794   1.48326   8.03016 	Dead: 0
58  10.827    0.0905841   1.46076   8.03016 	Dead: 0
59  10.7501   0.0887564   1.43129   8.03016 	Dead: 0
60  10.7487   0.0923411   1.48909   7.83763 	Dead: 0
61  10.6716   0.0912341   1.47124   7.83763 	Dead: 0
62  10.6449   0.0933901   1.50601   7.83763 	Dead: 0
63  10.6017   0.0928002   1.4965    7.83763 	Dead: 0
64  10.6093   0.0935159   1.50804   7.83763 	Dead: 0
65  10.5491   0.0930958   1.50126   7.07984 	Dead: 0
66  10.5172   0.0923666   1.4895    7.07984 	Dead: 0
67  10.5      0.0905937   1.46091   7.07984 	Dead: 0
68  10.4851   0.0900826   1.45267   7.07984 	Dead: 0
69  10.4645   0.0905627   1.46041   7.07984 	Dead: 0
70  10.4001   0.0901625   1.45396   7.07984 	Dead: 0
71  10.4719   0.0927761   1.49611   7.07984 	Dead: 0
72  10.4893   0.0944943   1.52382   7.07984 	Dead: 0
73  10.4422   0.0917209   1.47909   7.07984 	Dead: 0
74  10.4259   0.0939161   1.51449   7.07984 	Dead: 0
75  10.3629   0.0907828   1.46396   7.07984 	Dead: 0
76  10.3563   0.0951882   1.535     7.07984 	Dead: 0
77  10.3702   0.0966123   1.55797   7.07984 	Dead: 0
78  10.3277   0.0955544   1.54091   7.07984 	Dead: 0
79  10.2836   0.0930211   1.50006   7.07984 	Dead: 0
80  10.3264   0.0944431   1.52299   7.07984 	Dead: 0
81  10.2541   0.0914791   1.47519   7.07984 	Dead: 0
82  10.2907   0.0958019   1.5449    7.07984 	Dead: 0
83  10.2535   0.0942782   1.52033   7.07984 	Dead: 0
84  10.3001   0.0982308   1.58407   7.07984 	Dead: 0
85  10.3305   0.101335    1.63413   7.07984 	Dead: 0
86  10.2435   0.0969322   1.56313   7.06067 	Dead: 0
87  10.261    0.098603    1.59007   7.06067 	Dead: 0
88  10.2646   0.09619     1.55116   7.06067 	Dead: 0
89  10.2305   0.0961061   1.54981   7.06067 	Dead: 0
90  10.2213   0.0983501   1.58599   7.06067 	Dead: 0
91  10.1281   0.0949425   1.53104   7.06067 	Dead: 0
92  10.1023   0.0924418   1.49072   7.06067 	Dead: 0
93  10.1906   0.098942    1.59554   7.06067 	Dead: 0
94  10.1691   0.0992513   1.60053   7.06067 	Dead: 0
95  10.1479   0.0975359   1.57286   7.06067 	Dead: 0
96  10.2045   0.102213    1.64829   7.06067 	Dead: 0
97  10.1528   0.0988784   1.59451   7.06067 	Dead: 0
98  10.09     0.0930499   1.50052   7.06067 	Dead: 0
99  10.1207   0.0989116   1.59505   7.06067 	Dead: 0
100 10.0914   0.0955542   1.54091   7.06067 	Dead: 0
