0   18.6784   0.0934705   1.50731   14.8678 	Dead: 0
1   17.7523   0.0803281   1.29537   14.5187 	Dead: 0
2   17.1818   0.07473     1.2051    14.2101 	Dead: 0
3   16.7493   0.0740967   1.19488   13.2473 	Dead: 0
4   16.4388   0.0761863   1.22858   13.2473 	Dead: 0
5   16.1359   0.0749743   1.20903   13.2473 	Dead: 0
6   15.891    0.0760134   1.22579   13.0729 	Dead: 0
7   15.6888   0.0783461   1.26341   13.0729 	Dead: 0
8   15.5497   0.0825962   1.33195   13.0729 	Dead: 0
9   15.3177   0.0840686   1.35569   12.2032 	Dead: 0
10  15.0988   0.0794302   1.28089   12.2032 	Dead: 0
11  14.9159   0.081949    1.32151   11.6528 	Dead: 0
12  14.6496   0.0803327   1.29545   10.8513 	Dead: 0
13  14.5196   0.0849732   1.37028   10.7219 	Dead: 0
14  14.2342   0.0814947   1.31418   10.5861 	Dead: 0
15  13.9883   0.0806864   1.30115   10.5861 	Dead: 0
16  13.7375   0.0790895   1.2754    10.5861 	Dead: 0
17  13.4708   0.0781227   1.25981   9.5602  	Dead: 0
18  13.284    0.0792544   1.27806   9.5602  	Dead: 0
19  12.9994   0.0742269   1.19698   9.5602  	Dead: 0
20  12.8341   0.0791609   1.27655   9.5602  	Dead: 0
21  12.6816   0.0777068   1.2531    9.5602  	Dead: 0
22  12.526    0.0754121   1.21609   9.5602  	Dead: 0
23  12.4184   0.0785746   1.26709   9.15507 	Dead: 0
24  12.2609   0.0773153   1.24679   9.15507 	Dead: 0
25  12.142    0.0793252   1.2792    9.15507 	Dead: 0
26  12.0946   0.0833577   1.34423   9.15507 	Dead: 0
27  11.976    0.0822058   1.32565   9.01693 	Dead: 0
28  11.8435   0.0789762   1.27357   9.01693 	Dead: 0
29  11.7639   0.0796172   1.28391   9.01693 	Dead: 0
30  11.6922   0.0818134   1.31932   9.01693 	Dead: 0
31  11.6413   0.0828146   1.33547   9.01693 	Dead: 0
32  11.5688   0.0820845   1.32369   9.01693 	Dead: 0
33  11.4992   0.0839484   1.35375   9.01693 	Dead: 0
34  11.4674   0.0859889   1.38666   9.01693 	Dead: 0
35  11.4088   0.0860432   1.38753   8.60705 	Dead: 0
36  11.3247   0.0837332   1.35028   8.31734 	Dead: 0
37  11.285    0.0853345   1.3761    8.31734 	Dead: 0
38  11.222    0.0855214   1.37912   8.31734 	Dead: 0
39  11.1313   0.0830912   1.33993   8.31734 	Dead: 0
40  11.1404   0.0845527   1.3635    8.31734 	Dead: 0
41  11.1055   0.0868192   1.40005   8.10131 	Dead: 0
42  11.1294   0.0874021   1.40945   8.10131 	Dead: 0
43  11.108    0.0880616   1.42008   8.10131 	Dead: 0
44  11.0268   0.0852037   1.374     8.10131 	Dead: 0
45  10.9333   0.0855892   1.38021   8.10131 	Dead: 0
46  10.8804   0.0848645   1.36853   7.78458 	Dead: 0
47  10.8479   0.0872721   1.40735   7.78458 	Dead: 0
48  10.8399   0.0882671   1.4234    7.78458 	Dead: 0
49  10.7836   0.0863017   1.3917    7.78458 	Dead: 0
50  10.7654   0.0898808   1.44942   7.78458 	Dead: 0
51  10.6678   0.0849753   1.37031   7.78458 	Dead: 0
52  10.6866   0.088852    1.43283   7.78458 	Dead: 0
53  10.6772   0.0905039   1.45947   7.78458 	Dead: 0
54  10.639    0.0918468   1.48112   7.78458 	Dead: 0
55  10.5384   0.0871838   1.40593   7.78458 	Dead: 0
56  10.5664   0.0906018   1.46105   7.65767 	Dead: 0
57  10.5129   0.0870458   1.4037    7.54572 	Dead: 0
58  10.5068   0.087974    1.41867   7.54572 	Dead: 0
59  10.5161   0.0909542   1.46673   7.54572 	Dead: 0
60  10.5147   0.0903482   1.45696   7.54572 	Dead: 0
61  10.4674   0.090518    1.45969   7.54572 	Dead: 0
62  10.4883   0.0918985   1.48196   7.54572 	Dead: 0
63  10.4222   0.0882018   1.42234   7.54572 	Dead: 0
64  10.3373   0.0870604   1.40394   7.54572 	Dead: 0
65  10.3655   0.0904997   1.4594    7.54572 	Dead: 0
66  10.3318   0.0896819   1.44621   7.54572 	Dead: 0
67  10.2812   0.0885583   1.42809   7.26487 	Dead: 0
68  10.3331   0.0939741   1.51543   7.26487 	Dead: 0
69  10.306    0.0936132   1.50961   7.10884 	Dead: 0
70  10.3419   0.0952481   1.53597   7.10884 	Dead: 0
71  10.2333   0.090776    1.46385   7.10884 	Dead: 0
72  10.2526   0.0929705   1.49924   7.10884 	Dead: 0
73  10.2495   0.092615    1.49351   7.10884 	Dead: 0
74  10.1883   0.0908855   1.46562   7.10884 	Dead: 0
75  10.1273   0.0903424   1.45686   7.10884 	Dead: 0
76  10.1376   0.0916821   1.47847   6.75317 	Dead: 0
77  10.1195   0.0926991   1.49487   6.75317 	Dead: 0
78  10.1045   0.0942017   1.5191    6.75317 	Dead: 0
79  10.0932   0.094149    1.51825   6.75317 	Dead: 0
80  10.0461   0.0939849   1.5156    6.75317 	Dead: 0
81  10.0477   0.0970571   1.56514   6.75317 	Dead: 0
82  10.03     0.0965773   1.5574    6.75317 	Dead: 0
83  9.97401   0.0914675   1.475     6.75317 	Dead: 0
84  9.95916   0.0904871   1.4592    6.75317 	Dead: 0
85  10.0265   0.0957929   1.54476   6.75317 	Dead: 0
86  9.9532    0.0918916   1.48184   6.75317 	Dead: 0
87  9.87998   0.0886709   1.42991   6.75317 	Dead: 0
88  9.9217    0.0919081   1.48211   6.75317 	Dead: 0
89  9.89249   0.0925573   1.49258   6.75317 	Dead: 0
90  9.90474   0.0925664   1.49273   6.75317 	Dead: 0
91  9.86387   0.092031    1.48409   6.75317 	Dead: 0
92  9.83484   0.0928684   1.4976    6.75317 	Dead: 0
93  9.79903   0.0943697   1.52181   6.75317 	Dead: 0
94  9.7662    0.0912137   1.47091   6.75317 	Dead: 0
95  9.76802   0.0909526   1.4667    6.75317 	Dead: 0
96  9.82023   0.0946096   1.52568   6.75317 	Dead: 0
97  9.81122   0.094886    1.53013   6.75317 	Dead: 0
98  9.79835   0.0939008   1.51424   6.75317 	Dead: 0
99  9.74655   0.0933173   1.50483   6.75317 	Dead: 0
100 9.78733   0.0965978   1.55774   6.75317 	Dead: 0
