0   18.4667   0.091248    1.47147   14.3227 	Dead: 0
1   17.5142   0.07927     1.27831   14.3227 	Dead: 0
2   17.0885   0.0769322   1.24061   13.5052 	Dead: 0
3   16.7342   0.0739329   1.19224   13.5052 	Dead: 0
4   16.3593   0.073982    1.19303   12.0102 	Dead: 0
5   16.1305   0.0787353   1.26969   12.0102 	Dead: 0
6   15.8666   0.0805721   1.29931   11.9942 	Dead: 0
7   15.5821   0.0759424   1.22465   11.9942 	Dead: 0
8   15.3521   0.0753257   1.2147    11.9942 	Dead: 0
9   15.0807   0.0757258   1.22115   11.9942 	Dead: 0
10  14.8494   0.0769312   1.24059   11.9942 	Dead: 0
11  14.6053   0.0769361   1.24067   11.8026 	Dead: 0
12  14.4388   0.0838564   1.35227   11.0211 	Dead: 0
13  14.1438   0.0780784   1.25909   11.0211 	Dead: 0
14  13.9507   0.0790328   1.27448   11.0211 	Dead: 0
15  13.812    0.0825278   1.33084   10.9186 	Dead: 0
16  13.6266   0.0829423   1.33753   9.64301 	Dead: 0
17  13.4901   0.0814615   1.31365   9.64301 	Dead: 0
18  13.3311   0.0784475   1.26504   9.64301 	Dead: 0
19  13.2233   0.0831758   1.34129   9.64301 	Dead: 0
20  13.1116   0.0847364   1.36646   8.94383 	Dead: 0
21  12.9325   0.0802219   1.29366   8.94383 	Dead: 0
22  12.8212   0.0840387   1.35521   8.94383 	Dead: 0
23  12.6693   0.083942    1.35365   8.94383 	Dead: 0
24  12.5089   0.085881    1.38492   8.94383 	Dead: 0
25  12.3921   0.0837587   1.35069   8.94383 	Dead: 0
26  12.2498   0.0831158   1.34033   8.78379 	Dead: 0
27  12.1841   0.0876232   1.41301   8.78379 	Dead: 0
28  12.0241   0.0821613   1.32493   8.78379 	Dead: 0
29  11.9351   0.0834386   1.34553   8.78379 	Dead: 0
30  11.7691   0.0800747   1.29128   8.78379 	Dead: 0
31  11.6865   0.0789312   1.27285   8.53143 	Dead: 0
32  11.6596   0.086229    1.39053   8.53143 	Dead: 0
33  11.5531   0.0810777   1.30746   8.53143 	Dead: 0
34  11.5099   0.0827936   1.33513   8.53143 	Dead: 0
35  11.4331   0.0824056   1.32887   8.30595 	Dead: 0
36  11.3953   0.0847095   1.36603   8.30595 	Dead: 0
37  11.2534   0.080286    1.29469   8.30595 	Dead: 0
38  11.2051   0.0838554   1.35225   8.30595 	Dead: 0
39  11.1452   0.0849372   1.3697    8.30595 	Dead: 0
40  11.1115   0.0866519   1.39735   8.30595 	Dead: 0
41  11.098    0.0888449   1.43271   8.16741 	Dead: 0
42  11.0244   0.0871116   1.40476   8.16741 	Dead: 0
43  10.9348   0.0846574   1.36519   8.16741 	Dead: 0
44  10.9016   0.0861748   1.38965   8.16741 	Dead: 0
45  10.8159   0.0879926   1.41897   7.72126 	Dead: 0
46  10.7553   0.0841348   1.35676   7.72126 	Dead: 0
47  10.7281   0.0884877   1.42695   7.72126 	Dead: 0
48  10.6256   0.0844456   1.36177   7.72126 	Dead: 0
49  10.6106   0.086859    1.40069   7.72126 	Dead: 0
50  10.5248   0.0826069   1.33212   7.72126 	Dead: 0
51  10.55     0.0872707   1.40733   7.72126 	Dead: 0
52  10.4612   0.0856053   1.38047   7.72126 	Dead: 0
53  10.4417   0.0858819   1.38493   7.72126 	Dead: 0
54  10.4309   0.0866837   1.39786   7.72126 	Dead: 0
55  10.3498   0.0863176   1.39196   6.87256 	Dead: 0
56  10.344    0.0895607   1.44426   6.87256 	Dead: 0
57  10.2679   0.0833361   1.34388   6.87256 	Dead: 0
58  10.3035   0.0887567   1.43129   6.87256 	Dead: 0
59  10.2732   0.0892636   1.43946   6.87256 	Dead: 0
60  10.1171   0.0816457   1.31662   6.87256 	Dead: 0
61  10.1708   0.0881603   1.42167   6.87256 	Dead: 0
62  10.0908   0.0882511   1.42314   6.87256 	Dead: 0
63  10.0214   0.0857351   1.38256   6.87256 	Dead: 0
64  10.009    0.0901542   1.45383   6.87256 	Dead: 0
65  9.87966   0.0833973   1.34487   6.87256 	Dead: 0
66  9.95384   0.0895144   1.44351   6.87256 	Dead: 0
67  9.88545   0.0891548   1.43771   6.87256 	Dead: 0
68  9.80074   0.0883549   1.42481   6.87256 	Dead: 0
69  9.75019   0.0872208   1.40652   6.87256 	Dead: 0
70  9.71187   0.0863231   1.39205   6.87256 	Dead: 0
71  9.66945   0.0880088   1.41923   6.87256 	Dead: 0
72  9.54662   0.085212    1.37413   6.87256 	Dead: 0
73  9.58741   0.089757    1.44742   6.87256 	Dead: 0
74  9.5381    0.0858799   1.3849    6.87256 	Dead: 0
75  9.53536   0.0880965   1.42064   6.87256 	Dead: 0
76  9.48499   0.0886396   1.4294    6.87256 	Dead: 0
77  9.50037   0.0876884   1.41406   6.87256 	Dead: 0
78  9.45289   0.086586    1.39629   6.84435 	Dead: 0
79  9.41691   0.0880625   1.4201    6.84435 	Dead: 0
80  9.44931   0.0907112   1.46281   6.84435 	Dead: 0
81  9.37779   0.0864701   1.39442   6.84435 	Dead: 0
82  9.27178   0.0824603   1.32975   6.69925 	Dead: 0
83  9.28272   0.0828236   1.33561   6.69925 	Dead: 0
84  9.25516   0.0861081   1.38858   6.69925 	Dead: 0
85  9.24161   0.0856325   1.38091   6.69925 	Dead: 0
86  9.23811   0.0876642   1.41367   6.69925 	Dead: 0
87  9.1458    0.0857078   1.38212   6.50962 	Dead: 0
88  9.18076   0.0872882   1.40761   6.50962 	Dead: 0
89  9.23412   0.0908296   1.46472   6.50962 	Dead: 0
90  9.11993   0.0863182   1.39197   6.50962 	Dead: 0
91  9.1715    0.0906111   1.46119   6.50962 	Dead: 0
92  9.12801   0.0874523   1.41026   6.50962 	Dead: 0
93  9.12454   0.0911402   1.46973   6.50962 	Dead: 0
94  9.00649   0.0841324   1.35672   6.50962 	Dead: 0
95  9.02766   0.0889202   1.43393   6.50962 	Dead: 0
96  9.03924   0.0885635   1.42818   6.50962 	Dead: 0
97  8.99669   0.0859749   1.38643   6.50962 	Dead: 0
98  9.02917   0.0898678   1.44921   6.50962 	Dead: 0
99  8.97214   0.0860009   1.38685   6.50962 	Dead: 0
100 9.00658   0.0894973   1.44323   6.50962 	Dead: 0
