0   21.1554   0.114222    1.84194   14.0964 	Dead: 0
1   19.8927   0.106327    1.71463   13.4875 	Dead: 0
2   18.7715   0.101933    1.64377   13.4875 	Dead: 0
3   17.799    0.0957178   1.54354   13.4875 	Dead: 0
4   16.9313   0.0926122   1.49346   11.3814 	Dead: 0
5   16.1421   0.0895532   1.44414   10.581  	Dead: 0
6   15.4043   0.0853689   1.37666   10.581  	Dead: 0
7   14.6782   0.0822186   1.32586   10.4665 	Dead: 0
8   14.0443   0.0817264   1.31792   10.4665 	Dead: 0
9   13.441    0.0816352   1.31645   9.49436 	Dead: 0
10  12.9312   0.07718     1.2446    8.70392 	Dead: 0
11  12.4755   0.07571     1.2209    8.70392 	Dead: 0
12  12.0759   0.0784787   1.26555   8.43327 	Dead: 0
13  11.6557   0.0798784   1.28812   8.23795 	Dead: 0
14  11.1991   0.0825423   1.33108   5.62293 	Dead: 0
15  10.7928   0.0877186   1.41455   5.62293 	Dead: 0
16  10.3798   0.0847236   1.36625   5.62293 	Dead: 0
17  9.9499    0.0864227   1.39365   5.57511 	Dead: 0
18  9.52408   0.093121    1.50167   5.47815 	Dead: 0
19  8.95084   0.0910676   1.46856   5.10764 	Dead: 0
20  8.34718   0.0879511   1.4183    4.71312 	Dead: 0
21  7.70939   0.0816367   1.31647   4.46163 	Dead: 0
22  7.10015   0.0819118   1.32091   4.08784 	Dead: 0
23  6.56168   0.0723283   1.16637   3.82021 	Dead: 0
24  6.19511   0.0746003   1.203     3.60963 	Dead: 0
25  5.86795   0.0700505   1.12963   3.60963 	Dead: 0
26  5.60665   0.0675577   1.08944   3.30155 	Dead: 0
27  5.44511   0.0707739   1.1413    3.30155 	Dead: 0
28  5.23254   0.0682813   1.1011    3.30155 	Dead: 0
29  5.11891   0.0666729   1.07517   3.09825 	Dead: 0
30  4.98335   0.0668011   1.07723   3.09825 	Dead: 0
31  4.86392   0.0652525   1.05226   3.09825 	Dead: 0
32  4.77251   0.0631987   1.01914   2.89266 	Dead: 0
33  4.65353   0.0626528   1.01034   2.72209 	Dead: 0
34  4.59043   0.0630195   1.01625   2.72209 	Dead: 0
35  4.54028   0.0646622   1.04274   2.72209 	Dead: 0
36  4.48349   0.0634326   1.02291   2.72209 	Dead: 0
37  4.40732   0.0601182   0.969466  2.72209 	Dead: 0
38  4.33815   0.0578468   0.932838  2.72209 	Dead: 0
39  4.31846   0.0611933   0.986803  2.72209 	Dead: 0
40  4.26855   0.0609364   0.98266   2.72209 	Dead: 0
41  4.19252   0.0576582   0.929796  2.72209 	Dead: 0
42  4.21694   0.0622066   1.00314   2.72209 	Dead: 0
43  4.20021   0.0605883   0.977048  2.72209 	Dead: 0
44  4.12509   0.0575494   0.928042  2.72209 	Dead: 0
45  4.09173   0.0596963   0.962663  2.65227 	Dead: 0
46  4.0591    0.0568144   0.916188  2.65227 	Dead: 0
47  4.00122   0.05178     0.835004  2.65227 	Dead: 0
48  3.99516   0.0537912   0.867437  2.65227 	Dead: 0
49  3.96739   0.0543791   0.876918  2.65227 	Dead: 0
50  3.94797   0.0556687   0.897713  2.65227 	Dead: 0
51  3.9512    0.0549113   0.885499  2.65227 	Dead: 0
52  3.93026   0.053319    0.859822  2.65227 	Dead: 0
53  3.98039   0.0602915   0.972261  2.65227 	Dead: 0
54  3.99668   0.0660571   1.06524   2.65227 	Dead: 0
55  3.89968   0.0545744   0.880067  2.65227 	Dead: 0
56  3.88567   0.0535117   0.862929  2.65227 	Dead: 0
57  3.91023   0.0579556   0.934593  2.54225 	Dead: 0
58  3.86482   0.0557585   0.899162  2.54225 	Dead: 0
59  3.8231    0.0553633   0.892789  2.54225 	Dead: 0
60  3.8704    0.0623169   1.00492   2.54225 	Dead: 0
61  3.86824   0.0599585   0.96689   2.54225 	Dead: 0
62  3.81927   0.0517298   0.834196  2.54225 	Dead: 0
63  3.83579   0.0546076   0.880602  2.54225 	Dead: 0
64  3.80073   0.0525693   0.847733  2.54225 	Dead: 0
65  3.79365   0.051175    0.825247  2.54225 	Dead: 0
66  3.79706   0.054917    0.885592  2.54225 	Dead: 0
67  3.77176   0.0518147   0.835564  2.46264 	Dead: 0
68  3.74678   0.0526153   0.848475  2.46264 	Dead: 0
69  3.81339   0.0564744   0.910706  2.46264 	Dead: 0
70  3.80182   0.0554001   0.893382  2.46264 	Dead: 0
71  3.7887    0.055521    0.895331  2.46264 	Dead: 0
72  3.77116   0.0534353   0.861698  2.46264 	Dead: 0
73  3.73601   0.0503897   0.812584  2.46264 	Dead: 0
74  3.75034   0.0538792   0.868855  2.46264 	Dead: 0
75  3.74861   0.0528132   0.851666  2.46264 	Dead: 0
76  3.77459   0.0587933   0.948101  2.46264 	Dead: 0
77  3.82482   0.0622922   1.00452   2.46264 	Dead: 0
78  3.7667    0.0563418   0.908569  2.46264 	Dead: 0
79  3.76222   0.0568283   0.916413  2.46264 	Dead: 0
80  3.73694   0.0514558   0.829776  2.46264 	Dead: 0
81  3.75744   0.0541969   0.873979  2.46264 	Dead: 0
82  3.74516   0.0515198   0.830808  2.46264 	Dead: 0
83  3.78999   0.0571324   0.921317  2.46264 	Dead: 0
84  3.73358   0.0527303   0.850328  2.46264 	Dead: 0
85  3.7238    0.0524781   0.846263  2.46264 	Dead: 0
86  3.72984   0.0532067   0.858012  2.46264 	Dead: 0
87  3.76651   0.0569737   0.918757  2.46264 	Dead: 0
88  3.71019   0.0517975   0.835287  2.46264 	Dead: 0
89  3.76483   0.0558471   0.90059   2.46264 	Dead: 0
90  3.71342   0.0499921   0.806173  2.46264 	Dead: 0
91  3.74106   0.0571767   0.922032  2.46264 	Dead: 0
92  3.72899   0.0576328   0.929386  2.46264 	Dead: 0
93  3.74251   0.0569732   0.91875   2.46264 	Dead: 0
94  3.70479   0.0538627   0.86859   2.46264 	Dead: 0
95  3.71361   0.0543837   0.876991  2.46264 	Dead: 0
96  3.75132   0.0573168   0.924292  2.46264 	Dead: 0
97  3.73286   0.0546188   0.880783  2.46264 	Dead: 0
98  3.70775   0.0559654   0.902499  2.46264 	Dead: 0
99  3.72554   0.0570795   0.920465  2.46264 	Dead: 0
100 3.70916   0.0550257   0.887344  2.46264 	Dead: 0
