0   4088.08   2.55334     41.1751   3962    	Dead: 0
1   3989.6    1.8074      29.1461   3908    	Dead: 0
2   3925.19   1.46454     23.6171   3865    	Dead: 0
3   3883.37   1.20476     19.4279   3806    	Dead: 0
4   3853.06   1.11475     17.9765   3788    	Dead: 0
5   3826.07   1.14516     18.4668   3769    	Dead: 0
6   3798.42   1.1127      17.9433   3747    	Dead: 0
7   3772.18   1.00308     16.1757   3725    	Dead: 0
8   3755.66   1.02612     16.5471   3711    	Dead: 0
9   3742.77   1.01591     16.3825   3703    	Dead: 0
10  3731.52   0.959835    15.4783   3685    	Dead: 0
11  3721.98   0.999757    16.1221   3677    	Dead: 0
12  3713.05   1.05253     16.973    3665    	Dead: 0
13  3704.13   1.09087     17.5913   3658    	Dead: 0
14  3694.01   1.14215     18.4184   3653    	Dead: 0
15  3682.27   1.07637     17.3575   3643    	Dead: 0
16  3674.49   1.19331     19.2433   3637    	Dead: 0
17  3666.05   1.18186     19.0587   3627    	Dead: 0
18  3658.78   1.19184     19.2196   3624    	Dead: 0
19  3653.67   1.19796     19.3183   3610    	Dead: 0
20  3649.38   1.21921     19.661    3610    	Dead: 0
21  3643.85   1.21937     19.6636   3600    	Dead: 0
22  3641.12   1.34282     21.6544   3596    	Dead: 0
23  3636.5    1.31688     21.236    3595    	Dead: 0
24  3633.51   1.4079      22.7038   3590    	Dead: 0
25  3630.96   1.43356     23.1176   3588    	Dead: 0
26  3626.67   1.44605     23.319    3582    	Dead: 0
27  3623.05   1.46149     23.568    3582    	Dead: 0
28  3620.07   1.51126     24.3706   3582    	Dead: 0
29  3617.78   1.53087     24.6868   3573    	Dead: 0
30  3613.24   1.44631     23.3232   3571    	Dead: 0
31  3610.73   1.53162     24.6989   3565    	Dead: 0
32  3607.44   1.53952     24.8263   3565    	Dead: 0
33  3603.78   1.5012      24.2083   3550    	Dead: 0
34  3601.11   1.60562     25.8922   3550    	Dead: 0
35  3595.53   1.45385     23.4448   3550    	Dead: 0
36  3592.1    1.50038     24.1951   3550    	Dead: 0
37  3588.24   1.51377     24.4111   3550    	Dead: 0
38  3583.15   1.54542     24.9214   3541    	Dead: 0
39  3578.8    1.6326      26.3273   3535    	Dead: 0
40  3573.81   1.58512     25.5616   3533    	Dead: 0
41  3568.02   1.65492     26.6873   3525    	Dead: 0
42  3559.03   1.43826     23.1933   3523    	Dead: 0
43  3553.63   1.57425     25.3864   3512    	Dead: 0
44  3546.26   1.55086     25.0091   3507    	Dead: 0
45  3538.37   1.46181     23.5731   3507    	Dead: 0
46  3533.19   1.54519     24.9177   3502    	Dead: 0
47  3528.95   1.49862     24.1668   3497    	Dead: 0
48  3524.57   1.49688     24.1386   3495    	Dead: 0
49  3521.11   1.56486     25.2349   3490    	Dead: 0
50  3517.87   1.60347     25.8576   3487    	Dead: 0
51  3515.17   1.6476      26.5692   3485    	Dead: 0
52  3510.41   1.52535     24.5977   3484    	Dead: 0
53  3508.12   1.60338     25.856    3484    	Dead: 0
54  3506.58   1.70243     27.4534   3479    	Dead: 0
55  3502.28   1.61673     26.0713   3476    	Dead: 0
56  3498.88   1.47252     23.7459   3474    	Dead: 0
57  3498.01   1.76885     28.5244   3469    	Dead: 0
58  3492.56   1.59973     25.7972   3462    	Dead: 0
59  3487.7    1.70404     27.4793   3460    	Dead: 0
60  3481.55   1.72173     27.7646   3449    	Dead: 0
61  3475.08   1.66075     26.7813   3442    	Dead: 0
62  3469.29   1.751       28.2366   3438    	Dead: 0
63  3463.79   1.80417     29.0941   3434    	Dead: 0
64  3453.62   1.62196     26.1557   3422    	Dead: 0
65  3450.93   1.74357     28.1169   3422    	Dead: 0
66  3450.46   2.01387     32.4756   3419    	Dead: 0
67  3444.79   1.86575     30.0871   3418    	Dead: 0
68  3441.91   1.9686      31.7457   3400    	Dead: 0
69  3439.53   2.06619     33.3194   3400    	Dead: 0
70  3431.52   1.79208     28.8991   3399    	Dead: 0
71  3425.39   1.91776     30.9258   3393    	Dead: 0
72  3420.69   1.91242     30.8397   3386    	Dead: 0
73  3417.55   1.95959     31.6004   3383    	Dead: 0
74  3411.11   1.84137     29.6939   3381    	Dead: 0
75  3403.78   1.86005     29.9951   3375    	Dead: 0
76  3402.39   2.06771     33.3439   3375    	Dead: 0
77  3397.01   1.80395     29.0905   3367    	Dead: 0
78  3396.28   1.99474     32.1672   3367    	Dead: 0
79  3394.08   2.00699     32.3647   3363    	Dead: 0
80  3389.39   2.03429     32.805    3356    	Dead: 0
81  3386.3    2.07213     33.4151   3352    	Dead: 0
82  3380.2    1.92217     30.9969   3348    	Dead: 0
83  3376.77   2.05664     33.1653   3342    	Dead: 0
84  3372.74   2.14854     34.6473   3336    	Dead: 0
85  3365.63   2.18043     35.1616   3325    	Dead: 0
86  3359.26   2.26853     36.5823   3322    	Dead: 0
87  3351.04   1.9991      32.2375   3321    	Dead: 0
88  3347.84   2.20744     35.5972   3316    	Dead: 0
89  3346.35   2.36584     38.1516   3311    	Dead: 0
90  3345.25   2.35061     37.9059   3311    	Dead: 0
91  3340.21   2.21327     35.6912   3305    	Dead: 0
92  3337.9    2.26759     36.5671   3305    	Dead: 0
93  3335.71   2.30486     37.1681   3300    	Dead: 0
94  3331.03   2.12054     34.1958   3300    	Dead: 0
95  3330.52   2.42043     39.0319   3299    	Dead: 0
96  3329.44   2.40743     38.8222   3294    	Dead: 0
97  3325.85   2.29654     37.0341   3294    	Dead: 0
98  3325.86   2.4359      39.2814   3294    	Dead: 0
99  3324.07   2.37825     38.3517   3292    	Dead: 0
100 3324.68   2.51886     40.6191   3291    	Dead: 0
