0   4086.98   2.51808     40.6065   3982    	Dead: 0
1   3987.83   1.79121     28.885    3907    	Dead: 0
2   3927.3    1.33448     21.5198   3862    	Dead: 0
3   3884.12   1.18106     19.0457   3834    	Dead: 0
4   3850.04   0.977427    15.762    3796    	Dead: 0
5   3826.78   0.985709    15.8955   3778    	Dead: 0
6   3794.94   1.06615     17.1927   3743    	Dead: 0
7   3765.75   0.926346    14.9383   3726    	Dead: 0
8   3746.49   0.897426    14.4719   3702    	Dead: 0
9   3731.03   0.910612    14.6845   3675    	Dead: 0
10  3716.99   0.951835    15.3493   3669    	Dead: 0
11  3699.92   1.06416     17.1607   3654    	Dead: 0
12  3681.42   0.973996    15.7067   3637    	Dead: 0
13  3668.15   0.949895    15.318    3635    	Dead: 0
14  3657.66   0.978694    15.7824   3628    	Dead: 0
15  3647.28   0.934196    15.0648   3618    	Dead: 0
16  3638.43   0.938167    15.1289   3613    	Dead: 0
17  3631.22   1.01042     16.294    3607    	Dead: 0
18  3623.85   0.958779    15.4613   3590    	Dead: 0
19  3617.41   1.0292      16.5968   3590    	Dead: 0
20  3609.85   1.07993     17.415    3586    	Dead: 0
21  3601.51   1.09149     17.6013   3574    	Dead: 0
22  3594.19   1.19155     19.215    3564    	Dead: 0
23  3585.35   1.27582     20.5738   3552    	Dead: 0
24  3573.9    1.33364     21.5063   3538    	Dead: 0
25  3564.94   1.38441     22.325    3532    	Dead: 0
26  3557.9    1.49094     24.043    3531    	Dead: 0
27  3554.18   1.57132     25.3392   3527    	Dead: 0
28  3551.23   1.55379     25.0565   3527    	Dead: 0
29  3547.69   1.54155     24.859    3527    	Dead: 0
30  3543.13   1.45745     23.5028   3521    	Dead: 0
31  3541.91   1.61544     26.0506   3517    	Dead: 0
32  3536.38   1.47426     23.7738   3507    	Dead: 0
33  3531.21   1.383       22.3022   3506    	Dead: 0
34  3529.09   1.54515     24.9171   3506    	Dead: 0
35  3525.22   1.6054      25.8887   3495    	Dead: 0
36  3522.62   1.6882      27.2239   3495    	Dead: 0
37  3521.12   1.79686     28.9762   3487    	Dead: 0
38  3518.35   1.94465     31.3594   3484    	Dead: 0
39  3514.51   1.87263     30.1981   3479    	Dead: 0
40  3508.75   1.74243     28.0984   3476    	Dead: 0
41  3504.36   1.79059     28.8751   3476    	Dead: 0
42  3498.89   1.80755     29.1485   3464    	Dead: 0
43  3495.21   1.85751     29.9542   3464    	Dead: 0
44  3491.61   1.92105     30.9788   3451    	Dead: 0
45  3488.1    1.9135      30.8571   3450    	Dead: 0
46  3483.92   1.9241      31.0281   3445    	Dead: 0
47  3478.6    1.86842     30.1301   3444    	Dead: 0
48  3469.99   1.69718     27.3687   3436    	Dead: 0
49  3464.85   1.72382     27.7983   3433    	Dead: 0
50  3459.43   1.80695     29.1389   3425    	Dead: 0
51  3450.85   1.50268     24.2322   3425    	Dead: 0
52  3448.98   1.76302     28.4305   3425    	Dead: 0
53  3444.71   1.67395     26.9942   3421    	Dead: 0
54  3442.76   1.82568     29.4409   3416    	Dead: 0
55  3437.94   1.68601     27.1886   3411    	Dead: 0
56  3435.31   1.83087     29.5247   3411    	Dead: 0
57  3430.05   1.60709     25.9159   3399    	Dead: 0
58  3428.13   1.70054     27.4228   3395    	Dead: 0
59  3425.25   1.69435     27.3231   3389    	Dead: 0
60  3422.66   1.77483     28.6208   3389    	Dead: 0
61  3421.7    1.86132     30.0156   3389    	Dead: 0
62  3421.09   2.04758     33.0192   3380    	Dead: 0
63  3416.9    1.98648     32.034    3369    	Dead: 0
64  3414.94   2.1346      34.4226   3369    	Dead: 0
65  3409.24   1.95108     31.4632   3369    	Dead: 0
66  3405.77   2.04544     32.9848   3369    	Dead: 0
67  3406.24   2.25887     36.4265   3369    	Dead: 0
68  3404.27   2.33185     37.6034   3363    	Dead: 0
69  3403.19   2.45882     39.651    3363    	Dead: 0
70  3401.45   2.35334     37.95     3363    	Dead: 0
71  3399.95   2.50505     40.3965   3363    	Dead: 0
72  3399.57   2.58086     41.6189   3363    	Dead: 0
73  3396.64   2.44341     39.4024   3360    	Dead: 0
74  3396.71   2.4965      40.2586   3360    	Dead: 0
75  3395.62   2.55127     41.1417   3358    	Dead: 0
76  3394.92   2.54877     41.1014   3358    	Dead: 0
77  3395.43   2.61396     42.1527   3357    	Dead: 0
78  3393.04   2.57571     41.5359   3357    	Dead: 0
79  3392.51   2.49019     40.1568   3353    	Dead: 0
80  3392.94   2.59697     41.8787   3353    	Dead: 0
81  3388.97   2.44386     39.4096   3353    	Dead: 0
82  3388.53   2.46649     39.7747   3353    	Dead: 0
83  3390.02   2.63189     42.4418   3351    	Dead: 0
84  3385.16   2.3537      37.9557   3348    	Dead: 0
85  3385.5    2.54449     41.0324   3348    	Dead: 0
86  3382.45   2.56134     41.3042   3343    	Dead: 0
87  3382.1    2.49917     40.3017   3343    	Dead: 0
88  3381.98   2.653       42.7822   3333    	Dead: 0
89  3380.81   2.71246     43.7411   3333    	Dead: 0
90  3376.12   2.59824     41.8992   3333    	Dead: 0
91  3376.58   2.72636     43.9653   3328    	Dead: 0
92  3372.43   2.63915     42.5589   3328    	Dead: 0
93  3367.71   2.47483     39.9092   3325    	Dead: 0
94  3365.57   2.51059     40.4857   3323    	Dead: 0
95  3363      2.52284     40.6833   3322    	Dead: 0
96  3360.53   2.59192     41.7972   3322    	Dead: 0
97  3358.43   2.52166     40.6643   3316    	Dead: 0
98  3356.37   2.58248     41.6451   3316    	Dead: 0
99  3356.08   2.70711     43.6548   3316    	Dead: 0
100 3351.53   2.55479     41.1985   3311    	Dead: 0
