0   24.2541   0.0727438   1.17307   20.9754 	Dead: 0
1   23.1997   0.0651406   1.05046   20.4412 	Dead: 0
2   22.4806   0.0558979   0.90141   20.2009 	Dead: 0
3   21.9297   0.0538063   0.867681  19.5616 	Dead: 0
4   21.4983   0.0497355   0.802034  19.172  	Dead: 0
5   21.1191   0.0451268   0.727716  18.801  	Dead: 0
6   20.7948   0.045217    0.729169  18.7873 	Dead: 0
7   20.5228   0.0423264   0.682555  18.7873 	Dead: 0
8   20.241    0.0418235   0.674445  18.357  	Dead: 0
9   19.9824   0.041713    0.672664  18.2316 	Dead: 0
10  19.779    0.0413849   0.667373  18.0364 	Dead: 0
11  19.5962   0.0422847   0.681883  17.553  	Dead: 0
12  19.4043   0.0397595   0.641161  17.4935 	Dead: 0
13  19.2082   0.0409821   0.660877  16.9934 	Dead: 0
14  19.011    0.042108    0.679034  16.9934 	Dead: 0
15  18.8475   0.0423585   0.683074  16.8849 	Dead: 0
16  18.6834   0.0433991   0.699854  16.8849 	Dead: 0
17  18.4976   0.0424154   0.683991  16.6068 	Dead: 0
18  18.3142   0.041928    0.676131  15.8376 	Dead: 0
19  18.1887   0.0446431   0.719915  15.8376 	Dead: 0
20  18.0478   0.0449888   0.72549   15.8376 	Dead: 0
21  17.9136   0.0436684   0.704196  15.8376 	Dead: 0
22  17.781    0.0434962   0.701419  15.8376 	Dead: 0
23  17.6349   0.0443926   0.715875  15.8376 	Dead: 0
24  17.4716   0.0416392   0.671474  15.5432 	Dead: 0
25  17.3353   0.0440593   0.710501  15.4843 	Dead: 0
26  17.2292   0.0438195   0.706633  15.4843 	Dead: 0
27  17.0718   0.0424779   0.684998  15.45   	Dead: 0
28  16.9353   0.0430961   0.694967  15.0998 	Dead: 0
29  16.806    0.0427504   0.689393  15.0998 	Dead: 0
30  16.6988   0.0429254   0.692214  14.9215 	Dead: 0
31  16.5946   0.0425      0.685355  14.4388 	Dead: 0
32  16.4801   0.0434838   0.70122   14.4388 	Dead: 0
33  16.3934   0.045566    0.734797  14.319  	Dead: 0
34  16.2285   0.0443478   0.715153  14.319  	Dead: 0
35  16.0993   0.0437867   0.706104  14.2203 	Dead: 0
36  15.9955   0.0446225   0.719582  14.2203 	Dead: 0
37  15.8188   0.0433495   0.699054  14.1707 	Dead: 0
38  15.7033   0.044076    0.71077   13.8704 	Dead: 0
39  15.5436   0.0431089   0.695175  13.5993 	Dead: 0
40  15.389    0.0436147   0.703331  13.5993 	Dead: 0
41  15.2369   0.0423866   0.683527  13.5993 	Dead: 0
42  15.0853   0.0408312   0.658444  13.5993 	Dead: 0
43  15.0055   0.0423816   0.683445  13.4921 	Dead: 0
44  14.878    0.0417951   0.673988  13.2218 	Dead: 0
45  14.7952   0.0430617   0.694413  13.2218 	Dead: 0
46  14.6917   0.0426524   0.687813  13.1827 	Dead: 0
47  14.6462   0.0434606   0.700846  13.0514 	Dead: 0
48  14.5738   0.0425157   0.685608  12.9433 	Dead: 0
49  14.4835   0.0425552   0.686245  12.9237 	Dead: 0
50  14.4246   0.0418304   0.674557  12.9237 	Dead: 0
51  14.401    0.0445522   0.718449  12.8917 	Dead: 0
52  14.343    0.0430145   0.693651  12.6372 	Dead: 0
53  14.3026   0.0437343   0.705259  12.6372 	Dead: 0
54  14.2505   0.0443864   0.715775  12.6372 	Dead: 0
55  14.1811   0.0451271   0.72772   12.4497 	Dead: 0
56  14.1351   0.0458629   0.739584  12.3421 	Dead: 0
57  14.0759   0.0462867   0.746419  12.3421 	Dead: 0
58  13.9929   0.0459634   0.741206  12.3421 	Dead: 0
59  13.9269   0.0456165   0.735611  12.3421 	Dead: 0
60  13.8799   0.0455875   0.735143  12.3421 	Dead: 0
61  13.8605   0.0470486   0.758705  12.3395 	Dead: 0
62  13.7895   0.0483091   0.779032  12.0719 	Dead: 0
63  13.711    0.0478605   0.771798  11.8088 	Dead: 0
64  13.6959   0.0526181   0.848519  11.8088 	Dead: 0
65  13.5871   0.0502121   0.80972   11.5111 	Dead: 0
66  13.5335   0.0504827   0.814084  11.5111 	Dead: 0
67  13.4495   0.0522583   0.842717  11.5111 	Dead: 0
68  13.3551   0.0520728   0.839727  11.5111 	Dead: 0
69  13.2275   0.0518572   0.836249  11.1351 	Dead: 0
70  13.1002   0.0507517   0.818422  11.1351 	Dead: 0
71  12.9984   0.0523572   0.844312  11.1351 	Dead: 0
72  12.8414   0.0499193   0.804998  11.1351 	Dead: 0
73  12.7542   0.0517371   0.834313  10.9733 	Dead: 0
74  12.6707   0.0544601   0.878223  10.2219 	Dead: 0
75  12.5865   0.0548061   0.883803  10.2219 	Dead: 0
76  12.4559   0.052961    0.85405   10.2219 	Dead: 0
77  12.3708   0.0523519   0.844227  10.2219 	Dead: 0
78  12.2772   0.0521065   0.84027   10.2219 	Dead: 0
79  12.2491   0.0563079   0.908021  10.2219 	Dead: 0
80  12.1829   0.0583781   0.941406  10.2219 	Dead: 0
81  12.0753   0.0555088   0.895135  10.0504 	Dead: 0
82  12.0333   0.0569662   0.918638  10.0504 	Dead: 0
83  11.9409   0.0557888   0.899651  10.0504 	Dead: 0
84  11.8645   0.0540273   0.871244  10.0504 	Dead: 0
85  11.7652   0.0530054   0.854766  10.0504 	Dead: 0
86  11.6908   0.0527256   0.850253  10.0504 	Dead: 0
87  11.6544   0.0550687   0.888038  9.66982 	Dead: 0
88  11.6128   0.0552601   0.891124  9.66982 	Dead: 0
89  11.563    0.0567352   0.914912  9.66982 	Dead: 0
90  11.4818   0.0555081   0.895123  9.66982 	Dead: 0
91  11.4245   0.0551627   0.889553  9.66982 	Dead: 0
92  11.4006   0.0574432   0.926329  9.66982 	Dead: 0
93  11.3135   0.0565238   0.911503  9.51205 	Dead: 0
94  11.2577   0.0562411   0.906944  9.51205 	Dead: 0
95  11.1817   0.0555312   0.895496  9.14887 	Dead: 0
96  11.1413   0.0587619   0.947595  9.14887 	Dead: 0
97  11.082    0.0594232   0.958259  8.4809  	Dead: 0
98  11.0642   0.062567    1.00896   8.4809  	Dead: 0
99  10.9477   0.0600083   0.967694  8.4809  	Dead: 0
100 10.8684   0.0589892   0.95126   8.4809  	Dead: 0
