0   24.3204   0.0752448   1.2134    20.2372 	Dead: 0
1   23.1963   0.0687699   1.10898   20.0962 	Dead: 0
2   22.431    0.0584468   0.942512  20.0962 	Dead: 0
3   21.861    0.0539158   0.869447  19.1515 	Dead: 0
4   21.4358   0.0510447   0.823147  19.1515 	Dead: 0
5   21.0972   0.0482158   0.777528  18.798  	Dead: 0
6   20.8162   0.0449442   0.72477   18.6558 	Dead: 0
7   20.5806   0.0439686   0.709038  18.6211 	Dead: 0
8   20.3563   0.044086    0.71093   18.2439 	Dead: 0
9   20.1353   0.0440823   0.710871  17.6943 	Dead: 0
10  19.9082   0.0420549   0.678178  17.6943 	Dead: 0
11  19.6957   0.0420063   0.677394  17.6943 	Dead: 0
12  19.4692   0.0418168   0.674338  17.6055 	Dead: 0
13  19.3096   0.0430737   0.694606  17.3713 	Dead: 0
14  19.1156   0.0420765   0.678525  17.1235 	Dead: 0
15  18.977    0.0424942   0.685261  16.6499 	Dead: 0
16  18.727    0.0406136   0.654934  16.6499 	Dead: 0
17  18.5638   0.0402669   0.649344  16.6499 	Dead: 0
18  18.4069   0.0407137   0.656549  16.5671 	Dead: 0
19  18.2503   0.0415701   0.670359  16.1445 	Dead: 0
20  18.0883   0.0438028   0.706364  15.4901 	Dead: 0
21  17.8938   0.0416857   0.672224  15.4901 	Dead: 0
22  17.6684   0.0399625   0.644435  15.4901 	Dead: 0
23  17.5014   0.0417723   0.673621  15.4901 	Dead: 0
24  17.3771   0.0434179   0.700157  15.1967 	Dead: 0
25  17.1824   0.044557    0.718526  14.6556 	Dead: 0
26  17.0062   0.04532     0.73083   14.6556 	Dead: 0
27  16.8373   0.0433531   0.699112  14.6556 	Dead: 0
28  16.6953   0.0451807   0.728584  14.6556 	Dead: 0
29  16.5333   0.0462175   0.745304  13.2882 	Dead: 0
30  16.3496   0.0461131   0.74362   13.2882 	Dead: 0
31  16.1831   0.0459728   0.741358  13.2882 	Dead: 0
32  16.0011   0.0453584   0.731449  13.2882 	Dead: 0
33  15.8168   0.0447034   0.720888  13.2882 	Dead: 0
34  15.663    0.0456647   0.736389  13.2882 	Dead: 0
35  15.5083   0.0443321   0.714899  13.2882 	Dead: 0
36  15.3911   0.0469365   0.756898  13.1759 	Dead: 0
37  15.3126   0.0472685   0.762252  13.1759 	Dead: 0
38  15.18     0.0458381   0.739185  12.6546 	Dead: 0
39  15.1346   0.0494879   0.798043  12.6546 	Dead: 0
40  15.0398   0.0504862   0.81414   12.6546 	Dead: 0
41  14.9665   0.0505548   0.815247  12.6546 	Dead: 0
42  14.8771   0.0501201   0.808237  12.2881 	Dead: 0
43  14.7932   0.0489322   0.78908   12.2881 	Dead: 0
44  14.729    0.0511986   0.825629  12.2881 	Dead: 0
45  14.6436   0.0512532   0.82651   12.2881 	Dead: 0
46  14.5585   0.0518225   0.835689  12.2881 	Dead: 0
47  14.4732   0.050288    0.810944  12.2881 	Dead: 0
48  14.4021   0.0522228   0.842145  12.1289 	Dead: 0
49  14.2532   0.0494474   0.797388  12.1289 	Dead: 0
50  14.1776   0.0514566   0.829788  12.1289 	Dead: 0
51  14.0399   0.0513058   0.827357  12.116  	Dead: 0
52  13.8806   0.0518686   0.836432  11.6476 	Dead: 0
53  13.6752   0.049598    0.799817  11.6476 	Dead: 0
54  13.5153   0.0488355   0.787522  11.6476 	Dead: 0
55  13.3477   0.0471292   0.760005  11.6476 	Dead: 0
56  13.2101   0.047297    0.762712  11.169  	Dead: 0
57  13.1078   0.0481226   0.776024  11.169  	Dead: 0
58  13.0385   0.0497279   0.801912  11.169  	Dead: 0
59  12.9593   0.0486655   0.784779  11.0429 	Dead: 0
60  12.8663   0.0480262   0.774471  11.0429 	Dead: 0
61  12.8432   0.0517486   0.834497  10.6607 	Dead: 0
62  12.7846   0.0529127   0.853271  10.3844 	Dead: 0
63  12.6928   0.0504116   0.812937  10.3844 	Dead: 0
64  12.674    0.0518848   0.836695  10.3844 	Dead: 0
65  12.5787   0.0511729   0.825215  10.3844 	Dead: 0
66  12.5387   0.0524962   0.846554  10.3844 	Dead: 0
67  12.5012   0.0522763   0.843008  10.3844 	Dead: 0
68  12.4855   0.0557134   0.898434  10.3844 	Dead: 0
69  12.42     0.0551486   0.889327  10.3844 	Dead: 0
70  12.3504   0.0545015   0.878892  10.3844 	Dead: 0
71  12.3085   0.0569472   0.91833   10.3844 	Dead: 0
72  12.2128   0.0570734   0.920365  10.3844 	Dead: 0
73  12.1673   0.0551904   0.890001  9.89292 	Dead: 0
74  12.0903   0.0583861   0.941535  9.89292 	Dead: 0
75  12.0318   0.0581669   0.938     9.89292 	Dead: 0
76  11.919    0.0584149   0.941998  9.63561 	Dead: 0
77  11.8335   0.0586642   0.946018  9.63561 	Dead: 0
78  11.7715   0.0586395   0.945621  9.50438 	Dead: 0
79  11.6954   0.0606877   0.97865   9.50438 	Dead: 0
80  11.6474   0.0616493   0.994157  9.50438 	Dead: 0
81  11.5213   0.0584484   0.942538  9.50438 	Dead: 0
82  11.4142   0.0578583   0.933023  9.4209  	Dead: 0
83  11.3317   0.0610821   0.985009  9.32215 	Dead: 0
84  11.2494   0.0614969   0.991699  8.65844 	Dead: 0
85  11.1879   0.066601    1.07401   8.65844 	Dead: 0
86  11.0332   0.0629157   1.01458   8.65844 	Dead: 0
87  10.8693   0.0611672   0.986383  8.45009 	Dead: 0
88  10.7881   0.0654059   1.05474   8.45009 	Dead: 0
89  10.6144   0.0635558   1.0249    8.45009 	Dead: 0
90  10.5108   0.0636561   1.02652   8.45009 	Dead: 0
91  10.3985   0.0660887   1.06575   8.38708 	Dead: 0
92  10.3111   0.0662576   1.06847   8.38708 	Dead: 0
93  10.2282   0.0647697   1.04448   8.38708 	Dead: 0
94  10.108    0.061707    0.995087  8.17148 	Dead: 0
95  10.0499   0.0629882   1.01575   7.97894 	Dead: 0
96  9.96497   0.0644347   1.03907   7.97894 	Dead: 0
97  9.91295   0.0631512   1.01838   7.91218 	Dead: 0
98  9.89726   0.0679059   1.09505   7.52765 	Dead: 0
99  9.83487   0.0679087   1.0951    7.52765 	Dead: 0
100 9.78533   0.066768    1.0767    7.52765 	Dead: 0
