0   24.9612   0.0695857   1.12214   22.1037 	Dead: 0
1   24.3765   0.0645138   1.04035   21.3483 	Dead: 0
2   23.8217   0.0612671   0.987994  20.7028 	Dead: 0
3   23.3202   0.0588025   0.948249  20.7028 	Dead: 0
4   22.8436   0.0554695   0.894501  20.7028 	Dead: 0
5   22.3637   0.0492988   0.794993  19.7627 	Dead: 0
6   22.0538   0.0478393   0.771456  19.1209 	Dead: 0
7   21.6997   0.0426914   0.688441  19.1209 	Dead: 0
8   21.449    0.0446244   0.719613  19.1209 	Dead: 0
9   21.1873   0.0414383   0.668234  19.1209 	Dead: 0
10  20.9829   0.0408061   0.65804   19.061  	Dead: 0
11  20.7916   0.041938    0.676293  19.061  	Dead: 0
12  20.5664   0.0406221   0.655073  18.767  	Dead: 0
13  20.3574   0.0404229   0.65186   18.767  	Dead: 0
14  20.1003   0.0405368   0.653697  18.4965 	Dead: 0
15  19.8996   0.0410764   0.662398  18.2576 	Dead: 0
16  19.6855   0.0400676   0.64613   18.0101 	Dead: 0
17  19.47     0.0382411   0.616677  17.9775 	Dead: 0
18  19.2706   0.0377967   0.60951   17.4956 	Dead: 0
19  19.0511   0.0358305   0.577803  17.4228 	Dead: 0
20  18.8515   0.0358746   0.578514  17.3294 	Dead: 0
21  18.6499   0.0356547   0.574967  17.0766 	Dead: 0
22  18.4708   0.033809    0.545203  17.0766 	Dead: 0
23  18.3579   0.0345895   0.557789  17.0766 	Dead: 0
24  18.2489   0.0341557   0.550796  17.0002 	Dead: 0
25  18.1217   0.0343348   0.553683  16.3763 	Dead: 0
26  18.0263   0.0340238   0.548668  16.3763 	Dead: 0
27  17.9459   0.0349541   0.563669  16.3763 	Dead: 0
28  17.8198   0.0325399   0.524738  16.2895 	Dead: 0
29  17.7435   0.0334985   0.540197  16.2895 	Dead: 0
30  17.6828   0.034178    0.551155  16.2895 	Dead: 0
31  17.6039   0.0346705   0.559097  16.2895 	Dead: 0
32  17.538    0.0358257   0.577725  16.1217 	Dead: 0
33  17.4353   0.0339931   0.548173  15.7855 	Dead: 0
34  17.355    0.0344631   0.555752  15.7855 	Dead: 0
35  17.2844   0.0339455   0.547406  15.7855 	Dead: 0
36  17.214    0.0330645   0.533199  15.6341 	Dead: 0
37  17.1986   0.0355931   0.573974  15.6341 	Dead: 0
38  17.1512   0.0351495   0.566822  15.6341 	Dead: 0
39  17.1087   0.0357958   0.577243  15.6341 	Dead: 0
40  17.076    0.036469    0.588098  15.5201 	Dead: 0
41  17.0398   0.0370514   0.597492  15.5201 	Dead: 0
42  16.9561   0.0351541   0.566895  15.3034 	Dead: 0
43  16.911    0.0358485   0.578093  15.3034 	Dead: 0
44  16.8692   0.036225    0.584165  15.3034 	Dead: 0
45  16.8112   0.036637    0.590808  14.9046 	Dead: 0
46  16.7735   0.0376065   0.606443  14.9046 	Dead: 0
47  16.7052   0.0382934   0.617519  14.9046 	Dead: 0
48  16.6151   0.0375765   0.605959  14.6483 	Dead: 0
49  16.5637   0.03999     0.644878  14.6483 	Dead: 0
50  16.4567   0.0411527   0.663628  14.4029 	Dead: 0
51  16.3665   0.0427314   0.689086  14.4029 	Dead: 0
52  16.2294   0.0421149   0.679145  13.7255 	Dead: 0
53  16.0731   0.0424607   0.684722  13.7255 	Dead: 0
54  15.9602   0.0456758   0.736568  13.3323 	Dead: 0
55  15.763    0.0437961   0.706257  13.3323 	Dead: 0
56  15.5891   0.0459542   0.741058  12.3573 	Dead: 0
57  15.3688   0.0469246   0.756706  12.3573 	Dead: 0
58  15.1598   0.0483626   0.779896  12.3573 	Dead: 0
59  14.9835   0.0488264   0.787375  12.3573 	Dead: 0
60  14.803    0.0485304   0.782601  12.3573 	Dead: 0
61  14.5975   0.0478548   0.771706  12.1319 	Dead: 0
62  14.43     0.0532658   0.858964  12.1191 	Dead: 0
63  14.1549   0.054238    0.874643  10.8659 	Dead: 0
64  13.9198   0.0583433   0.940844  10.8659 	Dead: 0
65  13.5587   0.0576289   0.929324  10.8659 	Dead: 0
66  13.1894   0.0549247   0.885715  10.8659 	Dead: 0
67  12.8598   0.0515041   0.830555  10.8659 	Dead: 0
68  12.6065   0.0509607   0.821792  10.798  	Dead: 0
69  12.4428   0.0494318   0.797138  10.7651 	Dead: 0
70  12.3108   0.0523832   0.844732  10.3369 	Dead: 0
71  12.1657   0.0508466   0.819953  10.3369 	Dead: 0
72  12.0429   0.0520909   0.840017  10.3369 	Dead: 0
73  11.9503   0.0536292   0.864824  10.3138 	Dead: 0
74  11.7879   0.0497053   0.801547  9.88934 	Dead: 0
75  11.6653   0.0537228   0.866334  9.25585 	Dead: 0
76  11.5369   0.0563852   0.909268  8.99145 	Dead: 0
77  11.4002   0.058547    0.944129  8.90468 	Dead: 0
78  11.2229   0.058657    0.945902  8.3778  	Dead: 0
79  11.035    0.0591025   0.953086  8.3778  	Dead: 0
80  10.8492   0.0641667   1.03475   8.29625 	Dead: 0
81  10.5897   0.0574167   0.925902  8.29625 	Dead: 0
82  10.447    0.0643428   1.03759   8.09905 	Dead: 0
83  10.2279   0.0615206   0.992081  8.09905 	Dead: 0
84  10.1077   0.0692168   1.11619   8.0378  	Dead: 0
85  9.93747   0.0648705   1.0461    8.0378  	Dead: 0
86  9.83209   0.0672722   1.08483   8.0378  	Dead: 0
87  9.68943   0.0641678   1.03477   7.55316 	Dead: 0
88  9.58386   0.0671472   1.08282   7.4024  	Dead: 0
89  9.54993   0.0692195   1.11623   7.4024  	Dead: 0
90  9.48418   0.0688364   1.11006   7.4024  	Dead: 0
91  9.41611   0.0710296   1.14542   7.4024  	Dead: 0
92  9.36487   0.0724847   1.16889   7.34841 	Dead: 0
93  9.26441   0.0657716   1.06063   7.1576  	Dead: 0
94  9.2005    0.0660535   1.06518   7.1576  	Dead: 0
95  9.15435   0.0675819   1.08983   7.1576  	Dead: 0
96  9.13851   0.0752278   1.21312   6.70699 	Dead: 0
97  9.13419   0.0759274   1.2244    6.70699 	Dead: 0
98  9.05588   0.0755294   1.21799   6.70699 	Dead: 0
99  9.01811   0.0740042   1.19339   6.70699 	Dead: 0
100 8.9655    0.0760838   1.22693   6.70699 	Dead: 0
