0   24.5241   0.0736219   1.18723   21.2343 	Dead: 0
1   23.3566   0.0664127   1.07097   20.3143 	Dead: 0
2   22.5427   0.060111    0.96935   19.6992 	Dead: 0
3   21.9062   0.0535787   0.86401   19.2048 	Dead: 0
4   21.4345   0.0474814   0.765685  19.2048 	Dead: 0
5   21.0506   0.0435811   0.702789  19.1248 	Dead: 0
6   20.7411   0.042952    0.692643  19.1033 	Dead: 0
7   20.5057   0.0429637   0.692833  18.4839 	Dead: 0
8   20.288    0.0422607   0.681496  18.4839 	Dead: 0
9   20.0751   0.0420719   0.678451  17.8191 	Dead: 0
10  19.8744   0.0414672   0.6687    17.6169 	Dead: 0
11  19.6771   0.03855     0.621658  17.6169 	Dead: 0
12  19.4901   0.0384466   0.619991  17.6169 	Dead: 0
13  19.3251   0.039368    0.634848  17.6169 	Dead: 0
14  19.1161   0.0397567   0.641117  17.3289 	Dead: 0
15  18.9371   0.0409343   0.660107  17.0701 	Dead: 0
16  18.735    0.039304    0.633817  16.9299 	Dead: 0
17  18.5666   0.0393342   0.634303  16.7406 	Dead: 0
18  18.3659   0.0398485   0.642598  16.5992 	Dead: 0
19  18.1592   0.0411203   0.663107  16.2729 	Dead: 0
20  17.9866   0.0419907   0.677143  16.1083 	Dead: 0
21  17.8424   0.042689    0.688403  16.1083 	Dead: 0
22  17.6435   0.0392201   0.632463  16.1083 	Dead: 0
23  17.5332   0.040149    0.647442  16.1083 	Dead: 0
24  17.3883   0.0410202   0.661491  15.2244 	Dead: 0
25  17.2665   0.0427536   0.689445  15.0737 	Dead: 0
26  17.0922   0.0412151   0.664635  15.0737 	Dead: 0
27  16.9339   0.0420026   0.677334  14.9288 	Dead: 0
28  16.8102   0.0442233   0.713146  14.9288 	Dead: 0
29  16.6429   0.0457273   0.737399  14.157  	Dead: 0
30  16.4494   0.0423248   0.682529  14.157  	Dead: 0
31  16.3461   0.0434727   0.701041  14.0758 	Dead: 0
32  16.1874   0.043882    0.707642  14.0758 	Dead: 0
33  16.1008   0.0480765   0.775282  14.0758 	Dead: 0
34  15.9259   0.0460918   0.743276  14.0696 	Dead: 0
35  15.7894   0.047254    0.762018  13.4452 	Dead: 0
36  15.6446   0.0481336   0.776203  13.4452 	Dead: 0
37  15.5009   0.0467141   0.753312  13.4452 	Dead: 0
38  15.3686   0.0469196   0.756626  13.2761 	Dead: 0
39  15.2421   0.0481697   0.776784  12.9183 	Dead: 0
40  15.1008   0.0484781   0.781758  12.8122 	Dead: 0
41  14.9478   0.0504185   0.813048  12.8122 	Dead: 0
42  14.8375   0.0501229   0.808281  12.8122 	Dead: 0
43  14.728    0.0513841   0.828621  12.2858 	Dead: 0
44  14.5805   0.0498712   0.804223  12.2858 	Dead: 0
45  14.4103   0.0508876   0.820614  12.2201 	Dead: 0
46  14.2718   0.0516759   0.833326  12.1846 	Dead: 0
47  14.079    0.0510817   0.823743  11.8384 	Dead: 0
48  13.9137   0.0509466   0.821565  11.8384 	Dead: 0
49  13.7536   0.051334    0.827812  11.6198 	Dead: 0
50  13.6457   0.0549165   0.885584  11.1366 	Dead: 0
51  13.4327   0.0500689   0.807411  11.1366 	Dead: 0
52  13.3072   0.0513597   0.828227  11.1366 	Dead: 0
53  13.1947   0.0534417   0.861801  11.1366 	Dead: 0
54  13.0884   0.0545393   0.879501  10.9304 	Dead: 0
55  13.0457   0.0550216   0.887278  10.9304 	Dead: 0
56  12.9525   0.0551678   0.889636  10.6078 	Dead: 0
57  12.8897   0.056861    0.91694   10.6078 	Dead: 0
58  12.8421   0.0568622   0.91696   10.6078 	Dead: 0
59  12.7729   0.0581588   0.937869  10.6078 	Dead: 0
60  12.7171   0.0582056   0.938624  10.6078 	Dead: 0
61  12.6112   0.0569069   0.917681  10.6078 	Dead: 0
62  12.557    0.0578916   0.933559  10.6078 	Dead: 0
63  12.4458   0.0556842   0.897963  10.6078 	Dead: 0
64  12.4042   0.054508    0.878997  10.5811 	Dead: 0
65  12.3942   0.0578439   0.932792  10.2307 	Dead: 0
66  12.3433   0.0576096   0.929012  10.2307 	Dead: 0
67  12.2991   0.0571767   0.922031  10.1907 	Dead: 0
68  12.2467   0.0578913   0.933556  10.1907 	Dead: 0
69  12.1873   0.0563879   0.909311  10.0815 	Dead: 0
70  12.1358   0.057057    0.920101  10.0815 	Dead: 0
71  12.1007   0.059079    0.952708  10.0815 	Dead: 0
72  12.0514   0.0603017   0.972426  10.0815 	Dead: 0
73  11.9786   0.059711    0.9629    10.0815 	Dead: 0
74  11.9715   0.0620773   1.00106   10.0815 	Dead: 0
75  11.9207   0.0606324   0.977757  10.0815 	Dead: 0
76  11.8643   0.0641987   1.03527   9.53958 	Dead: 0
77  11.77     0.0613783   0.989786  9.53958 	Dead: 0
78  11.7319   0.0634963   1.02394   8.95806 	Dead: 0
79  11.652    0.0613799   0.989812  8.95806 	Dead: 0
80  11.6308   0.0633824   1.0221    8.95806 	Dead: 0
81  11.6185   0.0664461   1.07151   8.95806 	Dead: 0
82  11.5583   0.0647319   1.04387   8.91554 	Dead: 0
83  11.5259   0.0660846   1.06568   8.91554 	Dead: 0
84  11.468    0.0680149   1.09681   8.42594 	Dead: 0
85  11.4092   0.0670578   1.08137   8.42594 	Dead: 0
86  11.3341   0.0641083   1.03381   8.42594 	Dead: 0
87  11.2919   0.0673038   1.08534   8.42594 	Dead: 0
88  11.2597   0.0681712   1.09933   8.42594 	Dead: 0
89  11.2615   0.0716585   1.15557   8.42594 	Dead: 0
90  11.0796   0.0664763   1.072     8.42594 	Dead: 0
91  10.9956   0.0675249   1.08891   8.42594 	Dead: 0
92  10.9071   0.0686509   1.10706   8.40682 	Dead: 0
93  10.7752   0.0708329   1.14225   8.40682 	Dead: 0
94  10.6345   0.071304    1.14985   8.08208 	Dead: 0
95  10.4504   0.0688637   1.1105    7.45454 	Dead: 0
96  10.347    0.0717987   1.15783   7.45454 	Dead: 0
97  10.225    0.0748801   1.20752   7.45454 	Dead: 0
98  10.1118   0.0774471   1.24891   7.45454 	Dead: 0
99  9.9416    0.0759209   1.2243    7.45454 	Dead: 0
100 9.82583   0.0739492   1.19251   6.87332 	Dead: 0
