0   23.7602   0.0677692   1.09285   20.6466 	Dead: 0
1   23.0963   0.0648139   1.04519   20.5333 	Dead: 0
2   22.5046   0.0596329   0.96164   19.5043 	Dead: 0
3   21.9382   0.0548555   0.8846    19.5043 	Dead: 0
4   21.4679   0.0476751   0.768809  19.5043 	Dead: 0
5   21.151    0.0434077   0.699993  19.4194 	Dead: 0
6   20.9469   0.0448227   0.722811  19.2232 	Dead: 0
7   20.7707   0.0442759   0.713994  18.9797 	Dead: 0
8   20.5945   0.0428872   0.691599  18.7578 	Dead: 0
9   20.429    0.0423316   0.682639  18.4959 	Dead: 0
10  20.3148   0.0442526   0.713618  18.4853 	Dead: 0
11  20.2322   0.0460023   0.741833  18.0373 	Dead: 0
12  20.1098   0.0449583   0.724997  18.0373 	Dead: 0
13  19.9776   0.0449884   0.725482  18.0373 	Dead: 0
14  19.8246   0.0433805   0.699555  17.9963 	Dead: 0
15  19.6682   0.044721    0.721171  17.8728 	Dead: 0
16  19.5034   0.0441069   0.711267  17.2886 	Dead: 0
17  19.3552   0.0436817   0.704411  17.2886 	Dead: 0
18  19.2186   0.0449065   0.724163  17.2886 	Dead: 0
19  19.0422   0.0459467   0.740937  16.7729 	Dead: 0
20  18.8271   0.0437493   0.705502  16.7218 	Dead: 0
21  18.6767   0.0438939   0.707833  16.4242 	Dead: 0
22  18.4765   0.0443315   0.714889  16.4242 	Dead: 0
23  18.3116   0.0459259   0.740601  16.4242 	Dead: 0
24  18.1493   0.0470816   0.759238  15.6198 	Dead: 0
25  17.9134   0.0448393   0.723079  15.55   	Dead: 0
26  17.7148   0.0445419   0.718282  15.55   	Dead: 0
27  17.4959   0.0437338   0.705252  15.55   	Dead: 0
28  17.3103   0.0426288   0.687432  15.55   	Dead: 0
29  17.1829   0.0433848   0.699624  15.55   	Dead: 0
30  17.0224   0.0430519   0.694255  15.2145 	Dead: 0
31  16.8018   0.0443755   0.7156    14.8977 	Dead: 0
32  16.5711   0.042696    0.688516  14.7681 	Dead: 0
33  16.3714   0.0421586   0.679849  14.4083 	Dead: 0
34  16.1959   0.0428659   0.691256  14.2666 	Dead: 0
35  16.0317   0.0436811   0.704401  14.0684 	Dead: 0
36  15.8392   0.0433803   0.699551  14.0684 	Dead: 0
37  15.7185   0.0440151   0.709788  13.967  	Dead: 0
38  15.5725   0.04278     0.68987   13.7064 	Dead: 0
39  15.4643   0.0437413   0.705373  13.7064 	Dead: 0
40  15.3734   0.0442268   0.713201  13.7064 	Dead: 0
41  15.2403   0.0438639   0.707349  13.1067 	Dead: 0
42  15.1736   0.0460997   0.743404  13.1067 	Dead: 0
43  15.0966   0.0489179   0.78885   12.455  	Dead: 0
44  14.9594   0.0471809   0.760839  12.455  	Dead: 0
45  14.8599   0.0487909   0.786801  12.455  	Dead: 0
46  14.7498   0.0486378   0.784333  12.455  	Dead: 0
47  14.5995   0.0507513   0.818416  12.4064 	Dead: 0
48  14.448    0.0491105   0.791957  12.4064 	Dead: 0
49  14.3317   0.0492558   0.794298  12.4064 	Dead: 0
50  14.2072   0.0503917   0.812617  12.3047 	Dead: 0
51  14.0674   0.0481966   0.777218  12.2887 	Dead: 0
52  13.9646   0.0513438   0.827971  11.9405 	Dead: 0
53  13.8495   0.053167    0.857371  11.587  	Dead: 0
54  13.7121   0.0513501   0.828072  11.587  	Dead: 0
55  13.628    0.0534536   0.861994  11.4156 	Dead: 0
56  13.4928   0.0534333   0.861666  10.85   	Dead: 0
57  13.3899   0.0554043   0.893449  10.85   	Dead: 0
58  13.2423   0.052793    0.851339  10.85   	Dead: 0
59  13.1168   0.0550906   0.888391  10.85   	Dead: 0
60  13.0136   0.0546312   0.880983  10.7761 	Dead: 0
61  12.9126   0.057981    0.935001  10.7761 	Dead: 0
62  12.7433   0.0579125   0.933898  10.5476 	Dead: 0
63  12.6423   0.0580649   0.936355  10.3179 	Dead: 0
64  12.4857   0.0600019   0.967591  10.288  	Dead: 0
65  12.3295   0.0561938   0.906181  10.288  	Dead: 0
66  12.1764   0.055727    0.898653  10.288  	Dead: 0
67  12.0708   0.0555562   0.895899  9.916   	Dead: 0
68  11.9949   0.0554881   0.894801  9.86093 	Dead: 0
69  11.891    0.0540486   0.871587  9.86093 	Dead: 0
70  11.8181   0.0573782   0.925281  9.86093 	Dead: 0
71  11.7169   0.0570519   0.92002   9.81523 	Dead: 0
72  11.6758   0.0602563   0.971694  9.54364 	Dead: 0
73  11.5859   0.0593197   0.956589  9.54364 	Dead: 0
74  11.513    0.0614444   0.990852  9.0423  	Dead: 0
75  11.3931   0.0614656   0.991194  9.03205 	Dead: 0
76  11.3011   0.0613299   0.989006  8.90365 	Dead: 0
77  11.2302   0.0635472   1.02476   8.90365 	Dead: 0
78  11.1104   0.061942    0.998876  8.79698 	Dead: 0
79  11.0795   0.0625802   1.00917   8.79698 	Dead: 0
80  11.0085   0.0665133   1.07259   8.79698 	Dead: 0
81  10.8908   0.0640776   1.03331   8.36715 	Dead: 0
82  10.7806   0.0609521   0.982913  8.36715 	Dead: 0
83  10.7162   0.0648549   1.04585   8.30991 	Dead: 0
84  10.5912   0.0650721   1.04935   8.04062 	Dead: 0
85  10.4936   0.0664171   1.07104   7.5849  	Dead: 0
86  10.329    0.065967    1.06378   7.5849  	Dead: 0
87  10.2425   0.0698744   1.12679   7.45011 	Dead: 0
88  10.0607   0.0713785   1.15105   7.45011 	Dead: 0
89  9.87003   0.0671271   1.08249   6.94068 	Dead: 0
90  9.74566   0.0705461   1.13763   6.94068 	Dead: 0
91  9.55205   0.0694574   1.12007   6.94068 	Dead: 0
92  9.34537   0.0662312   1.06804   6.94068 	Dead: 0
93  9.14179   0.0661347   1.06649   6.81589 	Dead: 0
94  9.01034   0.0712424   1.14885   6.74681 	Dead: 0
95  8.88456   0.070163    1.13145   6.54615 	Dead: 0
96  8.80844   0.0715939   1.15452   6.53306 	Dead: 0
97  8.65836   0.0716857   1.156     6.42063 	Dead: 0
98  8.55758   0.0691825   1.11564   6.04434 	Dead: 0
99  8.50289   0.0719917   1.16094   5.2531  	Dead: 0
100 8.4227    0.0726544   1.17162   5.2531  	Dead: 0
