0   24.1974   0.069897    1.12716   21.1039 	Dead: 0
1   23.3149   0.0628106   1.01288   20.2801 	Dead: 0
2   22.6571   0.0601606   0.970149  19.8549 	Dead: 0
3   22.0314   0.0560778   0.904311  18.6981 	Dead: 0
4   21.4672   0.0511174   0.82432   18.6981 	Dead: 0
5   21.0301   0.0460811   0.743104  18.6981 	Dead: 0
6   20.6266   0.0439455   0.708665  18.5794 	Dead: 0
7   20.3383   0.0454705   0.733258  18.4066 	Dead: 0
8   19.9785   0.0422208   0.680853  17.8219 	Dead: 0
9   19.6621   0.0393852   0.635126  17.8219 	Dead: 0
10  19.3741   0.0396809   0.639894  16.5551 	Dead: 0
11  19.1726   0.0420971   0.678857  16.5551 	Dead: 0
12  18.9193   0.0408251   0.658346  16.5551 	Dead: 0
13  18.6945   0.0404582   0.652429  16.5551 	Dead: 0
14  18.4917   0.0415478   0.67      16.4214 	Dead: 0
15  18.2399   0.0421161   0.679164  16.3287 	Dead: 0
16  17.9963   0.0428964   0.691748  15.9378 	Dead: 0
17  17.7608   0.0417751   0.673666  15.6603 	Dead: 0
18  17.4938   0.041944    0.676388  15.6299 	Dead: 0
19  17.1585   0.0409864   0.660946  14.6759 	Dead: 0
20  16.8827   0.042255    0.681405  14.5133 	Dead: 0
21  16.6065   0.0442217   0.713119  14.5133 	Dead: 0
22  16.3593   0.0424628   0.684754  14.2522 	Dead: 0
23  16.138    0.0442653   0.713822  13.4327 	Dead: 0
24  15.9107   0.042734    0.689128  13.4327 	Dead: 0
25  15.6877   0.0416257   0.671257  13.4327 	Dead: 0
26  15.5164   0.0423946   0.683656  13.4327 	Dead: 0
27  15.3828   0.0449669   0.725137  13.4327 	Dead: 0
28  15.1638   0.0454999   0.733732  12.5968 	Dead: 0
29  14.9955   0.0467065   0.75319   12.5968 	Dead: 0
30  14.7637   0.0481763   0.776891  12.5968 	Dead: 0
31  14.5649   0.046883    0.756035  12.4064 	Dead: 0
32  14.348    0.0465599   0.750825  12.4064 	Dead: 0
33  14.1622   0.0454502   0.73293   12.2239 	Dead: 0
34  14.0297   0.0443829   0.715719  12.1638 	Dead: 0
35  13.951    0.0463429   0.747325  12.1638 	Dead: 0
36  13.8428   0.0456776   0.736597  12.0129 	Dead: 0
37  13.7466   0.0461074   0.743528  12.0129 	Dead: 0
38  13.6695   0.0482233   0.777649  11.9603 	Dead: 0
39  13.6      0.0500428   0.806991  11.4774 	Dead: 0
40  13.5041   0.0489089   0.788705  11.2218 	Dead: 0
41  13.4346   0.0514521   0.829717  11.2218 	Dead: 0
42  13.3349   0.0514504   0.82969   11.2218 	Dead: 0
43  13.2804   0.0541732   0.873597  11.2218 	Dead: 0
44  13.1643   0.0526652   0.849278  11.1707 	Dead: 0
45  13.0606   0.0512718   0.826809  11.1707 	Dead: 0
46  12.9899   0.0534513   0.861955  11.1707 	Dead: 0
47  12.9244   0.0529932   0.854569  10.9974 	Dead: 0
48  12.8335   0.053074    0.855871  10.3919 	Dead: 0
49  12.7685   0.0542145   0.874262  10.3919 	Dead: 0
50  12.6984   0.054672    0.88164   10.3919 	Dead: 0
51  12.6015   0.0555036   0.895051  10.3919 	Dead: 0
52  12.5588   0.0582001   0.938535  10.2782 	Dead: 0
53  12.51     0.0602199   0.971106  10.2782 	Dead: 0
54  12.4104   0.0599062   0.966048  10.2782 	Dead: 0
55  12.352    0.062069    1.00092   9.78166 	Dead: 0
56  12.2584   0.0639543   1.03133   9.78166 	Dead: 0
57  12.1452   0.0600207   0.967894  9.78166 	Dead: 0
58  12.0235   0.059902    0.96598   9.78166 	Dead: 0
59  11.8577   0.058042    0.935985  9.72479 	Dead: 0
60  11.8053   0.0620241   1.0002    9.2885  	Dead: 0
61  11.6646   0.0600492   0.968354  9.2885  	Dead: 0
62  11.6338   0.0621656   1.00248   9.2885  	Dead: 0
63  11.518    0.0599707   0.967087  9.2885  	Dead: 0
64  11.421    0.0579848   0.935064  9.2885  	Dead: 0
65  11.392    0.0624789   1.00754   9.2885  	Dead: 0
66  11.3306   0.0630848   1.01731   9.2885  	Dead: 0
67  11.2786   0.0635502   1.02481   9.2885  	Dead: 0
68  11.1985   0.0630556   1.01684   9.0031  	Dead: 0
69  11.1368   0.0652789   1.05269   9.0031  	Dead: 0
70  11.0088   0.0610242   0.984077  8.87541 	Dead: 0
71  10.9479   0.0643414   1.03757   8.87541 	Dead: 0
72  10.8809   0.0658713   1.06224   8.87541 	Dead: 0
73  10.7911   0.063376    1.022     8.87541 	Dead: 0
74  10.7456   0.0645065   1.04023   8.64634 	Dead: 0
75  10.6784   0.0689072   1.1112    8.49746 	Dead: 0
76  10.5811   0.0674553   1.08778   8.28437 	Dead: 0
77  10.508    0.0681971   1.09975   8.1555  	Dead: 0
78  10.466    0.0703891   1.13509   7.91411 	Dead: 0
79  10.3872   0.0716157   1.15488   7.63123 	Dead: 0
80  10.2315   0.067005    1.08052   7.63123 	Dead: 0
81  10.0914   0.0677021   1.09176   7.63123 	Dead: 0
82  10.016    0.068102    1.09821   7.63123 	Dead: 0
83  9.90604   0.0674327   1.08742   6.77091 	Dead: 0
84  9.77364   0.0688387   1.11009   6.77091 	Dead: 0
85  9.685     0.0732031   1.18047   6.77091 	Dead: 0
86  9.54651   0.0718551   1.15874   6.77091 	Dead: 0
87  9.42604   0.068507    1.10474   6.77091 	Dead: 0
88  9.32252   0.0681381   1.0988    6.77091 	Dead: 0
89  9.25608   0.0739453   1.19244   6.77091 	Dead: 0
90  9.11611   0.0708022   1.14176   6.77091 	Dead: 0
91  9.07842   0.0760185   1.22587   6.66997 	Dead: 0
92  8.97472   0.073538    1.18587   6.66997 	Dead: 0
93  8.95107   0.0757904   1.2222    6.66997 	Dead: 0
94  8.89563   0.0782269   1.26149   6.65881 	Dead: 0
95  8.78833   0.0734494   1.18445   6.65881 	Dead: 0
96  8.71309   0.0774315   1.24866   6.38662 	Dead: 0
97  8.67339   0.0811684   1.30892   6.38662 	Dead: 0
98  8.58398   0.0766052   1.23534   6.38662 	Dead: 0
99  8.5425    0.0785219   1.26624   6.38662 	Dead: 0
100 8.44095   0.0732371   1.18102   6.38662 	Dead: 0
