0   24.2701   0.071209    1.14832   20.6821 	Dead: 0
1   23.326    0.0657548   1.06036   20.6212 	Dead: 0
2   22.5878   0.057057    0.920102  20.0134 	Dead: 0
3   22.0654   0.0525968   0.848176  20.0134 	Dead: 0
4   21.6507   0.0486635   0.784747  19.6687 	Dead: 0
5   21.3575   0.0451034   0.727337  19.6687 	Dead: 0
6   21.104    0.041374    0.667197  18.6787 	Dead: 0
7   20.9049   0.0411099   0.662938  18.6787 	Dead: 0
8   20.6905   0.0406029   0.654762  18.6787 	Dead: 0
9   20.4425   0.0382093   0.616163  18.6787 	Dead: 0
10  20.2529   0.0398942   0.643333  18.3278 	Dead: 0
11  20.0263   0.0395584   0.637918  18.1873 	Dead: 0
12  19.8676   0.0411731   0.663957  17.8954 	Dead: 0
13  19.712    0.0434072   0.699985  17.8954 	Dead: 0
14  19.507    0.0410946   0.662692  17.572  	Dead: 0
15  19.2852   0.0411403   0.663428  17.572  	Dead: 0
16  19.0901   0.0417628   0.673467  17.4313 	Dead: 0
17  18.9043   0.0412099   0.664551  17.0932 	Dead: 0
18  18.7033   0.0396103   0.638756  16.979  	Dead: 0
19  18.529    0.0418075   0.674188  16.7972 	Dead: 0
20  18.3555   0.0400458   0.645778  16.1852 	Dead: 0
21  18.2306   0.0403605   0.650854  16.1606 	Dead: 0
22  18.0841   0.0418024   0.674106  16.1606 	Dead: 0
23  17.9635   0.0421087   0.679045  16.118  	Dead: 0
24  17.7946   0.0407013   0.65635   16.118  	Dead: 0
25  17.7063   0.0416517   0.671676  16.118  	Dead: 0
26  17.5391   0.0396843   0.639949  15.3475 	Dead: 0
27  17.3736   0.0408016   0.657966  15.3475 	Dead: 0
28  17.2345   0.0403094   0.65003   15.0649 	Dead: 0
29  17.1131   0.0438343   0.706873  14.9277 	Dead: 0
30  16.9538   0.0434599   0.700834  14.9277 	Dead: 0
31  16.7782   0.0441265   0.711584  14.8396 	Dead: 0
32  16.5771   0.0449097   0.724214  14.4287 	Dead: 0
33  16.3979   0.0450007   0.725681  14.4167 	Dead: 0
34  16.1979   0.0440956   0.711085  13.7387 	Dead: 0
35  16.0495   0.045241    0.729557  13.5971 	Dead: 0
36  15.8672   0.0447289   0.721298  13.5971 	Dead: 0
37  15.7254   0.0457693   0.738076  13.3656 	Dead: 0
38  15.5582   0.044821    0.722784  13.3656 	Dead: 0
39  15.4105   0.046508    0.749988  13.0754 	Dead: 0
40  15.2144   0.0469678   0.757403  13.0336 	Dead: 0
41  15.0628   0.0482693   0.778391  12.9822 	Dead: 0
42  14.8857   0.0498307   0.80357   12.6417 	Dead: 0
43  14.7271   0.0529457   0.853803  12.0765 	Dead: 0
44  14.5183   0.0531999   0.857902  12.0765 	Dead: 0
45  14.3173   0.0533733   0.860697  11.3307 	Dead: 0
46  14.1448   0.0546172   0.880758  11.3307 	Dead: 0
47  13.9684   0.0545918   0.880347  11.3307 	Dead: 0
48  13.7584   0.0523912   0.844861  11.0167 	Dead: 0
49  13.5926   0.0529526   0.853913  11.0167 	Dead: 0
50  13.4407   0.0536539   0.865223  10.9996 	Dead: 0
51  13.3259   0.054113    0.872627  10.9923 	Dead: 0
52  13.1896   0.0556565   0.897516  10.8704 	Dead: 0
53  13.0827   0.0562697   0.907405  10.8704 	Dead: 0
54  12.9474   0.0581756   0.938139  10.5035 	Dead: 0
55  12.8193   0.0581675   0.938008  10.4605 	Dead: 0
56  12.7521   0.0619526   0.999047  10.4605 	Dead: 0
57  12.6063   0.0609616   0.983067  10.4605 	Dead: 0
58  12.4637   0.0606684   0.978339  9.98716 	Dead: 0
59  12.3591   0.0621031   1.00147   9.98716 	Dead: 0
60  12.2642   0.0612231   0.987284  9.96128 	Dead: 0
61  12.2014   0.0617517   0.995808  9.33581 	Dead: 0
62  12.1209   0.0626778   1.01074   9.33581 	Dead: 0
63  11.9826   0.0615732   0.99293   9.33581 	Dead: 0
64  11.8864   0.063841    1.0295    9.33581 	Dead: 0
65  11.7557   0.0657139   1.0597    9.14683 	Dead: 0
66  11.6296   0.0652237   1.0518    9.14683 	Dead: 0
67  11.5296   0.0676797   1.0914    9.05259 	Dead: 0
68  11.3321   0.0646754   1.04296   8.88652 	Dead: 0
69  11.2594   0.0703167   1.13393   8.88652 	Dead: 0
70  11.079    0.0663713   1.0703    8.77752 	Dead: 0
71  10.8788   0.0638875   1.03025   8.18573 	Dead: 0
72  10.7762   0.0688731   1.11065   8.18573 	Dead: 0
73  10.651    0.0691692   1.11542   8.18573 	Dead: 0
74  10.5291   0.0689714   1.11223   8.18573 	Dead: 0
75  10.4076   0.0707183   1.1404    7.69022 	Dead: 0
76  10.2866   0.0706334   1.13904   7.69022 	Dead: 0
77  10.1515   0.0724661   1.16859   7.69022 	Dead: 0
78  9.99271   0.0695032   1.12081   7.69022 	Dead: 0
79  9.93301   0.0723995   1.16751   7.68009 	Dead: 0
80  9.84049   0.0712931   1.14967   7.34046 	Dead: 0
81  9.75161   0.0702459   1.13279   7.26561 	Dead: 0
82  9.63951   0.0683362   1.10199   7.26561 	Dead: 0
83  9.61158   0.0743656   1.19922   6.80164 	Dead: 0
84  9.48614   0.0736251   1.18728   6.80164 	Dead: 0
85  9.42968   0.0731996   1.18042   6.80164 	Dead: 0
86  9.30016   0.0694492   1.11994   6.80164 	Dead: 0
87  9.21049   0.0679356   1.09553   6.80164 	Dead: 0
88  9.19926   0.0747393   1.20525   6.80164 	Dead: 0
89  9.12755   0.0726891   1.17218   6.80164 	Dead: 0
90  9.08792   0.0753575   1.21521   6.80164 	Dead: 0
91  9.01851   0.071723    1.1566    6.80164 	Dead: 0
92  8.93744   0.0728719   1.17513   6.80164 	Dead: 0
93  8.88852   0.076675    1.23646   6.28825 	Dead: 0
94  8.79205   0.0741368   1.19553   6.28825 	Dead: 0
95  8.76233   0.0776387   1.252     6.10251 	Dead: 0
96  8.72609   0.0790356   1.27453   6.10251 	Dead: 0
97  8.67546   0.0783785   1.26393   6.10251 	Dead: 0
98  8.65817   0.080948    1.30537   6.10251 	Dead: 0
99  8.5553    0.0805461   1.29889   6.10251 	Dead: 0
100 8.56895   0.0828203   1.33556   6.10251 	Dead: 0
