0   23.9566   0.073089    1.17863   20.8324 	Dead: 0
1   23.1555   0.0660693   1.06543   20.3091 	Dead: 0
2   22.5794   0.061724    0.995361  20.0342 	Dead: 0
3   21.9946   0.0561142   0.904897  19.8813 	Dead: 0
4   21.5172   0.0497899   0.802912  19.6083 	Dead: 0
5   21.1739   0.0462174   0.745302  19.2156 	Dead: 0
6   20.9334   0.0429519   0.692642  19.2156 	Dead: 0
7   20.7034   0.0424467   0.684496  18.9226 	Dead: 0
8   20.4739   0.0407003   0.656333  18.8941 	Dead: 0
9   20.3074   0.0419742   0.676875  18.6835 	Dead: 0
10  20.1541   0.0422395   0.681154  18.0022 	Dead: 0
11  20.0185   0.0414932   0.66912   18.0022 	Dead: 0
12  19.8614   0.0415081   0.66936   18.0022 	Dead: 0
13  19.6591   0.0400146   0.645276  17.8153 	Dead: 0
14  19.4869   0.0440003   0.709549  17.7534 	Dead: 0
15  19.2919   0.0402865   0.64966   17.519  	Dead: 0
16  19.1281   0.0399978   0.645005  17.1626 	Dead: 0
17  18.9729   0.0398664   0.642886  17.1626 	Dead: 0
18  18.8132   0.0399459   0.644168  17.1626 	Dead: 0
19  18.6499   0.0386071   0.622578  17.0526 	Dead: 0
20  18.5404   0.0406057   0.654807  16.7943 	Dead: 0
21  18.4192   0.0401713   0.647802  16.3499 	Dead: 0
22  18.3085   0.0393864   0.635145  16.3499 	Dead: 0
23  18.1452   0.0401972   0.648221  16.0079 	Dead: 0
24  17.9938   0.0410196   0.661482  16.0079 	Dead: 0
25  17.8277   0.0405576   0.654033  15.5942 	Dead: 0
26  17.6609   0.0411365   0.663367  15.5942 	Dead: 0
27  17.5209   0.04025     0.649072  15.5942 	Dead: 0
28  17.398    0.0406637   0.655743  15.5207 	Dead: 0
29  17.2801   0.0415673   0.670315  15.5207 	Dead: 0
30  17.1585   0.0398035   0.641871  15.5207 	Dead: 0
31  17.0516   0.0410386   0.661788  15.5207 	Dead: 0
32  16.915    0.0420999   0.678903  14.8015 	Dead: 0
33  16.7756   0.0426481   0.687743  14.7469 	Dead: 0
34  16.6546   0.0443402   0.715029  14.7469 	Dead: 0
35  16.5365   0.0434069   0.699979  14.5987 	Dead: 0
36  16.4393   0.0457091   0.737105  14.2321 	Dead: 0
37  16.2936   0.0440548   0.710428  14.2321 	Dead: 0
38  16.1691   0.0455696   0.734856  13.3747 	Dead: 0
39  16.0172   0.0459676   0.741273  13.3747 	Dead: 0
40  15.8457   0.04542     0.732442  13.3747 	Dead: 0
41  15.6946   0.0483063   0.778988  13.1902 	Dead: 0
42  15.5051   0.0456751   0.736557  13.1902 	Dead: 0
43  15.3907   0.0485497   0.782913  13.1902 	Dead: 0
44  15.3206   0.0507646   0.818629  13.1902 	Dead: 0
45  15.1742   0.0470314   0.758429  13.1902 	Dead: 0
46  15.0366   0.0470782   0.759183  13.1902 	Dead: 0
47  14.9245   0.0487478   0.786106  12.606  	Dead: 0
48  14.7804   0.0479515   0.773266  12.606  	Dead: 0
49  14.678    0.0498794   0.804356  12.606  	Dead: 0
50  14.4587   0.0496511   0.800673  12.606  	Dead: 0
51  14.293    0.0497845   0.802825  12.3194 	Dead: 0
52  14.1378   0.048783    0.786675  12.3194 	Dead: 0
53  13.9675   0.0486044   0.783795  12.2086 	Dead: 0
54  13.8413   0.0490557   0.791073  12.2086 	Dead: 0
55  13.7143   0.0487957   0.78688   11.8241 	Dead: 0
56  13.6179   0.0485529   0.782965  11.8241 	Dead: 0
57  13.5449   0.0501788   0.809183  11.7148 	Dead: 0
58  13.5218   0.05485     0.884512  11.6991 	Dead: 0
59  13.423    0.0535746   0.863944  11.3752 	Dead: 0
60  13.3178   0.0511784   0.825303  11.2758 	Dead: 0
61  13.2738   0.052485    0.846373  11.1319 	Dead: 0
62  13.1836   0.0525464   0.847363  11.1319 	Dead: 0
63  13.091    0.0542029   0.874076  11.1319 	Dead: 0
64  13.0018   0.0526912   0.849699  11.1319 	Dead: 0
65  12.8968   0.0508995   0.820805  11.1319 	Dead: 0
66  12.7958   0.0470065   0.758028  11.1319 	Dead: 0
67  12.7739   0.05044     0.813395  11.0664 	Dead: 0
68  12.753    0.0530136   0.854898  11.0044 	Dead: 0
69  12.6845   0.0522834   0.843121  11.0044 	Dead: 0
70  12.6421   0.0528387   0.852077  10.9817 	Dead: 0
71  12.5756   0.0526518   0.849064  10.9817 	Dead: 0
72  12.5404   0.0510913   0.823898  10.9817 	Dead: 0
73  12.5021   0.0518362   0.835911  10.9817 	Dead: 0
74  12.4735   0.0536266   0.864782  10.9817 	Dead: 0
75  12.3681   0.0491577   0.792717  10.8969 	Dead: 0
76  12.3457   0.0522191   0.842085  10.8969 	Dead: 0
77  12.3341   0.0546965   0.882035  10.7741 	Dead: 0
78  12.2676   0.0547174   0.882372  10.5205 	Dead: 0
79  12.2357   0.0548374   0.884308  10.5205 	Dead: 0
80  12.1543   0.0509596   0.821775  10.5205 	Dead: 0
81  12.098    0.0513065   0.827368  10.5205 	Dead: 0
82  12.0817   0.0551568   0.889459  10.4807 	Dead: 0
83  12.0284   0.050684    0.817331  10.4807 	Dead: 0
84  12.0052   0.0527722   0.851005  10.3493 	Dead: 0
85  11.9937   0.0562854   0.907659  10.3493 	Dead: 0
86  11.915    0.0521569   0.841083  10.3493 	Dead: 0
87  11.8911   0.053072    0.85584   10.3493 	Dead: 0
88  11.8595   0.0546595   0.881439  10.3493 	Dead: 0
89  11.8364   0.0569551   0.918457  10.3133 	Dead: 0
90  11.7835   0.0571533   0.921654  9.76571 	Dead: 0
91  11.7555   0.0570181   0.919474  9.76571 	Dead: 0
92  11.6819   0.0542034   0.874084  9.76571 	Dead: 0
93  11.6942   0.0565568   0.912036  9.37625 	Dead: 0
94  11.62     0.0565202   0.911445  9.37625 	Dead: 0
95  11.5787   0.0554137   0.893601  9.37625 	Dead: 0
96  11.5597   0.0584396   0.942397  9.37625 	Dead: 0
97  11.5243   0.0571503   0.921605  9.37625 	Dead: 0
98  11.4309   0.054973    0.886495  9.37625 	Dead: 0
99  11.4542   0.0580879   0.936726  9.37625 	Dead: 0
100 11.439    0.0587644   0.947635  9.37625 	Dead: 0
