0   13.0816   0.0319188   0.514723  11.3215 	Dead: 0
1   11.5944   0.0324932   0.523985  10.086  	Dead: 0
2   10.4774   0.0358449   0.578036  8.94639 	Dead: 0
3   9.27729   0.0384498   0.620042  6.98386 	Dead: 0
4   8.15811   0.0405079   0.65323   6.17309 	Dead: 0
5   7.1275    0.0379489   0.611964  5.19374 	Dead: 0
6   6.40383   0.0398228   0.642182  4.66298 	Dead: 0
7   5.74767   0.0403615   0.65087   4.13401 	Dead: 0
8   5.02662   0.0373462   0.602245  3.599   	Dead: 0
9   4.54504   0.0374433   0.603811  2.83244 	Dead: 0
10  4.0034    0.0421319   0.679419  2.13293 	Dead: 0
11  3.21558   0.0397131   0.640413  1.7916  	Dead: 0
12  2.84963   0.0372651   0.600938  1.7916  	Dead: 0
13  2.59769   0.0328954   0.530471  1.66446 	Dead: 0
14  2.45175   0.0314767   0.507594  1.66446 	Dead: 0
15  2.42538   0.0354165   0.571126  1.58588 	Dead: 0
16  2.32746   0.0314096   0.506512  1.58588 	Dead: 0
17  2.30315   0.0330868   0.533557  1.48121 	Dead: 0
18  2.25233   0.033801    0.545074  1.3147  	Dead: 0
19  2.23799   0.0345711   0.557494  1.3147  	Dead: 0
20  2.18033   0.0334807   0.539909  1.3147  	Dead: 0
21  2.186     0.0374668   0.60419   1.3147  	Dead: 0
22  2.17746   0.0365483   0.589377  1.3147  	Dead: 0
23  2.11692   0.0320937   0.517544  1.3147  	Dead: 0
24  2.1301    0.0354839   0.572213  1.3147  	Dead: 0
25  2.1338    0.0368296   0.593914  1.29277 	Dead: 0
26  2.10032   0.0348411   0.561848  1.29277 	Dead: 0
27  2.11113   0.036703    0.591872  1.29277 	Dead: 0
28  2.09428   0.0353462   0.569993  1.29277 	Dead: 0
29  2.0811    0.0353854   0.570624  1.29277 	Dead: 0
30  2.07509   0.0357748   0.576904  1.29277 	Dead: 0
31  2.09592   0.0373057   0.601593  1.29277 	Dead: 0
32  2.03665   0.0339422   0.547352  1.29277 	Dead: 0
33  2.08377   0.039313    0.633961  1.29277 	Dead: 0
34  2.07035   0.0365604   0.589573  1.29277 	Dead: 0
35  2.04491   0.0363024   0.585413  1.26045 	Dead: 0
36  2.0554    0.038946    0.628043  1.26045 	Dead: 0
37  2.07075   0.0411101   0.662942  1.12473 	Dead: 0
38  2.05394   0.0391065   0.630631  1.12473 	Dead: 0
39  2.04567   0.0394812   0.636675  1.12473 	Dead: 0
40  2.04106   0.0379713   0.612324  1.12473 	Dead: 0
41  2.02804   0.0382191   0.616321  1.12473 	Dead: 0
42  2.00977   0.0388362   0.626272  1.12473 	Dead: 0
43  2.00932   0.0383224   0.617987  1.12473 	Dead: 0
44  2.03482   0.0425101   0.685518  1.12473 	Dead: 0
45  2.00229   0.0396369   0.639185  1.12473 	Dead: 0
46  2.00556   0.0410582   0.662105  1.12473 	Dead: 0
47  2.00805   0.043324    0.698643  1.12473 	Dead: 0
48  1.98099   0.0409714   0.660704  1.12473 	Dead: 0
49  1.98487   0.0418475   0.674834  1.12473 	Dead: 0
50  1.98128   0.0451867   0.728681  1.12473 	Dead: 0
51  1.97535   0.043603    0.703142  1.12473 	Dead: 0
52  1.93285   0.0402392   0.648897  1.12473 	Dead: 0
53  1.96125   0.0426978   0.688545  1.12473 	Dead: 0
54  1.94258   0.0425345   0.685911  1.12473 	Dead: 0
55  1.93646   0.0410567   0.66208   1.12473 	Dead: 0
56  1.95395   0.0434608   0.700849  1.12473 	Dead: 0
57  1.95167   0.0421724   0.680072  1.12473 	Dead: 0
58  1.97177   0.0453929   0.732005  1.12473 	Dead: 0
59  1.937     0.0414095   0.667769  1.12473 	Dead: 0
60  1.91866   0.0405307   0.653598  1.12473 	Dead: 0
61  1.95013   0.0449999   0.725668  1.12473 	Dead: 0
62  1.93366   0.0443604   0.715355  1.12473 	Dead: 0
63  1.91754   0.0421017   0.678931  1.12473 	Dead: 0
64  1.86895   0.0384112   0.619419  1.12473 	Dead: 0
65  1.92296   0.042865    0.691242  1.12473 	Dead: 0
66  1.91531   0.0412595   0.665351  1.12473 	Dead: 0
67  1.89662   0.0416394   0.671477  1.12473 	Dead: 0
68  1.91852   0.0435897   0.702928  1.12473 	Dead: 0
69  1.93399   0.0442869   0.71417   1.12473 	Dead: 0
70  1.90459   0.0441366   0.711747  1.12473 	Dead: 0
71  1.89659   0.0427066   0.688687  1.12473 	Dead: 0
72  1.94708   0.0453862   0.731898  1.12473 	Dead: 0
73  1.8993    0.043896    0.707867  1.07871 	Dead: 0
74  1.93537   0.0466896   0.752916  1.07871 	Dead: 0
75  1.94695   0.0471219   0.759888  1.07871 	Dead: 0
76  1.90427   0.0456703   0.73648   1.07871 	Dead: 0
77  1.88609   0.0427103   0.688746  1.07871 	Dead: 0
78  1.89038   0.044366    0.715446  1.07871 	Dead: 0
79  1.86628   0.0399418   0.644102  1.07871 	Dead: 0
80  1.8573    0.0406797   0.656001  1.07871 	Dead: 0
81  1.89838   0.0459695   0.741305  1.07871 	Dead: 0
82  1.9008    0.0456215   0.735693  1.07871 	Dead: 0
83  1.88787   0.0448413   0.723111  1.07871 	Dead: 0
84  1.91518   0.0473372   0.763359  1.07871 	Dead: 0
85  1.88836   0.0444665   0.717067  1.07871 	Dead: 0
86  1.90901   0.0453912   0.731978  1.03533 	Dead: 0
87  1.91015   0.0471417   0.760207  1.03533 	Dead: 0
88  1.90358   0.0474      0.764373  1.03533 	Dead: 0
89  1.90546   0.0466427   0.75216   1.03533 	Dead: 0
90  1.8977    0.0448234   0.722823  1.03533 	Dead: 0
91  1.90141   0.0461912   0.74488   1.03533 	Dead: 0
92  1.92647   0.048186    0.777048  1.03533 	Dead: 0
93  1.89195   0.0449681   0.725155  1.03533 	Dead: 0
94  1.86968   0.0428806   0.691493  1.03533 	Dead: 0
95  1.87607   0.0451773   0.728529  1.03533 	Dead: 0
96  1.92193   0.0482797   0.778558  1.03533 	Dead: 0
97  1.91337   0.048551    0.782934  1.03533 	Dead: 0
98  1.94504   0.0509485   0.821595  1.03533 	Dead: 0
99  1.87265   0.0451358   0.727861  1.03533 	Dead: 0
100 1.85647   0.0445764   0.718839  1.03533 	Dead: 0
