0   13.151    0.0326906   0.527168  10.9126 	Dead: 0
1   11.4986   0.0326517   0.526541  9.46564 	Dead: 0
2   10.3233   0.0334952   0.540143  8.63391 	Dead: 0
3   9.222     0.0364972   0.588553  7.80752 	Dead: 0
4   8.19913   0.0354886   0.572289  6.44698 	Dead: 0
5   7.43564   0.0347876   0.560985  5.90266 	Dead: 0
6   6.88093   0.0327953   0.528857  5.47015 	Dead: 0
7   6.39737   0.0330378   0.532767  5.08857 	Dead: 0
8   5.9401    0.0301411   0.486055  4.98591 	Dead: 0
9   5.56861   0.0298272   0.480994  3.97935 	Dead: 0
10  5.30932   0.0306509   0.494276  3.97935 	Dead: 0
11  4.99471   0.0319449   0.515144  3.72252 	Dead: 0
12  4.64204   0.0328686   0.530039  3.2708  	Dead: 0
13  4.28819   0.0331864   0.535164  2.90711 	Dead: 0
14  3.96066   0.0335303   0.540709  2.77714 	Dead: 0
15  3.77024   0.0348015   0.561209  2.49859 	Dead: 0
16  3.60864   0.0340584   0.549225  2.49859 	Dead: 0
17  3.45992   0.0353294   0.569721  2.04366 	Dead: 0
18  3.12382   0.0355423   0.573154  1.73868 	Dead: 0
19  2.82889   0.0328489   0.529721  1.73868 	Dead: 0
20  2.68569   0.0321075   0.517766  1.73868 	Dead: 0
21  2.62796   0.0333877   0.53841   1.73868 	Dead: 0
22  2.59726   0.033563    0.541237  1.65743 	Dead: 0
23  2.56985   0.0340765   0.549518  1.65743 	Dead: 0
24  2.5759    0.0349541   0.563669  1.65743 	Dead: 0
25  2.52333   0.0334159   0.538865  1.65743 	Dead: 0
26  2.50859   0.0340566   0.549197  1.65743 	Dead: 0
27  2.50516   0.0337582   0.544385  1.65743 	Dead: 0
28  2.49808   0.034515    0.556589  1.65743 	Dead: 0
29  2.46675   0.0331392   0.534403  1.65743 	Dead: 0
30  2.4509    0.0350256   0.564824  1.64003 	Dead: 0
31  2.40621   0.032986    0.531933  1.63492 	Dead: 0
32  2.39466   0.0331877   0.535185  1.59176 	Dead: 0
33  2.39021   0.0334909   0.540074  1.59176 	Dead: 0
34  2.37087   0.0348533   0.562045  1.59176 	Dead: 0
35  2.3495    0.0342041   0.551576  1.57905 	Dead: 0
36  2.34866   0.0361278   0.582596  1.52206 	Dead: 0
37  2.33204   0.0336386   0.542456  1.52206 	Dead: 0
38  2.29117   0.0342135   0.551727  1.50582 	Dead: 0
39  2.29609   0.0349813   0.564108  1.50582 	Dead: 0
40  2.28928   0.0348621   0.562187  1.38158 	Dead: 0
41  2.28366   0.0351064   0.566126  1.38158 	Dead: 0
42  2.24593   0.0331267   0.534201  1.38158 	Dead: 0
43  2.25775   0.0351416   0.566693  1.38158 	Dead: 0
44  2.24026   0.0345975   0.557919  1.38158 	Dead: 0
45  2.2472    0.0350649   0.565457  1.36288 	Dead: 0
46  2.22751   0.0347108   0.559746  1.36288 	Dead: 0
47  2.21022   0.0354155   0.57111   1.36288 	Dead: 0
48  2.22847   0.0344807   0.556035  1.36288 	Dead: 0
49  2.20223   0.0341789   0.551168  1.36288 	Dead: 0
50  2.21757   0.0356958   0.575631  1.36288 	Dead: 0
51  2.19799   0.0342335   0.55205   1.36288 	Dead: 0
52  2.18427   0.0335286   0.540682  1.19463 	Dead: 0
53  2.17723   0.0340725   0.549454  1.19463 	Dead: 0
54  2.19372   0.0353703   0.570381  1.19463 	Dead: 0
55  2.20265   0.0351954   0.56756   1.19463 	Dead: 0
56  2.20138   0.0357367   0.576289  1.19463 	Dead: 0
57  2.18621   0.0346236   0.55834   1.19463 	Dead: 0
58  2.2045    0.0344      0.554735  1.19463 	Dead: 0
59  2.21372   0.03724     0.600532  1.19463 	Dead: 0
60  2.17821   0.0337487   0.544232  1.19463 	Dead: 0
61  2.20402   0.0362705   0.584899  1.19463 	Dead: 0
62  2.20107   0.0366521   0.591052  1.19463 	Dead: 0
63  2.17077   0.0337072   0.543563  1.19463 	Dead: 0
64  2.17121   0.035814    0.577537  1.19463 	Dead: 0
65  2.20084   0.0366661   0.591277  1.19463 	Dead: 0
66  2.17951   0.0356578   0.575017  1.19463 	Dead: 0
67  2.14475   0.0352479   0.568407  1.19463 	Dead: 0
68  2.19316   0.0381659   0.615463  1.19463 	Dead: 0
69  2.15808   0.037481    0.604419  1.19463 	Dead: 0
70  2.1339    0.0370506   0.597478  1.19463 	Dead: 0
71  2.0623    0.0362217   0.584112  1.19463 	Dead: 0
72  2.02423   0.0384934   0.620744  1.18638 	Dead: 0
73  1.97612   0.0373397   0.60214   1.18638 	Dead: 0
74  1.93218   0.0345608   0.557328  1.18638 	Dead: 0
75  1.89445   0.0343836   0.554471  1.18266 	Dead: 0
76  1.86656   0.033785    0.544816  1.12421 	Dead: 0
77  1.85151   0.0334163   0.538871  1.12421 	Dead: 0
78  1.84319   0.0334774   0.539856  1.12421 	Dead: 0
79  1.86009   0.0360134   0.580752  1.12421 	Dead: 0
80  1.8269    0.0341142   0.550126  1.12421 	Dead: 0
81  1.82176   0.0328128   0.529139  1.12421 	Dead: 0
82  1.8143    0.0346859   0.559345  1.12421 	Dead: 0
83  1.80457   0.0328317   0.529443  1.12421 	Dead: 0
84  1.8156    0.033189    0.535205  1.12421 	Dead: 0
85  1.78564   0.0312292   0.503603  1.11502 	Dead: 0
86  1.80363   0.0331106   0.533941  1.11502 	Dead: 0
87  1.82899   0.0353842   0.570606  1.11502 	Dead: 0
88  1.81986   0.0340022   0.548319  1.11502 	Dead: 0
89  1.81491   0.0343601   0.554091  1.11502 	Dead: 0
90  1.81751   0.0352151   0.567879  1.11502 	Dead: 0
91  1.80418   0.034096    0.549831  1.11502 	Dead: 0
92  1.80272   0.034075    0.549494  1.11502 	Dead: 0
93  1.78638   0.0345582   0.557285  1.11502 	Dead: 0
94  1.77202   0.0315566   0.508882  1.11502 	Dead: 0
95  1.80346   0.0344184   0.555031  1.11502 	Dead: 0
96  1.7838    0.0340038   0.548345  1.11502 	Dead: 0
97  1.78178   0.0331098   0.533928  1.11502 	Dead: 0
98  1.79004   0.0346765   0.559193  1.11502 	Dead: 0
99  1.77508   0.0332216   0.535732  1.11502 	Dead: 0
100 1.77433   0.0364234   0.587364  1.11502 	Dead: 0
