0   13.1454   0.0323574   0.521796  11.0127 	Dead: 0
1   11.6353   0.0317932   0.512697  10.0254 	Dead: 0
2   10.3715   0.0333372   0.537595  8.60334 	Dead: 0
3   9.31778   0.0372953   0.601424  7.33771 	Dead: 0
4   8.22638   0.0376181   0.606629  6.66697 	Dead: 0
5   7.41203   0.0361654   0.583203  5.63771 	Dead: 0
6   6.65433   0.033483    0.539947  5.30758 	Dead: 0
7   6.20425   0.0318407   0.513464  5.1396  	Dead: 0
8   5.81251   0.0299333   0.482704  4.59986 	Dead: 0
9   5.27136   0.0302826   0.488338  3.95338 	Dead: 0
10  4.83295   0.0314671   0.507438  3.3417  	Dead: 0
11  4.52452   0.0348388   0.561811  3.23919 	Dead: 0
12  4.10165   0.0352683   0.568736  2.59666 	Dead: 0
13  3.59002   0.0341468   0.550652  2.30418 	Dead: 0
14  3.3235    0.0349509   0.563618  2.30418 	Dead: 0
15  3.06183   0.0300973   0.48535   2.17562 	Dead: 0
16  2.91444   0.0298701   0.481685  2.03103 	Dead: 0
17  2.85638   0.0297202   0.479268  2.03103 	Dead: 0
18  2.80706   0.0279566   0.450828  2.03103 	Dead: 0
19  2.77896   0.0296828   0.478665  2.00938 	Dead: 0
20  2.76698   0.0324227   0.522849  1.80954 	Dead: 0
21  2.71094   0.0307735   0.496254  1.80954 	Dead: 0
22  2.6758    0.0309685   0.499398  1.80954 	Dead: 0
23  2.66845   0.031276    0.504358  1.79632 	Dead: 0
24  2.6364    0.0318166   0.513075  1.71912 	Dead: 0
25  2.59077   0.0310746   0.501109  1.71912 	Dead: 0
26  2.56728   0.0323861   0.522258  1.71912 	Dead: 0
27  2.52445   0.0315982   0.509552  1.71912 	Dead: 0
28  2.50004   0.033418    0.538898  1.67624 	Dead: 0
29  2.50361   0.035576    0.573698  1.67624 	Dead: 0
30  2.43033   0.033656    0.542737  1.47119 	Dead: 0
31  2.44266   0.0349403   0.563447  1.47119 	Dead: 0
32  2.43011   0.035526    0.572892  1.47119 	Dead: 0
33  2.3788    0.0336837   0.543183  1.47119 	Dead: 0
34  2.39361   0.034028    0.548735  1.47119 	Dead: 0
35  2.3663    0.0347898   0.56102   1.47119 	Dead: 0
36  2.36734   0.0352454   0.568367  1.47119 	Dead: 0
37  2.35786   0.0352506   0.568451  1.47119 	Dead: 0
38  2.32954   0.0352938   0.569148  1.45431 	Dead: 0
39  2.30481   0.0349923   0.564285  1.45431 	Dead: 0
40  2.33164   0.0360761   0.581763  1.45431 	Dead: 0
41  2.29836   0.0361056   0.582239  1.41961 	Dead: 0
42  2.30882   0.0362909   0.585226  1.41961 	Dead: 0
43  2.28097   0.0349358   0.563374  1.41961 	Dead: 0
44  2.25228   0.0353833   0.570591  1.41961 	Dead: 0
45  2.24886   0.0354031   0.570911  1.41961 	Dead: 0
46  2.24264   0.0350748   0.565617  1.41961 	Dead: 0
47  2.25474   0.037751    0.608773  1.41961 	Dead: 0
48  2.23166   0.0356946   0.575611  1.41961 	Dead: 0
49  2.24748   0.0370605   0.597638  1.41799 	Dead: 0
50  2.20256   0.0342433   0.552208  1.38839 	Dead: 0
51  2.1915    0.036359    0.586325  1.38839 	Dead: 0
52  2.18501   0.0353724   0.570416  1.38839 	Dead: 0
53  2.16748   0.0359711   0.58007   1.38839 	Dead: 0
54  2.15863   0.0361188   0.582452  1.38839 	Dead: 0
55  2.17363   0.0374929   0.604611  1.35185 	Dead: 0
56  2.1458    0.0348535   0.562048  1.35185 	Dead: 0
57  2.16484   0.0362778   0.585017  1.35185 	Dead: 0
58  2.12098   0.0333993   0.538597  1.35185 	Dead: 0
59  2.13053   0.0362523   0.584605  1.35185 	Dead: 0
60  2.14232   0.0374893   0.604552  1.35185 	Dead: 0
61  2.08823   0.0335092   0.540369  1.35185 	Dead: 0
62  2.12464   0.035919    0.57923   1.34072 	Dead: 0
63  2.11081   0.0364012   0.587006  1.34072 	Dead: 0
64  2.09309   0.0344856   0.556115  1.31487 	Dead: 0
65  2.10639   0.0368192   0.593747  1.31487 	Dead: 0
66  2.10316   0.0353835   0.570595  1.31487 	Dead: 0
67  2.06687   0.0351401   0.566669  1.31487 	Dead: 0
68  2.08549   0.0363639   0.586405  1.31487 	Dead: 0
69  2.10355   0.0369868   0.596449  1.31487 	Dead: 0
70  2.07337   0.0359594   0.579881  1.25332 	Dead: 0
71  2.06495   0.0353162   0.569509  1.25332 	Dead: 0
72  2.054     0.0349704   0.563933  1.25332 	Dead: 0
73  2.06213   0.0346816   0.559275  1.25332 	Dead: 0
74  2.04243   0.034062    0.549283  1.25332 	Dead: 0
75  2.05512   0.033214    0.535608  1.25332 	Dead: 0
76  2.01383   0.032033    0.516564  1.25332 	Dead: 0
77  2.02994   0.0336281   0.542287  1.25332 	Dead: 0
78  2.02592   0.0337953   0.544983  1.25332 	Dead: 0
79  2.03392   0.0357451   0.576426  1.25332 	Dead: 0
80  2.01558   0.0339714   0.547823  1.25332 	Dead: 0
81  2.05399   0.035704    0.575763  1.25332 	Dead: 0
82  2.02602   0.0344344   0.555288  1.25332 	Dead: 0
83  2.04478   0.0353858   0.570631  1.25332 	Dead: 0
84  2.02876   0.0356984   0.575673  1.25332 	Dead: 0
85  2.01409   0.0346351   0.558526  1.23281 	Dead: 0
86  2.02265   0.0355275   0.572917  1.23281 	Dead: 0
87  2.05755   0.0383452   0.618354  1.23281 	Dead: 0
88  2.0032    0.0344124   0.554934  1.23281 	Dead: 0
89  2.00072   0.0350326   0.564935  1.23281 	Dead: 0
90  2.01794   0.034938    0.56341   1.23281 	Dead: 0
91  2.01174   0.0356516   0.574918  1.23281 	Dead: 0
92  1.98553   0.033924    0.547059  1.16658 	Dead: 0
93  1.99651   0.0354149   0.571101  1.16658 	Dead: 0
94  1.97831   0.0327937   0.528832  1.16658 	Dead: 0
95  2.00468   0.0361358   0.582727  1.16658 	Dead: 0
96  1.98405   0.0347641   0.560605  1.16658 	Dead: 0
97  1.99646   0.0345498   0.55715   1.16658 	Dead: 0
98  1.99538   0.0348899   0.562635  1.16658 	Dead: 0
99  1.99762   0.0356078   0.574211  1.16658 	Dead: 0
100 2.01131   0.0372016   0.599912  1.16658 	Dead: 0
