0   13.1457   0.0335919   0.541702  11.1328 	Dead: 0
1   11.4162   0.0328171   0.529209  9.72935 	Dead: 0
2   10.1092   0.0359771   0.580166  8.34399 	Dead: 0
3   9.09501   0.0392848   0.633507  7.05338 	Dead: 0
4   7.96984   0.0395422   0.637657  6.0158  	Dead: 0
5   6.92971   0.0381281   0.614854  5.04532 	Dead: 0
6   6.07567   0.0340956   0.549826  4.52847 	Dead: 0
7   5.59793   0.0325634   0.525117  3.95379 	Dead: 0
8   5.09666   0.0338636   0.546085  3.16244 	Dead: 0
9   4.61697   0.0348102   0.561349  3.14352 	Dead: 0
10  4.05865   0.0338708   0.5462    2.85237 	Dead: 0
11  3.59738   0.0317017   0.511222  2.42009 	Dead: 0
12  3.28823   0.0333268   0.537428  2.24807 	Dead: 0
13  3.09993   0.0339567   0.547586  1.87201 	Dead: 0
14  2.99306   0.0334288   0.539073  1.87201 	Dead: 0
15  2.9269    0.0334443   0.539323  1.87201 	Dead: 0
16  2.84224   0.0349531   0.563654  1.71446 	Dead: 0
17  2.77819   0.0372964   0.601441  1.71446 	Dead: 0
18  2.64497   0.0378137   0.609785  1.55441 	Dead: 0
19  2.46051   0.035471    0.572006  1.45528 	Dead: 0
20  2.35264   0.0363381   0.585987  1.45528 	Dead: 0
21  2.17566   0.0333568   0.537912  1.35225 	Dead: 0
22  2.06105   0.0324945   0.524007  1.28944 	Dead: 0
23  2.0015    0.0341278   0.550344  1.25685 	Dead: 0
24  1.93367   0.031417    0.506631  1.25685 	Dead: 0
25  1.89309   0.0316277   0.510029  1.1613  	Dead: 0
26  1.91076   0.0348877   0.562599  1.1613  	Dead: 0
27  1.90593   0.036539    0.589228  1.1613  	Dead: 0
28  1.87768   0.0347251   0.559978  1.1613  	Dead: 0
29  1.89549   0.0366947   0.591738  1.1613  	Dead: 0
30  1.89089   0.03724     0.600532  1.1613  	Dead: 0
31  1.88232   0.0374945   0.604636  1.1613  	Dead: 0
32  1.86105   0.0365727   0.589771  1.1613  	Dead: 0
33  1.87164   0.038714    0.624301  1.12029 	Dead: 0
34  1.87012   0.0396454   0.639322  1.12029 	Dead: 0
35  1.86557   0.0370491   0.597454  1.12029 	Dead: 0
36  1.87202   0.0403832   0.651219  1.12029 	Dead: 0
37  1.85921   0.0391585   0.631469  1.12029 	Dead: 0
38  1.86423   0.0388639   0.626719  1.12029 	Dead: 0
39  1.8794    0.0408167   0.65821   1.12029 	Dead: 0
40  1.86641   0.0406406   0.655371  1.12029 	Dead: 0
41  1.85823   0.0409084   0.659689  1.10984 	Dead: 0
42  1.84892   0.0398499   0.642619  1.10984 	Dead: 0
43  1.85079   0.0402658   0.649327  1.10984 	Dead: 0
44  1.86897   0.0424974   0.685313  1.10984 	Dead: 0
45  1.82522   0.0389469   0.628058  1.10984 	Dead: 0
46  1.82212   0.0410096   0.661322  1.02617 	Dead: 0
47  1.84091   0.0423143   0.68236   1.02617 	Dead: 0
48  1.82998   0.0400867   0.646439  1.02617 	Dead: 0
49  1.81247   0.038997    0.628866  1.02617 	Dead: 0
50  1.83284   0.03998     0.644718  1.02617 	Dead: 0
51  1.82645   0.0392893   0.633579  1.02617 	Dead: 0
52  1.84509   0.0423603   0.683102  1.02617 	Dead: 0
53  1.85223   0.0441608   0.712137  1.02617 	Dead: 0
54  1.83114   0.0416563   0.67175   1.02617 	Dead: 0
55  1.81574   0.0419693   0.676798  1.02617 	Dead: 0
56  1.82332   0.0416647   0.671885  1.02617 	Dead: 0
57  1.83094   0.0432084   0.696778  1.02617 	Dead: 0
58  1.81734   0.0425507   0.686172  1.02617 	Dead: 0
59  1.86331   0.0446727   0.720392  1.02617 	Dead: 0
60  1.84917   0.0445118   0.717798  1.02617 	Dead: 0
61  1.85244   0.0453234   0.730885  1.02617 	Dead: 0
62  1.86407   0.0446449   0.719944  1.02617 	Dead: 0
63  1.86741   0.0478163   0.771086  1.02617 	Dead: 0
64  1.82609   0.0434176   0.700152  1.02617 	Dead: 0
65  1.83927   0.0439217   0.708282  1.02617 	Dead: 0
66  1.84637   0.0438003   0.706324  1.02617 	Dead: 0
67  1.82368   0.0436735   0.704278  1.02617 	Dead: 0
68  1.85032   0.0478858   0.772207  1.02617 	Dead: 0
69  1.82892   0.0431222   0.695388  1.02617 	Dead: 0
70  1.82561   0.044959    0.725009  1.02617 	Dead: 0
71  1.83274   0.044287    0.714173  1.02617 	Dead: 0
72  1.81094   0.041934    0.676227  1.02617 	Dead: 0
73  1.83471   0.0462553   0.745913  1.02617 	Dead: 0
74  1.84641   0.0482726   0.778445  1.02617 	Dead: 0
75  1.83216   0.0457521   0.737798  1.02617 	Dead: 0
76  1.80341   0.0438646   0.70736   1.02617 	Dead: 0
77  1.86141   0.0467761   0.754312  1.02617 	Dead: 0
78  1.84946   0.0473178   0.763047  1.02617 	Dead: 0
79  1.84165   0.0463577   0.747564  1.02617 	Dead: 0
80  1.80991   0.0437181   0.704999  1.02617 	Dead: 0
81  1.82395   0.0466164   0.751736  1.02617 	Dead: 0
82  1.84133   0.0485698   0.783237  1.02617 	Dead: 0
83  1.82278   0.0455712   0.734881  1.02617 	Dead: 0
84  1.81037   0.0442389   0.713396  1.02617 	Dead: 0
85  1.80605   0.0446012   0.719239  1.02617 	Dead: 0
86  1.83463   0.0461364   0.743995  1.02617 	Dead: 0
87  1.79475   0.0430803   0.694713  1.02617 	Dead: 0
88  1.78966   0.0449722   0.725221  1.00604 	Dead: 0
89  1.76938   0.0420698   0.678418  1.00604 	Dead: 0
90  1.76613   0.0419568   0.676596  1.00604 	Dead: 0
91  1.78394   0.0429546   0.692686  1.00604 	Dead: 0
92  1.77168   0.0439731   0.70911   1.00604 	Dead: 0
93  1.81257   0.0452994   0.730498  1.00604 	Dead: 0
94  1.7914    0.0469134   0.756525  1.00604 	Dead: 0
95  1.7704    0.0426225   0.68733   1.00604 	Dead: 0
96  1.79408   0.0448997   0.724052  1.00604 	Dead: 0
97  1.78241   0.0432925   0.698135  1.00604 	Dead: 0
98  1.82618   0.0471176   0.759818  1.00604 	Dead: 0
99  1.75802   0.040906    0.65965   1.00604 	Dead: 0
100 1.82322   0.0489266   0.78899   0.976361	Dead: 0
