0   13.0687   0.0315012   0.507988  11.2226 	Dead: 0
1   11.4919   0.031342    0.505421  9.44402 	Dead: 0
2   10.1761   0.0355863   0.573864  8.25166 	Dead: 0
3   9.04099   0.0394      0.635364  6.81898 	Dead: 0
4   7.83493   0.041818    0.674356  5.95474 	Dead: 0
5   6.68237   0.0350829   0.565747  5.40134 	Dead: 0
6   5.92878   0.0332591   0.536337  4.72944 	Dead: 0
7   5.25918   0.0343386   0.553744  3.5487  	Dead: 0
8   4.35871   0.0392696   0.633261  2.84894 	Dead: 0
9   3.70057   0.0393863   0.635143  2.48942 	Dead: 0
10  3.4388    0.0398916   0.643292  2.25627 	Dead: 0
11  3.23527   0.0421405   0.679558  2.07057 	Dead: 0
12  3.07877   0.0419962   0.677231  2.03676 	Dead: 0
13  2.94029   0.0430027   0.693461  1.92947 	Dead: 0
14  2.73672   0.044771    0.721977  1.65794 	Dead: 0
15  2.46728   0.0408624   0.658947  1.57209 	Dead: 0
16  2.30189   0.0421417   0.679578  1.46442 	Dead: 0
17  2.22705   0.0421558   0.679805  1.4409  	Dead: 0
18  2.18162   0.0424148   0.683982  1.33736 	Dead: 0
19  2.14087   0.0432049   0.696723  1.33736 	Dead: 0
20  2.08946   0.0403238   0.650262  1.33736 	Dead: 0
21  2.02692   0.0378421   0.610242  1.28462 	Dead: 0
22  2.04864   0.0406929   0.656214  1.28462 	Dead: 0
23  2.04022   0.0403784   0.651142  1.28462 	Dead: 0
24  2.06897   0.0445787   0.718876  1.28462 	Dead: 0
25  2.01604   0.0388691   0.626804  1.28462 	Dead: 0
26  2.01186   0.0402209   0.648602  1.28462 	Dead: 0
27  2.0363    0.043982    0.709253  1.28462 	Dead: 0
28  2.03625   0.0435506   0.702297  1.28462 	Dead: 0
29  2.04213   0.0429676   0.692895  1.26676 	Dead: 0
30  2.01745   0.0425493   0.68615   1.26676 	Dead: 0
31  2.01646   0.0423666   0.683203  1.25917 	Dead: 0
32  2.03679   0.0435766   0.702717  1.25917 	Dead: 0
33  1.99496   0.0399903   0.644883  1.25917 	Dead: 0
34  2.00554   0.041751    0.673277  1.25917 	Dead: 0
35  2.04176   0.0461346   0.743967  1.25917 	Dead: 0
36  1.99114   0.0419578   0.676612  1.25917 	Dead: 0
37  2.00344   0.0424712   0.68489   1.25917 	Dead: 0
38  1.99862   0.0431699   0.696158  1.25917 	Dead: 0
39  2.04917   0.0465118   0.75005   1.25917 	Dead: 0
40  2.01809   0.0432595   0.697603  1.25917 	Dead: 0
41  1.96753   0.0408208   0.658276  1.25917 	Dead: 0
42  1.98739   0.0432028   0.696688  1.24369 	Dead: 0
43  1.96167   0.0417579   0.673387  1.24369 	Dead: 0
44  1.97442   0.0432771   0.697886  1.24369 	Dead: 0
45  1.97845   0.0416266   0.671271  1.24369 	Dead: 0
46  2.00233   0.0454653   0.733174  1.24369 	Dead: 0
47  1.97387   0.0432053   0.696729  1.24369 	Dead: 0
48  1.95966   0.0414463   0.668362  1.24369 	Dead: 0
49  1.99368   0.0457376   0.737565  1.24095 	Dead: 0
50  1.98187   0.0428422   0.690873  1.24095 	Dead: 0
51  1.96585   0.043792    0.70619   1.24095 	Dead: 0
52  1.98617   0.0441654   0.712211  1.24095 	Dead: 0
53  1.99699   0.0456723   0.736512  1.14935 	Dead: 0
54  1.96513   0.0425134   0.685572  1.14935 	Dead: 0
55  1.95844   0.0444135   0.716213  1.14935 	Dead: 0
56  2.01015   0.0479025   0.772476  1.14935 	Dead: 0
57  1.98542   0.0452886   0.730324  1.14935 	Dead: 0
58  1.98451   0.0446243   0.719611  1.14935 	Dead: 0
59  1.9306    0.040473    0.652668  1.14935 	Dead: 0
60  1.97076   0.0459438   0.740889  1.14935 	Dead: 0
61  1.956     0.0440593   0.7105    1.14935 	Dead: 0
62  1.96017   0.0440272   0.709983  1.14935 	Dead: 0
63  1.9886    0.0468015   0.75472   1.14935 	Dead: 0
64  1.99388   0.0470783   0.759184  1.14935 	Dead: 0
65  1.93962   0.044535    0.718171  1.14935 	Dead: 0
66  1.9712    0.047583    0.767323  1.14935 	Dead: 0
67  1.96365   0.049833    0.803607  1.14935 	Dead: 0
68  1.95305   0.0457115   0.737143  1.14935 	Dead: 0
69  1.97468   0.0468316   0.755206  1.14935 	Dead: 0
70  1.95854   0.0472531   0.762003  1.14935 	Dead: 0
71  1.99372   0.0488732   0.788129  1.14935 	Dead: 0
72  1.97511   0.0498866   0.804471  1.14935 	Dead: 0
73  1.99285   0.0508129   0.819409  1.14935 	Dead: 0
74  1.92862   0.0444147   0.716232  1.14935 	Dead: 0
75  1.93195   0.0462642   0.746057  1.14935 	Dead: 0
76  1.96381   0.0464633   0.749267  1.14935 	Dead: 0
77  1.96285   0.0480545   0.774927  1.14935 	Dead: 0
78  1.97494   0.048256    0.778177  1.14935 	Dead: 0
79  1.95768   0.0481682   0.77676   1.14935 	Dead: 0
80  1.93235   0.0462703   0.746155  1.14935 	Dead: 0
81  1.94095   0.0449083   0.724191  1.14935 	Dead: 0
82  1.95828   0.0496191   0.800158  1.14935 	Dead: 0
83  1.92055   0.0443852   0.715756  1.14935 	Dead: 0
84  1.94108   0.0476554   0.768491  1.14935 	Dead: 0
85  1.94205   0.0475335   0.766525  1.14828 	Dead: 0
86  1.97994   0.0529321   0.853583  1.14828 	Dead: 0
87  1.89715   0.0462634   0.746043  1.14828 	Dead: 0
88  1.92766   0.0483816   0.780201  1.14828 	Dead: 0
89  1.93343   0.0477532   0.770068  1.14828 	Dead: 0
90  1.91479   0.0435809   0.702785  1.14828 	Dead: 0
91  1.94523   0.0475709   0.767128  1.14828 	Dead: 0
92  1.90812   0.0457786   0.738225  1.14828 	Dead: 0
93  1.89967   0.0456424   0.73603   1.14828 	Dead: 0
94  1.92819   0.0473719   0.763919  1.14828 	Dead: 0
95  1.93338   0.048427    0.780934  1.14828 	Dead: 0
96  1.90102   0.0478372   0.771423  1.14828 	Dead: 0
97  1.91565   0.0460521   0.742636  1.14828 	Dead: 0
98  1.91201   0.0473689   0.763871  1.14828 	Dead: 0
99  1.91137   0.0474587   0.765319  1.14828 	Dead: 0
100 1.928     0.0493817   0.79633   1.14828 	Dead: 0
