0   4774.16   3.57984     57.7285   4594    	Dead: 0
1   4615.77   3.06334     49.3995   4488    	Dead: 0
2   4493.92   2.42961     39.1799   4386    	Dead: 0
3   4404.76   2.13745     34.4686   4274    	Dead: 0
4   4302.83   2.36737     38.1762   4179    	Dead: 0
5   4217.71   1.91155     30.8256   4131    	Dead: 0
6   4152.05   1.62412     26.1906   4069    	Dead: 0
7   4094.26   1.58016     25.4817   4006    	Dead: 0
8   4044.66   1.5481      24.9647   3963    	Dead: 0
9   3998.22   1.58527     25.5641   3908    	Dead: 0
10  3947.23   1.47609     23.8034   3859    	Dead: 0
11  3902.67   1.28079     20.6541   3836    	Dead: 0
12  3872.89   1.13965     18.378    3820    	Dead: 0
13  3843.84   1.17924     19.0164   3761    	Dead: 0
14  3814.88   1.15656     18.6507   3757    	Dead: 0
15  3785.45   1.17407     18.9331   3716    	Dead: 0
16  3761.35   1.14412     18.45     3701    	Dead: 0
17  3739.76   1.12957     18.2155   3691    	Dead: 0
18  3718.28   1.13107     18.2396   3668    	Dead: 0
19  3695.72   1.14722     18.5      3640    	Dead: 0
20  3673.02   1.12454     18.1344   3610    	Dead: 0
21  3652.52   1.05861     17.0711   3609    	Dead: 0
22  3638.48   1.04277     16.8158   3598    	Dead: 0
23  3626.58   1.03149     16.6339   3588    	Dead: 0
24  3618.14   1.10572     17.8308   3573    	Dead: 0
25  3607.66   1.07389     17.3175   3564    	Dead: 0
26  3596.59   1.10692     17.8503   3549    	Dead: 0
27  3583.39   1.10672     17.847    3543    	Dead: 0
28  3573.11   1.1298      18.2191   3525    	Dead: 0
29  3559.36   1.12829     18.1949   3514    	Dead: 0
30  3546.29   1.1871      19.1432   3492    	Dead: 0
31  3533.77   1.15571     18.6371   3492    	Dead: 0
32  3524.19   1.11854     18.0376   3481    	Dead: 0
33  3515.51   1.17987     19.0266   3470    	Dead: 0
34  3507.68   1.16071     18.7176   3461    	Dead: 0
35  3500.64   1.14515     18.4666   3452    	Dead: 0
36  3493.3    1.15677     18.6541   3447    	Dead: 0
37  3487.82   1.29753     20.9239   3443    	Dead: 0
38  3481.02   1.24693     20.1079   3438    	Dead: 0
39  3473.93   1.18483     19.1065   3435    	Dead: 0
40  3467.74   1.18879     19.1704   3433    	Dead: 0
41  3462.07   1.21347     19.5684   3413    	Dead: 0
42  3455.92   1.21269     19.5558   3413    	Dead: 0
43  3449.29   1.23737     19.9538   3404    	Dead: 0
44  3441.84   1.16451     18.7788   3397    	Dead: 0
45  3436.94   1.24858     20.1347   3392    	Dead: 0
46  3429.05   1.21876     19.6537   3384    	Dead: 0
47  3424      1.24357     20.0538   3384    	Dead: 0
48  3416.9    1.19903     19.3355   3380    	Dead: 0
49  3410.91   1.2643      20.3881   3373    	Dead: 0
50  3402.47   1.23951     19.9883   3365    	Dead: 0
51  3396.2    1.21585     19.6068   3359    	Dead: 0
52  3389.8    1.22315     19.7245   3353    	Dead: 0
53  3383.16   1.29074     20.8144   3339    	Dead: 0
54  3375.91   1.31431     21.1946   3335    	Dead: 0
55  3368.61   1.23393     19.8984   3329    	Dead: 0
56  3361.71   1.19069     19.2011   3325    	Dead: 0
57  3357.36   1.26151     20.3431   3320    	Dead: 0
58  3353.37   1.33047     21.4551   3305    	Dead: 0
59  3348.32   1.30182     20.9932   3305    	Dead: 0
60  3345.4    1.31648     21.2296   3294    	Dead: 0
61  3339.88   1.37875     22.2338   3294    	Dead: 0
62  3334.16   1.32245     21.3258   3290    	Dead: 0
63  3327.07   1.30933     21.1143   3283    	Dead: 0
64  3322.02   1.35681     21.8799   3276    	Dead: 0
65  3316.94   1.30794     21.0919   3276    	Dead: 0
66  3313.71   1.40486     22.6548   3271    	Dead: 0
67  3308.8    1.28872     20.7818   3267    	Dead: 0
68  3304.64   1.35096     21.7855   3261    	Dead: 0
69  3302.42   1.50567     24.2805   3257    	Dead: 0
70  3299.07   1.47117     23.7241   3257    	Dead: 0
71  3295.84   1.47733     23.8235   3249    	Dead: 0
72  3291.15   1.3945      22.4876   3249    	Dead: 0
73  3289.99   1.47085     23.7189   3249    	Dead: 0
74  3287.03   1.50783     24.3153   3246    	Dead: 0
75  3283.31   1.50864     24.3283   3244    	Dead: 0
76  3281.79   1.57767     25.4415   3233    	Dead: 0
77  3278.74   1.57678     25.4271   3233    	Dead: 0
78  3275.19   1.54532     24.9198   3233    	Dead: 0
79  3272.38   1.57586     25.4123   3228    	Dead: 0
80  3269.52   1.53995     24.8332   3228    	Dead: 0
81  3265.14   1.44956     23.3757   3228    	Dead: 0
82  3260.51   1.47593     23.8009   3220    	Dead: 0
83  3257.38   1.52719     24.6274   3217    	Dead: 0
84  3252.91   1.39899     22.5601   3217    	Dead: 0
85  3249.85   1.40044     22.5836   3207    	Dead: 0
86  3247.64   1.55089     25.0097   3204    	Dead: 0
87  3243.42   1.50424     24.2574   3204    	Dead: 0
88  3239.02   1.48253     23.9073   3196    	Dead: 0
89  3236.11   1.5225      24.5519   3194    	Dead: 0
90  3232.75   1.55268     25.0385   3191    	Dead: 0
91  3227.18   1.49233     24.0653   3186    	Dead: 0
92  3223      1.44408     23.2872   3186    	Dead: 0
93  3220.47   1.53502     24.7538   3181    	Dead: 0
94  3217.43   1.55194     25.0266   3177    	Dead: 0
95  3214.09   1.54435     24.9042   3170    	Dead: 0
96  3209.92   1.51626     24.4513   3159    	Dead: 0
97  3207.51   1.65324     26.6601   3159    	Dead: 0
98  3204.03   1.59837     25.7753   3159    	Dead: 0
99  3202.41   1.74004     28.0599   3159    	Dead: 0
100 3198.23   1.67035     26.936    3149    	Dead: 0
