0   5280.66   4.84547     78.138    5049    	Dead: 0
1   4856.51   4.10482     66.1943   4673    	Dead: 0
2   4542.1    2.9782      48.0265   4411    	Dead: 0
3   4346.1    2.07622     33.4811   4229    	Dead: 0
4   4205.23   1.53093     24.6878   4126    	Dead: 0
5   4108.01   1.3355      21.5363   4038    	Dead: 0
6   4005.41   1.35533     21.856    3946    	Dead: 0
7   3931.16   1.05743     17.0521   3877    	Dead: 0
8   3881.09   0.959375    15.4709   3836    	Dead: 0
9   3840.71   0.81965     13.2177   3797    	Dead: 0
10  3804.46   0.825538    13.3126   3766    	Dead: 0
11  3770.98   0.941819    15.1878   3725    	Dead: 0
12  3728.51   0.965591    15.5711   3689    	Dead: 0
13  3689.16   0.931478    15.021    3638    	Dead: 0
14  3651.03   1.01219     16.3226   3612    	Dead: 0
15  3619.35   0.900138    14.5156   3581    	Dead: 0
16  3595.4    0.844383    13.6165   3564    	Dead: 0
17  3581.81   0.814811    13.1396   3558    	Dead: 0
18  3574      0.861871    13.8985   3535    	Dead: 0
19  3559.65   1.00639     16.2291   3524    	Dead: 0
20  3540.4    0.89768     14.476    3506    	Dead: 0
21  3515.15   1.07527     17.3397   3468    	Dead: 0
22  3480.76   1.08146     17.4397   3431    	Dead: 0
23  3448.16   1.0345      16.6824   3402    	Dead: 0
24  3424.91   1.00121     16.1455   3386    	Dead: 0
25  3409.1    1.02766     16.5721   3368    	Dead: 0
26  3393.51   1.0536      16.9903   3352    	Dead: 0
27  3381.48   1.11268     17.9431   3346    	Dead: 0
28  3369.25   1.06165     17.1202   3332    	Dead: 0
29  3355.83   1.1102      17.903    3322    	Dead: 0
30  3346.08   1.16803     18.8357   3307    	Dead: 0
31  3335.72   1.17539     18.9544   3299    	Dead: 0
32  3327.76   1.22491     19.7529   3296    	Dead: 0
33  3320.61   1.22988     19.8331   3286    	Dead: 0
34  3314.46   1.19163     19.2162   3282    	Dead: 0
35  3306.65   1.2152      19.5963   3268    	Dead: 0
36  3300.75   1.30859     21.1023   3253    	Dead: 0
37  3292.42   1.329       21.4314   3252    	Dead: 0
38  3287.11   1.45329     23.4358   3252    	Dead: 0
39  3282.61   1.49512     24.1103   3248    	Dead: 0
40  3278.12   1.49967     24.1836   3240    	Dead: 0
41  3274.71   1.46614     23.643    3240    	Dead: 0
42  3270.62   1.47852     23.8426   3240    	Dead: 0
43  3267.31   1.43911     23.2071   3234    	Dead: 0
44  3264.89   1.51698     24.4628   3234    	Dead: 0
45  3262.28   1.50419     24.2565   3225    	Dead: 0
46  3259.55   1.49572     24.12     3220    	Dead: 0
47  3256.51   1.54826     24.9672   3220    	Dead: 0
48  3252.53   1.55664     25.1025   3220    	Dead: 0
49  3248.92   1.5362      24.7728   3213    	Dead: 0
50  3245.83   1.50781     24.3149   3210    	Dead: 0
51  3242.64   1.49203     24.0605   3208    	Dead: 0
52  3240.73   1.53829     24.8065   3208    	Dead: 0
53  3237.84   1.60377     25.8624   3204    	Dead: 0
54  3234.02   1.62059     26.1336   3202    	Dead: 0
55  3231.86   1.68518     27.1751   3197    	Dead: 0
56  3229.11   1.69674     27.3616   3195    	Dead: 0
57  3227.16   1.79044     28.8726   3189    	Dead: 0
58  3225.26   1.78833     28.8387   3189    	Dead: 0
59  3221.76   1.77872     28.6836   3185    	Dead: 0
60  3218.07   1.72471     27.8127   3185    	Dead: 0
61  3217.88   1.83382     29.5722   3183    	Dead: 0
62  3212.46   1.79063     28.8757   3177    	Dead: 0
63  3208.34   1.78395     28.7681   3166    	Dead: 0
64  3205.52   1.79816     28.9972   3162    	Dead: 0
65  3203.59   1.87672     30.264    3162    	Dead: 0
66  3199.35   1.76152     28.4062   3157    	Dead: 0
67  3197.31   1.81282     29.2335   3157    	Dead: 0
68  3195.65   1.88366     30.376    3144    	Dead: 0
69  3191.78   1.85239     29.8717   3142    	Dead: 0
70  3188.24   1.94338     31.3389   3142    	Dead: 0
71  3184.14   1.9971      32.2052   3139    	Dead: 0
72  3182.26   2.05771     33.1827   3139    	Dead: 0
73  3179.01   2.12631     34.2889   3139    	Dead: 0
74  3175.52   2.10456     33.9382   3136    	Dead: 0
75  3174.33   2.12582     34.281    3134    	Dead: 0
76  3172.66   2.17512     35.076    3133    	Dead: 0
77  3171.36   2.2418      36.1513   3132    	Dead: 0
78  3168.54   2.2208      35.8126   3131    	Dead: 0
79  3170.61   2.3577      38.0203   3125    	Dead: 0
80  3166.35   2.15735     34.7895   3125    	Dead: 0
81  3167.65   2.33996     37.7342   3123    	Dead: 0
82  3166.43   2.393       38.5895   3121    	Dead: 0
83  3163.82   2.32878     37.554    3115    	Dead: 0
84  3161.45   2.24792     36.2499   3109    	Dead: 0
85  3159.2    2.38046     38.3873   3109    	Dead: 0
86  3155.74   2.31342     37.3062   3108    	Dead: 0
87  3154.12   2.41188     38.894    3104    	Dead: 0
88  3150.72   2.35969     38.0524   3102    	Dead: 0
89  3147.03   2.33507     37.6554   3100    	Dead: 0
90  3141.89   2.26254     36.4857   3099    	Dead: 0
91  3140.88   2.40875     38.8435   3098    	Dead: 0
92  3138.05   2.37435     38.2887   3098    	Dead: 0
93  3136.92   2.32753     37.5337   3098    	Dead: 0
94  3135.24   2.34702     37.848    3093    	Dead: 0
95  3134.21   2.3326      37.6155   3091    	Dead: 0
96  3134.37   2.40665     38.8097   3088    	Dead: 0
97  3133.48   2.50288     40.3614   3088    	Dead: 0
98  3131.26   2.3564      37.9994   3088    	Dead: 0
99  3128.79   2.38051     38.3882   3084    	Dead: 0
100 3128.1    2.38675     38.4887   3084    	Dead: 0
