0   5278.19   4.97835     80.2808   5003    	Dead: 0
1   4869.96   3.64123     58.7185   4689    	Dead: 0
2   4561.96   2.80652     45.2579   4438    	Dead: 0
3   4353.8    1.9402      31.2876   4257    	Dead: 0
4   4192.41   2.04351     32.9537   4098    	Dead: 0
5   4054.55   1.61511     26.0453   3962    	Dead: 0
6   3949.55   1.42045     22.9062   3867    	Dead: 0
7   3869.77   1.0616      17.1194   3808    	Dead: 0
8   3825.84   0.911444    14.6979   3789    	Dead: 0
9   3792.94   0.93258     15.0388   3748    	Dead: 0
10  3761.21   0.895461    14.4402   3720    	Dead: 0
11  3727.51   0.910579    14.684    3684    	Dead: 0
12  3694.15   0.94387     15.2208   3658    	Dead: 0
13  3669.11   0.855301    13.7926   3635    	Dead: 0
14  3646.03   0.845185    13.6295   3613    	Dead: 0
15  3625.77   0.863678    13.9277   3592    	Dead: 0
16  3606.38   0.86361     13.9266   3567    	Dead: 0
17  3590.03   0.868657    14.008    3562    	Dead: 0
18  3579.05   0.881696    14.2182   3552    	Dead: 0
19  3569.23   0.867247    13.9852   3537    	Dead: 0
20  3559.28   0.899022    14.4976   3532    	Dead: 0
21  3543.73   0.925016    14.9168   3509    	Dead: 0
22  3526.35   0.831169    13.4034   3494    	Dead: 0
23  3514.03   0.921086    14.8534   3476    	Dead: 0
24  3497.53   0.96885     15.6237   3461    	Dead: 0
25  3475.8    1.02936     16.5995   3438    	Dead: 0
26  3459.11   0.992467    16.0045   3425    	Dead: 0
27  3449.13   1.06879     17.2354   3413    	Dead: 0
28  3440.91   1.15775     18.6698   3405    	Dead: 0
29  3431.42   1.17568     18.959    3382    	Dead: 0
30  3421.12   1.21421     19.5804   3378    	Dead: 0
31  3412.17   1.39299     22.4633   3365    	Dead: 0
32  3400.49   1.27266     20.5229   3351    	Dead: 0
33  3390.57   1.40517     22.6597   3351    	Dead: 0
34  3382.67   1.43892     23.204    3343    	Dead: 0
35  3376.97   1.56582     25.2504   3336    	Dead: 0
36  3370.17   1.46914     23.6913   3329    	Dead: 0
37  3364.64   1.57944     25.4701   3320    	Dead: 0
38  3359.53   1.5874      25.5985   3320    	Dead: 0
39  3353.99   1.64764     26.5698   3314    	Dead: 0
40  3348.74   1.58935     25.6299   3307    	Dead: 0
41  3346.22   1.76071     28.3932   3297    	Dead: 0
42  3339.22   1.6204      26.1306   3291    	Dead: 0
43  3334.96   1.67868     27.0704   3291    	Dead: 0
44  3329.46   1.696       27.3497   3291    	Dead: 0
45  3325.74   1.66008     26.7705   3281    	Dead: 0
46  3323.28   1.72998     27.8976   3279    	Dead: 0
47  3319.27   1.68129     27.1125   3279    	Dead: 0
48  3316.08   1.7392      28.0463   3272    	Dead: 0
49  3310.72   1.67469     27.006    3267    	Dead: 0
50  3308.09   1.72785     27.8633   3265    	Dead: 0
51  3303.98   1.80992     29.1868   3260    	Dead: 0
52  3297.95   1.71064     27.5858   3252    	Dead: 0
53  3292.15   1.78445     28.776    3244    	Dead: 0
54  3288.07   1.88768     30.4407   3244    	Dead: 0
55  3283.35   1.88975     30.474    3244    	Dead: 0
56  3280.9    1.96015     31.6094   3238    	Dead: 0
57  3277.55   1.91652     30.9058   3238    	Dead: 0
58  3275.1    1.88896     30.4614   3238    	Dead: 0
59  3274.37   1.90927     30.789    3237    	Dead: 0
60  3273.15   1.93078     31.1357   3229    	Dead: 0
61  3274.22   2.04749     33.0179   3229    	Dead: 0
62  3272.2    1.96157     31.6323   3229    	Dead: 0
63  3270.45   1.98534     32.0157   3225    	Dead: 0
64  3268.77   2.00806     32.3819   3223    	Dead: 0
65  3265.08   1.97435     31.8383   3218    	Dead: 0
66  3264.16   2.13647     34.4528   3218    	Dead: 0
67  3260.24   2.19431     35.3854   3215    	Dead: 0
68  3257.28   2.2731      36.656    3208    	Dead: 0
69  3255.7    2.30632     37.1916   3206    	Dead: 0
70  3251.38   2.28601     36.8642   3205    	Dead: 0
71  3250.52   2.46661     39.7765   3194    	Dead: 0
72  3247.55   2.46803     39.7995   3194    	Dead: 0
73  3245.43   2.52807     40.7677   3194    	Dead: 0
74  3241.17   2.49352     40.2105   3189    	Dead: 0
75  3237.56   2.55659     41.2275   3184    	Dead: 0
76  3237.25   2.67067     43.0673   3184    	Dead: 0
77  3231.67   2.51691     40.5878   3184    	Dead: 0
78  3230.86   2.67033     43.0618   3184    	Dead: 0
79  3228.66   2.68161     43.2436   3184    	Dead: 0
80  3228.57   2.7523      44.3836   3184    	Dead: 0
81  3226.6    2.69393     43.4422   3183    	Dead: 0
82  3225.61   2.7434      44.24     3179    	Dead: 0
83  3225.3    2.6898      43.3758   3179    	Dead: 0
84  3226.77   2.89037     46.61     3179    	Dead: 0
85  3223.32   2.68638     43.3206   3178    	Dead: 0
86  3224.18   2.79656     45.0973   3178    	Dead: 0
87  3220.14   2.62607     42.3481   3178    	Dead: 0
88  3221.04   2.68511     43.3001   3177    	Dead: 0
89  3222.69   2.88346     46.4987   3172    	Dead: 0
90  3221.56   2.85382     46.0206   3169    	Dead: 0
91  3221.5    2.85021     45.9625   3169    	Dead: 0
92  3219.49   2.8685      46.2574   3169    	Dead: 0
93  3216.5    2.78466     44.9054   3163    	Dead: 0
94  3215.11   2.87067     46.2925   3158    	Dead: 0
95  3213.57   2.89706     46.718    3155    	Dead: 0
96  3212.34   2.98244     48.0948   3153    	Dead: 0
97  3208.79   3.0563      49.2859   3146    	Dead: 0
98  3204.78   2.91702     47.0399   3141    	Dead: 0
99  3201.66   3.0332      48.9134   3141    	Dead: 0
100 3198.32   3.00581     48.4718   3135    	Dead: 0
