0   5277.16   5.08408     81.9858   5026    	Dead: 0
1   4866.02   3.3534      54.077    4708    	Dead: 0
2   4606      2.72511     43.9451   4459    	Dead: 0
3   4411.93   1.99826     32.224    4310    	Dead: 0
4   4265.15   1.65472     26.6839   4163    	Dead: 0
5   4129.3    1.75689     28.3316   4038    	Dead: 0
6   4019.6    1.31077     21.1374   3927    	Dead: 0
7   3939.77   1.15891     18.6886   3878    	Dead: 0
8   3886.32   1.13741     18.3419   3811    	Dead: 0
9   3846.48   1.05698     17.0449   3802    	Dead: 0
10  3810.49   0.973555    15.6996   3769    	Dead: 0
11  3774.63   0.926918    14.9475   3722    	Dead: 0
12  3734.97   0.947052    15.2722   3681    	Dead: 0
13  3698.28   1.00408     16.1918   3655    	Dead: 0
14  3667.59   0.966322    15.5829   3623    	Dead: 0
15  3646.01   1.17483     18.9452   3597    	Dead: 0
16  3629.64   1.08678     17.5254   3593    	Dead: 0
17  3621.95   1.21942     19.6643   3585    	Dead: 0
18  3616.34   1.29094     20.8177   3578    	Dead: 0
19  3610.2    1.32236     21.3243   3578    	Dead: 0
20  3602.04   1.28619     20.741    3566    	Dead: 0
21  3591.35   1.30689     21.075    3542    	Dead: 0
22  3575.93   1.36754     22.0529   3530    	Dead: 0
23  3557.5    1.20879     19.4929   3520    	Dead: 0
24  3544.66   1.32553     21.3754   3510    	Dead: 0
25  3532.99   1.35626     21.8711   3492    	Dead: 0
26  3521.8    1.50555     24.2785   3486    	Dead: 0
27  3513.38   1.55256     25.0365   3481    	Dead: 0
28  3505.65   1.51517     24.4337   3465    	Dead: 0
29  3495.81   1.41582     22.8315   3464    	Dead: 0
30  3483.07   1.14395     18.4474   3452    	Dead: 0
31  3473.14   1.10053     17.7472   3444    	Dead: 0
32  3462.91   1.25909     20.3042   3413    	Dead: 0
33  3443.64   1.17296     18.9152   3410    	Dead: 0
34  3427.25   1.13829     18.356    3397    	Dead: 0
35  3417.08   1.11364     17.9586   3393    	Dead: 0
36  3414.48   1.34012     21.6107   3379    	Dead: 0
37  3411.36   1.51469     24.4259   3368    	Dead: 0
38  3403.03   1.53453     24.7458   3363    	Dead: 0
39  3392.66   1.41567     22.8292   3353    	Dead: 0
40  3385.12   1.59487     25.7188   3342    	Dead: 0
41  3378.5    1.69318     27.3043   3335    	Dead: 0
42  3372.34   1.71807     27.7056   3330    	Dead: 0
43  3369.59   1.85101     29.8493   3324    	Dead: 0
44  3369.22   1.95392     31.509    3324    	Dead: 0
45  3370.07   2.03017     32.7385   3324    	Dead: 0
46  3368.19   1.99779     32.2163   3322    	Dead: 0
47  3366.95   1.95273     31.4897   3322    	Dead: 0
48  3364.34   1.97905     31.9142   3315    	Dead: 0
49  3360.75   1.96408     31.6727   3315    	Dead: 0
50  3353.88   1.80829     29.1605   3307    	Dead: 0
51  3349.19   1.85        29.8332   3305    	Dead: 0
52  3344.61   1.8828      30.3621   3301    	Dead: 0
53  3337.84   1.83339     29.5653   3300    	Dead: 0
54  3335.16   1.86087     30.0085   3295    	Dead: 0
55  3332.05   1.85779     29.9588   3294    	Dead: 0
56  3329.05   1.90549     30.7279   3286    	Dead: 0
57  3326.7    1.93127     31.1436   3281    	Dead: 0
58  3322.61   1.82633     29.4514   3281    	Dead: 0
59  3321.66   1.94484     31.3624   3281    	Dead: 0
60  3320.42   2.00285     32.298    3280    	Dead: 0
61  3317.21   1.92649     31.0666   3277    	Dead: 0
62  3314.81   1.9058      30.7329   3277    	Dead: 0
63  3312.78   1.94789     31.4117   3265    	Dead: 0
64  3309.63   1.94155     31.3094   3265    	Dead: 0
65  3308.34   2.0532      33.11     3265    	Dead: 0
66  3306.03   1.93938     31.2744   3265    	Dead: 0
67  3302.44   1.93839     31.2585   3265    	Dead: 0
68  3303.42   2.01215     32.448    3260    	Dead: 0
69  3301.09   2.03038     32.7419   3260    	Dead: 0
70  3301.25   2.08898     33.6868   3260    	Dead: 0
71  3302.28   2.14886     34.6525   3256    	Dead: 0
72  3300.16   2.08644     33.6459   3254    	Dead: 0
73  3299.64   2.16844     34.9683   3251    	Dead: 0
74  3295.71   2.06973     33.3765   3250    	Dead: 0
75  3291.43   2.03106     32.7529   3250    	Dead: 0
76  3286.52   1.92727     31.0792   3250    	Dead: 0
77  3281.42   1.81881     29.3301   3246    	Dead: 0
78  3279.68   1.85601     29.93     3246    	Dead: 0
79  3275.35   1.73187     27.9281   3243    	Dead: 0
80  3275.71   1.81906     29.3341   3243    	Dead: 0
81  3274.61   1.92786     31.0887   3239    	Dead: 0
82  3272.65   1.84597     29.7681   3239    	Dead: 0
83  3272.58   1.89767     30.6018   3236    	Dead: 0
84  3272.28   1.89664     30.5852   3236    	Dead: 0
85  3273.21   2.01587     32.5079   3236    	Dead: 0
86  3271.59   1.99093     32.1057   3228    	Dead: 0
87  3270.93   2.03947     32.8884   3228    	Dead: 0
88  3270.53   2.02921     32.723    3228    	Dead: 0
89  3269.49   2.08236     33.5801   3226    	Dead: 0
90  3267.59   2.06217     33.2546   3216    	Dead: 0
91  3265.26   2.02011     32.5762   3216    	Dead: 0
92  3264.03   2.15147     34.6947   3216    	Dead: 0
93  3261.94   2.10274     33.9088   3216    	Dead: 0
94  3260.31   2.15779     34.7965   3207    	Dead: 0
95  3256.66   2.15449     34.7432   3207    	Dead: 0
96  3253.51   2.13079     34.3612   3196    	Dead: 0
97  3250.8    2.12125     34.2073   3196    	Dead: 0
98  3248.25   2.15699     34.7836   3196    	Dead: 0
99  3243.36   2.17631     35.0951   3187    	Dead: 0
100 3240.02   2.20599     35.5739   3185    	Dead: 0
