0   5280.89   5.02558     81.0426   5004    	Dead: 0
1   4898.57   3.59343     57.9476   4742    	Dead: 0
2   4597.17   2.87806     46.4116   4460    	Dead: 0
3   4372.15   2.27547     36.6943   4264    	Dead: 0
4   4207.32   1.69794     27.3809   4115    	Dead: 0
5   4085.82   1.50153     24.2137   4008    	Dead: 0
6   3986.71   1.2446      20.0704   3922    	Dead: 0
7   3916.27   1.17636     18.97     3859    	Dead: 0
8   3858.56   1.00261     16.168    3803    	Dead: 0
9   3816.36   1.0221      16.4825   3754    	Dead: 0
10  3777.86   1.03347     16.6658   3723    	Dead: 0
11  3746.13   0.995657    16.056    3707    	Dead: 0
12  3718.84   0.954236    15.388    3680    	Dead: 0
13  3700.25   0.979469    15.7949   3660    	Dead: 0
14  3687.14   0.964827    15.5588   3651    	Dead: 0
15  3678.07   1.0143      16.3566   3644    	Dead: 0
16  3668.47   0.976129    15.7411   3636    	Dead: 0
17  3657.18   1.00544     16.2137   3625    	Dead: 0
18  3646.22   0.982176    15.8386   3619    	Dead: 0
19  3638.08   1.00821     16.2584   3604    	Dead: 0
20  3628.73   1.04472     16.8472   3589    	Dead: 0
21  3611.06   1.10393     17.802    3567    	Dead: 0
22  3594.66   1.0376      16.7324   3560    	Dead: 0
23  3583.79   1.08527     17.5011   3546    	Dead: 0
24  3576.32   1.16111     18.7241   3541    	Dead: 0
25  3566.4    1.06701     17.2065   3529    	Dead: 0
26  3555.32   1.11209     17.9335   3509    	Dead: 0
27  3540.28   1.19017     19.1927   3494    	Dead: 0
28  3522.56   1.1299      18.2208   3478    	Dead: 0
29  3510.2    1.12417     18.1284   3468    	Dead: 0
30  3502.22   1.17567     18.9589   3466    	Dead: 0
31  3496.06   1.27569     20.5717   3461    	Dead: 0
32  3489.58   1.33732     21.5656   3454    	Dead: 0
33  3483.94   1.28139     20.6636   3449    	Dead: 0
34  3478.97   1.33497     21.5277   3444    	Dead: 0
35  3472.26   1.34392     21.672    3436    	Dead: 0
36  3468.2    1.43305     23.1093   3432    	Dead: 0
37  3462.47   1.48863     24.0056   3422    	Dead: 0
38  3457.72   1.53138     24.6951   3417    	Dead: 0
39  3452.24   1.61426     26.0316   3412    	Dead: 0
40  3446.73   1.63409     26.3514   3407    	Dead: 0
41  3441.89   1.62803     26.2537   3407    	Dead: 0
42  3435.43   1.53473     24.7491   3397    	Dead: 0
43  3430.51   1.50685     24.2995   3392    	Dead: 0
44  3427.12   1.57729     25.4354   3387    	Dead: 0
45  3421.42   1.57167     25.3448   3380    	Dead: 0
46  3416.51   1.52784     24.638    3380    	Dead: 0
47  3410.29   1.47613     23.8041   3378    	Dead: 0
48  3407.53   1.57017     25.3206   3367    	Dead: 0
49  3402.63   1.54747     24.9544   3362    	Dead: 0
50  3397.04   1.54202     24.8666   3356    	Dead: 0
51  3390.16   1.56932     25.3069   3343    	Dead: 0
52  3380.91   1.57734     25.4362   3333    	Dead: 0
53  3369.97   1.49656     24.1335   3328    	Dead: 0
54  3355.57   1.36061     21.9411   3316    	Dead: 0
55  3345.59   1.22584     19.7679   3315    	Dead: 0
56  3340.85   1.22359     19.7316   3309    	Dead: 0
57  3338.12   1.20171     19.3788   3304    	Dead: 0
58  3335.65   1.21176     19.5408   3304    	Dead: 0
59  3333.51   1.21624     19.6131   3303    	Dead: 0
60  3330.79   1.23518     19.9185   3302    	Dead: 0
61  3328.62   1.33768     21.5715   3292    	Dead: 0
62  3323.39   1.29641     20.9059   3288    	Dead: 0
63  3317.67   1.24556     20.086    3277    	Dead: 0
64  3310.82   1.2716      20.5059   3268    	Dead: 0
65  3303.13   1.23692     19.9465   3262    	Dead: 0
66  3294.07   1.27572     20.5723   3256    	Dead: 0
67  3282.07   1.22247     19.7136   3246    	Dead: 0
68  3271.86   1.23187     19.8652   3231    	Dead: 0
69  3263.24   1.30717     21.0795   3212    	Dead: 0
70  3252.27   1.31308     21.1748   3212    	Dead: 0
71  3242.07   1.32349     21.3427   3209    	Dead: 0
72  3236.48   1.40625     22.6772   3209    	Dead: 0
73  3231.51   1.28775     20.7662   3199    	Dead: 0
74  3229.32   1.32261     21.3285   3199    	Dead: 0
75  3226.99   1.32574     21.3789   3198    	Dead: 0
76  3225.1    1.32429     21.3555   3198    	Dead: 0
77  3222.79   1.32975     21.4436   3196    	Dead: 0
78  3221.38   1.29944     20.9548   3195    	Dead: 0
79  3219.43   1.3676      22.0539   3186    	Dead: 0
80  3217.73   1.35149     21.7942   3183    	Dead: 0
81  3213.41   1.32925     21.4355   3183    	Dead: 0
82  3207.49   1.32554     21.3757   3180    	Dead: 0
83  3201.92   1.27091     20.4946   3169    	Dead: 0
84  3196.34   1.22882     19.816    3156    	Dead: 0
85  3187.04   1.32664     21.3934   3149    	Dead: 0
86  3175.07   1.22455     19.7471   3140    	Dead: 0
87  3166.64   1.20766     19.4747   3132    	Dead: 0
88  3158.42   1.31879     21.2667   3117    	Dead: 0
89  3151.89   1.28481     20.7188   3109    	Dead: 0
90  3145.52   1.33204     21.4805   3109    	Dead: 0
91  3140.14   1.34048     21.6165   3108    	Dead: 0
92  3135.74   1.39146     22.4386   3102    	Dead: 0
93  3130.52   1.37554     22.1819   3099    	Dead: 0
94  3127.56   1.39928     22.5648   3097    	Dead: 0
95  3123.99   1.38177     22.2824   3087    	Dead: 0
96  3122.39   1.45673     23.4913   3087    	Dead: 0
97  3117.26   1.43722     23.1767   3081    	Dead: 0
98  3112.29   1.45569     23.4745   3077    	Dead: 0
99  3108.44   1.41958     22.8922   3074    	Dead: 0
100 3107.62   1.53258     24.7144   3074    	Dead: 0
