0   5277.69   5.1353      82.8118   5026    	Dead: 0
1   4868.27   3.95006     63.6986   4665    	Dead: 0
2   4608.91   2.41081     38.8766   4489    	Dead: 0
3   4406.31   2.11183     34.0554   4305    	Dead: 0
4   4235.15   1.84877     29.8133   4151    	Dead: 0
5   4087.44   1.60653     25.9069   4000    	Dead: 0
6   3997.27   1.02099     16.4645   3934    	Dead: 0
7   3932.64   1.19819     19.322    3871    	Dead: 0
8   3867.4    0.982826    15.8491   3826    	Dead: 0
9   3820.48   0.985673    15.895    3776    	Dead: 0
10  3783.53   0.894467    14.4242   3742    	Dead: 0
11  3746.35   0.958711    15.4602   3701    	Dead: 0
12  3708.31   0.939825    15.1556   3666    	Dead: 0
13  3676      0.89661     14.4587   3623    	Dead: 0
14  3649.89   0.902151    14.5481   3608    	Dead: 0
15  3626.64   0.909379    14.6646   3588    	Dead: 0
16  3608.14   0.898468    14.4887   3575    	Dead: 0
17  3590.17   0.957242    15.4365   3547    	Dead: 0
18  3571.48   1.03839     16.745    3528    	Dead: 0
19  3553.29   1.05886     17.0752   3512    	Dead: 0
20  3533.82   1.13588     18.3172   3491    	Dead: 0
21  3510.8    1.2013      19.3721   3470    	Dead: 0
22  3488.27   1.05387     16.9947   3455    	Dead: 0
23  3477.34   1.0738      17.316    3442    	Dead: 0
24  3470.05   1.05714     17.0474   3438    	Dead: 0
25  3459.24   1.08343     17.4715   3423    	Dead: 0
26  3443.47   1.07991     17.4146   3403    	Dead: 0
27  3424.93   1.09347     17.6333   3383    	Dead: 0
28  3411.03   1.12402     18.126    3378    	Dead: 0
29  3399.46   1.18395     19.0924   3363    	Dead: 0
30  3389.41   1.10313     17.789    3360    	Dead: 0
31  3382.01   1.12445     18.1328   3349    	Dead: 0
32  3376.49   1.19759     19.3123   3348    	Dead: 0
33  3372.8    1.24416     20.0633   3348    	Dead: 0
34  3369.56   1.25736     20.2762   3340    	Dead: 0
35  3369.62   1.31129     21.1458   3340    	Dead: 0
36  3369.26   1.34998     21.7698   3338    	Dead: 0
37  3368.61   1.35883     21.9125   3334    	Dead: 0
38  3367.86   1.39345     22.4708   3329    	Dead: 0
39  3365      1.37096     22.1081   3320    	Dead: 0
40  3360.84   1.35589     21.8651   3317    	Dead: 0
41  3351.34   1.3146      21.1992   3304    	Dead: 0
42  3337.83   1.22702     19.7869   3294    	Dead: 0
43  3327.67   1.29733     20.9207   3288    	Dead: 0
44  3315.83   1.15189     18.5753   3283    	Dead: 0
45  3306.65   1.20862     19.4901   3269    	Dead: 0
46  3298.83   1.21084     19.526    3269    	Dead: 0
47  3292.78   1.18914     19.1761   3262    	Dead: 0
48  3283.33   1.1023      17.7758   3249    	Dead: 0
49  3269.17   1.18437     19.0991   3232    	Dead: 0
50  3258.03   1.18609     19.1269   3229    	Dead: 0
51  3250.22   1.27002     20.4804   3219    	Dead: 0
52  3243.21   1.25877     20.2989   3211    	Dead: 0
53  3235.71   1.2424      20.035    3199    	Dead: 0
54  3228.24   1.37163     22.119    3193    	Dead: 0
55  3219.3    1.36571     22.0234   3190    	Dead: 0
56  3212.2    1.29278     20.8474   3183    	Dead: 0
57  3207.41   1.33893     21.5916   3179    	Dead: 0
58  3202.89   1.3476      21.7315   3174    	Dead: 0
59  3196.94   1.3991      22.5618   3164    	Dead: 0
60  3189.97   1.36827     22.0647   3160    	Dead: 0
61  3183.98   1.36279     21.9764   3159    	Dead: 0
62  3178.89   1.34284     21.6546   3153    	Dead: 0
63  3175.09   1.25508     20.2395   3151    	Dead: 0
64  3171.2    1.2884      20.7767   3144    	Dead: 0
65  3166.5    1.27053     20.4886   3141    	Dead: 0
66  3163.93   1.35381     21.8315   3138    	Dead: 0
67  3161.25   1.35639     21.8732   3138    	Dead: 0
68  3160.53   1.39184     22.4448   3137    	Dead: 0
69  3158.23   1.35073     21.7818   3136    	Dead: 0
70  3155.99   1.33805     21.5775   3130    	Dead: 0
71  3156.12   1.39774     22.54     3129    	Dead: 0
72  3154.53   1.44506     23.3031   3129    	Dead: 0
73  3153.99   1.48154     23.8913   3125    	Dead: 0
74  3151.81   1.51787     24.4771   3120    	Dead: 0
75  3152.68   1.66116     26.7879   3118    	Dead: 0
76  3149.95   1.68483     27.1696   3109    	Dead: 0
77  3148.55   1.74367     28.1184   3108    	Dead: 0
78  3145.45   1.76473     28.4581   3105    	Dead: 0
79  3144.31   1.83946     29.6632   3105    	Dead: 0
80  3144.19   1.85384     29.895    3102    	Dead: 0
81  3142.62   1.80628     29.128    3101    	Dead: 0
82  3141.05   1.80444     29.0985   3098    	Dead: 0
83  3141.47   1.87565     30.2467   3098    	Dead: 0
84  3140.38   1.85727     29.9504   3096    	Dead: 0
85  3140.75   1.9221      30.9958   3096    	Dead: 0
86  3139.03   1.86327     30.0471   3094    	Dead: 0
87  3138.08   1.86148     30.0183   3093    	Dead: 0
88  3137.64   1.8648      30.0718   3093    	Dead: 0
89  3134.62   1.79016     28.8681   3093    	Dead: 0
90  3131.86   1.72434     27.8067   3091    	Dead: 0
91  3127.37   1.72483     27.8146   3091    	Dead: 0
92  3123.28   1.63293     26.3326   3076    	Dead: 0
93  3115.65   1.44414     23.2882   3076    	Dead: 0
94  3111.46   1.56096     25.172    3076    	Dead: 0
95  3104.68   1.53073     24.6846   3070    	Dead: 0
96  3098.53   1.44743     23.3413   3068    	Dead: 0
97  3093.68   1.40963     22.7317   3066    	Dead: 0
98  3090.07   1.38704     22.3674   3062    	Dead: 0
99  3087.63   1.49488     24.1065   3057    	Dead: 0
100 3086      1.5447      24.9098   3056    	Dead: 0
