0   5279.34   5.01406     80.8567   5019    	Dead: 0
1   5053.71   4.08553     65.8832   4851    	Dead: 0
2   4881.59   3.3336      53.7577   4742    	Dead: 0
3   4725.71   3.51744     56.7223   4538    	Dead: 0
4   4579.63   3.09648     49.9338   4454    	Dead: 0
5   4459.48   2.32357     37.4698   4314    	Dead: 0
6   4357.22   2.33977     37.7312   4244    	Dead: 0
7   4260.14   2.30754     37.2114   4153    	Dead: 0
8   4174.48   1.71108     27.5929   4105    	Dead: 0
9   4115.78   1.47064     23.7155   4050    	Dead: 0
10  4068.35   1.27087     20.4941   3988    	Dead: 0
11  4024.57   1.34097     21.6244   3954    	Dead: 0
12  3976.55   1.30531     21.0494   3896    	Dead: 0
13  3934.75   1.26103     20.3354   3871    	Dead: 0
14  3899.6    1.15898     18.6897   3843    	Dead: 0
15  3870.11   1.03513     16.6926   3807    	Dead: 0
16  3846.53   1.01532     16.3731   3805    	Dead: 0
17  3826.31   0.91485     14.7529   3784    	Dead: 0
18  3806.63   0.966952    15.5931   3752    	Dead: 0
19  3783.7    0.966813    15.5908   3736    	Dead: 0
20  3761.61   0.929961    14.9966   3717    	Dead: 0
21  3743.18   0.931434    15.0203   3691    	Dead: 0
22  3724.62   0.931939    15.0285   3678    	Dead: 0
23  3709.04   0.935006    15.0779   3666    	Dead: 0
24  3696.22   0.854397    13.778    3666    	Dead: 0
25  3686.64   0.896461    14.4563   3631    	Dead: 0
26  3675.73   0.965162    15.5642   3631    	Dead: 0
27  3661.4    0.911696    14.702    3617    	Dead: 0
28  3649.57   0.9165      14.7795   3614    	Dead: 0
29  3636.69   0.870623    14.0397   3592    	Dead: 0
30  3625.33   0.913704    14.7344   3590    	Dead: 0
31  3614.29   0.888677    14.3308   3574    	Dead: 0
32  3604.66   0.892588    14.3939   3565    	Dead: 0
33  3596.75   0.929144    14.9834   3564    	Dead: 0
34  3587.73   0.911798    14.7037   3555    	Dead: 0
35  3578.74   0.925522    14.925    3547    	Dead: 0
36  3570.08   0.888197    14.3231   3539    	Dead: 0
37  3564.13   0.923224    14.8879   3517    	Dead: 0
38  3556      0.969663    15.6368   3509    	Dead: 0
39  3544.91   1.02719     16.5645   3509    	Dead: 0
40  3531.58   0.976095    15.7405   3496    	Dead: 0
41  3521.17   0.953661    15.3787   3487    	Dead: 0
42  3511.61   0.906186    14.6132   3478    	Dead: 0
43  3503.43   0.908276    14.6469   3476    	Dead: 0
44  3497.73   0.879897    14.1892   3470    	Dead: 0
45  3493.71   0.930736    15.009    3467    	Dead: 0
46  3489.09   0.902144    14.548    3457    	Dead: 0
47  3484.26   0.98158     15.829    3450    	Dead: 0
48  3478.94   0.945485    15.2469   3440    	Dead: 0
49  3472.71   0.939276    15.1468   3440    	Dead: 0
50  3466.45   1.0561      17.0307   3430    	Dead: 0
51  3456.94   1.00371     16.1859   3413    	Dead: 0
52  3448.59   0.967066    15.5949   3410    	Dead: 0
53  3439.9    1.03549     16.6983   3395    	Dead: 0
54  3431.33   1.06689     17.2047   3389    	Dead: 0
55  3422.4    1.08182     17.4455   3380    	Dead: 0
56  3414.39   1.09172     17.605    3375    	Dead: 0
57  3407.04   1.059       17.0775   3366    	Dead: 0
58  3400.43   1.03791     16.7373   3366    	Dead: 0
59  3395.84   1.08782     17.5422   3366    	Dead: 0
60  3390.03   1.04942     16.923    3361    	Dead: 0
61  3387.45   1.06255     17.1347   3354    	Dead: 0
62  3384.68   1.03423     16.6781   3354    	Dead: 0
63  3382.74   1.06427     17.1624   3354    	Dead: 0
64  3381.43   1.13514     18.3052   3351    	Dead: 0
65  3379.47   1.03714     16.7249   3349    	Dead: 0
66  3379.35   1.14158     18.4091   3349    	Dead: 0
67  3378.79   1.133       18.2708   3349    	Dead: 0
68  3376.34   1.08823     17.5488   3346    	Dead: 0
69  3376.04   1.19858     19.3283   3341    	Dead: 0
70  3374.84   1.21561     19.6029   3335    	Dead: 0
71  3372.14   1.26436     20.3891   3333    	Dead: 0
72  3369.65   1.25741     20.2769   3332    	Dead: 0
73  3367.52   1.28288     20.6878   3325    	Dead: 0
74  3364.43   1.29426     20.8713   3325    	Dead: 0
75  3360.76   1.2484      20.1317   3325    	Dead: 0
76  3357.4    1.26854     20.4565   3315    	Dead: 0
77  3352.4    1.21937     19.6636   3314    	Dead: 0
78  3348.07   1.27526     20.5648   3310    	Dead: 0
79  3342.78   1.26538     20.4056   3307    	Dead: 0
80  3337.68   1.21279     19.5575   3297    	Dead: 0
81  3333.08   1.19118     19.209    3291    	Dead: 0
82  3328.36   1.16119     18.7254   3287    	Dead: 0
83  3324.42   1.24349     20.0525   3285    	Dead: 0
84  3318.82   1.16497     18.7863   3277    	Dead: 0
85  3314.25   1.2575      20.2785   3277    	Dead: 0
86  3308.73   1.26377     20.3796   3262    	Dead: 0
87  3302.89   1.24482     20.074    3255    	Dead: 0
88  3298.22   1.29218     20.8377   3252    	Dead: 0
89  3291.9    1.23014     19.8373   3252    	Dead: 0
90  3287.46   1.24041     20.0029   3248    	Dead: 0
91  3283.8    1.34181     21.638    3248    	Dead: 0
92  3278.29   1.22288     19.7202   3243    	Dead: 0
93  3274.7    1.26489     20.3976   3243    	Dead: 0
94  3271.78   1.25897     20.3022   3240    	Dead: 0
95  3268.64   1.25891     20.3012   3238    	Dead: 0
96  3266.43   1.27429     20.5492   3238    	Dead: 0
97  3263.96   1.26022     20.3224   3237    	Dead: 0
98  3262.45   1.2322      19.8704   3234    	Dead: 0
99  3261.26   1.27376     20.5406   3233    	Dead: 0
100 3259.7    1.22999     19.8349   3229    	Dead: 0
