0   5649.07   3.01968     48.6953   5429    	Dead: 0
1   5387.5    2.83604     45.734    5252    	Dead: 0
2   5227.8    2.17018     34.9964   5128    	Dead: 0
3   5090.32   2.07136     33.4027   4989    	Dead: 0
4   4988.5    2.05111     33.0762   4859    	Dead: 0
5   4893.7    2.11955     34.1799   4791    	Dead: 0
6   4794.81   2.21097     35.654    4691    	Dead: 0
7   4724.67   2.0907      33.7147   4638    	Dead: 0
8   4678.76   2.19009     35.3174   4541    	Dead: 0
9   4635.25   2.24336     36.1764   4535    	Dead: 0
10  4591.56   2.22734     35.9181   4496    	Dead: 0
11  4553.18   2.4084      38.8379   4451    	Dead: 0
12  4509.56   2.39938     38.6924   4401    	Dead: 0
13  4459.02   2.46695     39.782    4345    	Dead: 0
14  4423.06   2.45404     39.5738   4320    	Dead: 0
15  4390.75   2.35674     38.0047   4296    	Dead: 0
16  4356.76   2.23511     36.0434   4258    	Dead: 0
17  4329.44   2.3527      37.9396   4229    	Dead: 0
18  4292.07   2.20375     35.5377   4200    	Dead: 0
19  4265.27   2.16806     34.9621   4174    	Dead: 0
20  4246.53   2.20297     35.525    4168    	Dead: 0
21  4232.86   2.25466     36.3586   4136    	Dead: 0
22  4226.48   2.56997     41.4433   4133    	Dead: 0
23  4212.21   2.40064     38.7128   4132    	Dead: 0
24  4202.1    2.55757     41.2434   4110    	Dead: 0
25  4191.62   2.62344     42.3055   4101    	Dead: 0
26  4182.19   2.66005     42.896    4082    	Dead: 0
27  4164.38   2.56148     41.3064   4082    	Dead: 0
28  4144.74   2.4233      39.0781   4061    	Dead: 0
29  4123.85   2.39928     38.6908   4031    	Dead: 0
30  4106.28   2.52275     40.6818   3987    	Dead: 0
31  4091.95   2.61435     42.159    3982    	Dead: 0
32  4077.87   2.69669     43.4867   3982    	Dead: 0
33  4061.28   2.57        41.4438   3977    	Dead: 0
34  4052.1    2.83528     45.7217   3962    	Dead: 0
35  4041.03   2.78957     44.9847   3961    	Dead: 0
36  4029.82   2.79429     45.0607   3935    	Dead: 0
37  4023.66   2.97534     47.9803   3934    	Dead: 0
38  4010.14   2.8612      46.1397   3919    	Dead: 0
39  4003.99   2.97379     47.9553   3919    	Dead: 0
40  3993.32   2.89498     46.6845   3907    	Dead: 0
41  3987.66   2.98665     48.1627   3901    	Dead: 0
42  3982.21   2.98585     48.1498   3894    	Dead: 0
43  3978.72   3.14605     50.7331   3887    	Dead: 0
44  3971.37   3.15312     50.8471   3880    	Dead: 0
45  3963.88   3.16764     51.0814   3866    	Dead: 0
46  3954.56   3.13358     50.5321   3866    	Dead: 0
47  3949.76   3.1204      50.3195   3857    	Dead: 0
48  3941.22   3.06544     49.4333   3857    	Dead: 0
49  3939.07   3.1807      51.292    3847    	Dead: 0
50  3932.74   3.20078     51.6159   3838    	Dead: 0
51  3926.94   3.12014     50.3155   3826    	Dead: 0
52  3924.19   3.19889     51.5852   3826    	Dead: 0
53  3914.59   3.27218     52.7672   3808    	Dead: 0
54  3903.7    3.11681     50.2616   3808    	Dead: 0
55  3895.52   3.203       51.6516   3801    	Dead: 0
56  3890.1    3.24224     52.2843   3790    	Dead: 0
57  3885.07   3.17969     51.2757   3790    	Dead: 0
58  3879.48   3.38492     54.5852   3790    	Dead: 0
59  3876.69   3.49988     56.4391   3767    	Dead: 0
60  3868.9    3.191       51.4581   3767    	Dead: 0
61  3864.47   3.29136     53.0764   3755    	Dead: 0
62  3862.12   3.2401      52.2498   3755    	Dead: 0
63  3859.15   3.44982     55.6317   3753    	Dead: 0
64  3853.96   3.34193     53.892    3753    	Dead: 0
65  3850.97   3.59741     58.0119   3753    	Dead: 0
66  3845.85   3.32201     53.5708   3752    	Dead: 0
67  3843.52   3.48556     56.2081   3752    	Dead: 0
68  3839.06   3.58014     57.7333   3743    	Dead: 0
69  3834.72   3.47445     56.029    3736    	Dead: 0
70  3834.4    3.70148     59.69     3736    	Dead: 0
71  3831.48   3.64163     58.7249   3717    	Dead: 0
72  3830.18   3.69502     59.5858   3717    	Dead: 0
73  3826.6    3.65429     58.929    3717    	Dead: 0
74  3822.9    3.6527      58.9034   3716    	Dead: 0
75  3821.3    3.68855     59.4815   3712    	Dead: 0
76  3820.45   3.80864     61.4181   3712    	Dead: 0
77  3818.28   3.80691     61.3902   3709    	Dead: 0
78  3817.02   3.80609     61.377    3709    	Dead: 0
79  3813.84   3.80745     61.3989   3709    	Dead: 0
80  3812.2    3.79786     61.2442   3709    	Dead: 0
81  3810.53   3.83358     61.8203   3709    	Dead: 0
82  3808.74   3.73423     60.2182   3697    	Dead: 0
83  3809.55   3.99679     64.4522   3697    	Dead: 0
84  3806.33   3.73907     60.2963   3697    	Dead: 0
85  3806.51   4.0142      64.7329   3689    	Dead: 0
86  3802      3.77459     60.8691   3689    	Dead: 0
87  3804.08   4.06387     65.534    3689    	Dead: 0
88  3800.94   4.06014     65.4738   3689    	Dead: 0
89  3798.67   4.06797     65.6001   3689    	Dead: 0
90  3795.45   4.08381     65.8556   3679    	Dead: 0
91  3791.02   3.94593     63.6321   3679    	Dead: 0
92  3787.16   3.94481     63.614    3679    	Dead: 0
93  3789.3    4.11632     66.3798   3679    	Dead: 0
94  3783.6    3.99029     64.3474   3679    	Dead: 0
95  3783.33   4.10686     66.2272   3671    	Dead: 0
96  3781.66   4.09336     66.0096   3671    	Dead: 0
97  3780.04   4.2474      68.4936   3671    	Dead: 0
98  3778.72   4.17191     67.2762   3671    	Dead: 0
99  3776.87   4.09631     66.057    3671    	Dead: 0
100 3774.58   4.10088     66.1309   3663    	Dead: 0
