0   5634.55   3.12394     50.3766   5447    	Dead: 0
1   5501.16   2.82436     45.5456   5368    	Dead: 0
2   5381.35   2.73255     44.0652   5242    	Dead: 0
3   5288.95   2.33266     37.6165   5132    	Dead: 0
4   5209.85   2.25571     36.3756   5099    	Dead: 0
5   5139.62   2.30538     37.1766   5020    	Dead: 0
6   5055.05   2.37607     38.3165   4913    	Dead: 0
7   4996.36   2.04879     33.0388   4896    	Dead: 0
8   4952.02   2.08285     33.5881   4844    	Dead: 0
9   4917.19   1.92042     30.9686   4806    	Dead: 0
10  4888.12   1.97041     31.7749   4788    	Dead: 0
11  4848.11   1.94912     31.4315   4756    	Dead: 0
12  4806.38   1.97695     31.8803   4702    	Dead: 0
13  4762.22   2.00943     32.4041   4659    	Dead: 0
14  4718.83   1.9124      30.8394   4627    	Dead: 0
15  4686.06   1.9129      30.8474   4602    	Dead: 0
16  4661.48   1.96009     31.6084   4567    	Dead: 0
17  4637.3    2.06952     33.373    4529    	Dead: 0
18  4611.03   1.9447      31.3602   4502    	Dead: 0
19  4587.7    2.01048     32.4209   4494    	Dead: 0
20  4568.37   1.9995      32.2439   4478    	Dead: 0
21  4549.76   2.08048     33.5498   4447    	Dead: 0
22  4532.56   2.06994     33.3798   4443    	Dead: 0
23  4514.77   2.08477     33.619    4425    	Dead: 0
24  4493.84   2.10099     33.8806   4397    	Dead: 0
25  4477.57   2.1412      34.529    4377    	Dead: 0
26  4461.12   2.09849     33.8402   4367    	Dead: 0
27  4448.4    2.11603     34.1232   4348    	Dead: 0
28  4432.37   2.13745     34.4686   4343    	Dead: 0
29  4419.37   2.15508     34.7529   4333    	Dead: 0
30  4405.93   2.10853     34.0021   4324    	Dead: 0
31  4393.36   2.15123     34.6907   4318    	Dead: 0
32  4380.41   2.21579     35.7318   4301    	Dead: 0
33  4365.97   2.24752     36.2435   4278    	Dead: 0
34  4348.22   2.19245     35.3554   4229    	Dead: 0
35  4335.32   2.15359     34.7288   4229    	Dead: 0
36  4325.25   2.2012      35.4965   4229    	Dead: 0
37  4314.85   2.13394     34.4119   4229    	Dead: 0
38  4303.56   2.24484     36.2003   4220    	Dead: 0
39  4292.56   2.19632     35.4179   4215    	Dead: 0
40  4284.03   2.31517     37.3344   4191    	Dead: 0
41  4273.28   2.21991     35.7983   4161    	Dead: 0
42  4262.27   2.2284      35.9352   4161    	Dead: 0
43  4252.33   2.2588      36.4254   4161    	Dead: 0
44  4245.54   2.33793     37.7015   4158    	Dead: 0
45  4238.25   2.317       37.3639   4158    	Dead: 0
46  4231.84   2.44896     39.492    4147    	Dead: 0
47  4226.41   2.4309      39.2008   4147    	Dead: 0
48  4219.19   2.41681     38.9734   4143    	Dead: 0
49  4214.05   2.41642     38.9671   4103    	Dead: 0
50  4205.68   2.38835     38.5145   4103    	Dead: 0
51  4196.78   2.33977     37.7311   4100    	Dead: 0
52  4189.95   2.43204     39.219    4100    	Dead: 0
53  4182.85   2.44273     39.3915   4092    	Dead: 0
54  4175.85   2.4618      39.6989   4092    	Dead: 0
55  4168.32   2.47736     39.9499   4082    	Dead: 0
56  4161.69   2.48757     40.1145   4076    	Dead: 0
57  4152.95   2.34378     37.7957   4076    	Dead: 0
58  4146.08   2.48499     40.073    4066    	Dead: 0
59  4134.92   2.30985     37.2487   4058    	Dead: 0
60  4127.8    2.49943     40.3058   4023    	Dead: 0
61  4117.73   2.45929     39.6586   4017    	Dead: 0
62  4107.35   2.43577     39.2792   4017    	Dead: 0
63  4096.63   2.4711      39.849    4004    	Dead: 0
64  4086.89   2.49864     40.2931   3993    	Dead: 0
65  4076.5    2.39892     38.685    3993    	Dead: 0
66  4069.36   2.34047     37.7424   3962    	Dead: 0
67  4063.59   2.47207     39.8645   3962    	Dead: 0
68  4057      2.40935     38.8532   3962    	Dead: 0
69  4049.8    2.38148     38.4037   3962    	Dead: 0
70  4043.26   2.40461     38.7768   3942    	Dead: 0
71  4036.57   2.43861     39.325    3942    	Dead: 0
72  4031.72   2.51355     40.5334   3930    	Dead: 0
73  4026.07   2.49259     40.1954   3930    	Dead: 0
74  4021.99   2.5638      41.3439   3930    	Dead: 0
75  4016.15   2.43645     39.2902   3927    	Dead: 0
76  4013.4    2.5742      41.5116   3927    	Dead: 0
77  4007.35   2.56916     41.4303   3927    	Dead: 0
78  4003.29   2.59588     41.8611   3927    	Dead: 0
79  3999.02   2.57133     41.4652   3921    	Dead: 0
80  3997.39   2.6402      42.5759   3911    	Dead: 0
81  3994.36   2.62939     42.4015   3905    	Dead: 0
82  3991.16   2.55416     41.1884   3905    	Dead: 0
83  3991.88   2.72969     44.019    3896    	Dead: 0
84  3986.45   2.64967     42.7285   3896    	Dead: 0
85  3983.42   2.59551     41.8551   3896    	Dead: 0
86  3982.89   2.80648     45.2572   3896    	Dead: 0
87  3977.64   2.63835     42.546    3893    	Dead: 0
88  3975.92   2.69066     43.3896   3893    	Dead: 0
89  3971.55   2.61829     42.2225   3890    	Dead: 0
90  3967.3    2.65251     42.7743   3890    	Dead: 0
91  3964.74   2.74227     44.2219   3875    	Dead: 0
92  3960.89   2.66524     42.9796   3866    	Dead: 0
93  3957.55   2.70873     43.681    3866    	Dead: 0
94  3951.74   2.7478      44.3111   3866    	Dead: 0
95  3947.82   2.73281     44.0692   3859    	Dead: 0
96  3944.13   2.72253     43.9036   3859    	Dead: 0
97  3941.16   2.80462     45.2274   3859    	Dead: 0
98  3932.99   2.54807     41.0902   3844    	Dead: 0
99  3930.89   2.6673      43.0129   3824    	Dead: 0
100 3929.41   2.69053     43.3875   3824    	Dead: 0
