0   5633.1    3.05537     49.2708   5487    	Dead: 0
1   5500.81   2.77261     44.711    5338    	Dead: 0
2   5381.73   2.79436     45.0619   5220    	Dead: 0
3   5272.56   2.65788     42.8609   5156    	Dead: 0
4   5181.27   2.33057     37.5827   5070    	Dead: 0
5   5102.22   2.35778     38.0216   4976    	Dead: 0
6   5034.65   2.26472     36.5209   4916    	Dead: 0
7   4978.66   2.32065     37.4228   4850    	Dead: 0
8   4929.48   2.17506     35.0749   4818    	Dead: 0
9   4891.7    2.08308     33.5917   4785    	Dead: 0
10  4862.31   2.08192     33.573    4773    	Dead: 0
11  4835.02   2.18049     35.1625   4734    	Dead: 0
12  4811.85   2.26716     36.5602   4714    	Dead: 0
13  4784.5    2.14161     34.5356   4675    	Dead: 0
14  4753.68   2.32572     37.5046   4648    	Dead: 0
15  4717.36   2.30905     37.2357   4586    	Dead: 0
16  4678.61   2.19479     35.3932   4558    	Dead: 0
17  4639.66   2.16838     34.9673   4554    	Dead: 0
18  4611.7    2.10479     33.9419   4513    	Dead: 0
19  4591.81   2.05677     33.1675   4476    	Dead: 0
20  4574.98   2.16418     34.8995   4476    	Dead: 0
21  4556.76   2.22198     35.8316   4473    	Dead: 0
22  4532.5    2.13181     34.3776   4440    	Dead: 0
23  4509.39   2.20289     35.5239   4412    	Dead: 0
24  4479.6    2.24311     36.1723   4372    	Dead: 0
25  4454.64   2.24007     36.1233   4367    	Dead: 0
26  4437      2.19115     35.3346   4336    	Dead: 0
27  4421.24   2.2033      35.5305   4304    	Dead: 0
28  4401.56   2.15368     34.7303   4304    	Dead: 0
29  4382.23   2.25046     36.2909   4283    	Dead: 0
30  4358.64   2.21854     35.7761   4262    	Dead: 0
31  4333.74   2.22272     35.8436   4224    	Dead: 0
32  4309.25   2.22886     35.9425   4224    	Dead: 0
33  4289.31   2.28715     36.8825   4176    	Dead: 0
34  4272.18   2.37114     38.237    4176    	Dead: 0
35  4258.98   2.25383     36.3452   4176    	Dead: 0
36  4250.12   2.43445     39.2579   4150    	Dead: 0
37  4237.87   2.37475     38.2952   4150    	Dead: 0
38  4229.88   2.4922      40.1892   4150    	Dead: 0
39  4219.82   2.60013     41.9297   4146    	Dead: 0
40  4211.6    2.59738     41.8854   4134    	Dead: 0
41  4204.23   2.67133     43.0778   4117    	Dead: 0
42  4197.16   2.67177     43.085    4106    	Dead: 0
43  4189.01   2.91462     47.0012   4089    	Dead: 0
44  4175.14   2.63363     42.4699   4089    	Dead: 0
45  4165.65   2.80891     45.2966   4032    	Dead: 0
46  4155.88   2.94849     47.5474   4032    	Dead: 0
47  4145.11   3.00232     48.4154   4032    	Dead: 0
48  4136.81   2.98288     48.1019   4032    	Dead: 0
49  4127.57   3.05734     49.3027   4032    	Dead: 0
50  4119.41   2.92965     47.2435   4032    	Dead: 0
51  4115.73   3.10596     50.0867   4030    	Dead: 0
52  4108.68   3.03426     48.9304   4013    	Dead: 0
53  4102.95   3.08322     49.7199   4013    	Dead: 0
54  4101.07   3.27887     52.875    4013    	Dead: 0
55  4095.89   3.01594     48.6351   4006    	Dead: 0
56  4093.7    3.19958     51.5964   4006    	Dead: 0
57  4087.09   2.94133     47.4319   4005    	Dead: 0
58  4088.36   3.21055     51.7734   4005    	Dead: 0
59  4087.19   3.22152     51.9503   4002    	Dead: 0
60  4082.51   3.16343     51.0134   3987    	Dead: 0
61  4077.29   2.98625     48.1563   3987    	Dead: 0
62  4076.7    3.20273     51.6472   3987    	Dead: 0
63  4070.97   2.96442     47.8042   3982    	Dead: 0
64  4069.93   3.26095     52.5861   3960    	Dead: 0
65  4065.38   3.1753      51.2049   3960    	Dead: 0
66  4061.06   3.36666     54.2908   3960    	Dead: 0
67  4055.4    3.18663     51.3876   3960    	Dead: 0
68  4050.13   3.18971     51.4373   3960    	Dead: 0
69  4042.22   3.03654     48.9673   3953    	Dead: 0
70  4038.44   3.11816     50.2834   3900    	Dead: 0
71  4033.88   3.13032     50.4795   3900    	Dead: 0
72  4029.68   3.14303     50.6845   3900    	Dead: 0
73  4023.7    3.16656     51.064    3900    	Dead: 0
74  4019.63   3.23681     52.1968   3900    	Dead: 0
75  4012.6    3.13484     50.5524   3900    	Dead: 0
76  4009.01   3.23638     52.1898   3900    	Dead: 0
77  4001.97   3.15549     50.8854   3900    	Dead: 0
78  3996.9    3.15167     50.8238   3900    	Dead: 0
79  3992.18   3.07355     49.564    3885    	Dead: 0
80  3988.09   3.24523     52.3326   3885    	Dead: 0
81  3982.6    3.29781     53.1805   3885    	Dead: 0
82  3976.66   3.23394     52.1506   3885    	Dead: 0
83  3970.74   3.08027     49.6725   3880    	Dead: 0
84  3965.82   3.19254     51.4829   3876    	Dead: 0
85  3961.65   3.36144     54.2066   3875    	Dead: 0
86  3955.82   3.19367     51.5011   3858    	Dead: 0
87  3954.14   3.46127     55.8164   3858    	Dead: 0
88  3950.07   3.33227     53.7362   3858    	Dead: 0
89  3947.13   3.34195     53.8923   3855    	Dead: 0
90  3943.26   3.47769     56.0812   3855    	Dead: 0
91  3941.23   3.41585     55.084    3853    	Dead: 0
92  3936.99   3.43318     55.3635   3853    	Dead: 0
93  3934.31   3.51593     56.6979   3832    	Dead: 0
94  3929.49   3.41995     55.15     3832    	Dead: 0
95  3926.64   3.40298     54.8764   3825    	Dead: 0
96  3924.53   3.62985     58.535    3825    	Dead: 0
97  3918.96   3.45788     55.7618   3825    	Dead: 0
98  3912.27   3.25107     52.4268   3825    	Dead: 0
99  3908.26   3.25147     52.4333   3825    	Dead: 0
100 3907.78   3.33981     53.8578   3825    	Dead: 0
