0   5651.07   3.08641     49.7715   5469    	Dead: 0
1   5397.66   2.60239     41.9662   5249    	Dead: 0
2   5208.8    2.25475     36.36     5089    	Dead: 0
3   5045.33   2.28236     36.8054   4928    	Dead: 0
4   4921.39   2.1916      35.3418   4796    	Dead: 0
5   4829.17   1.87628     30.2569   4723    	Dead: 0
6   4762.37   1.85687     29.9439   4652    	Dead: 0
7   4687.27   2.00758     32.3742   4593    	Dead: 0
8   4634.74   1.97441     31.8393   4546    	Dead: 0
9   4595.73   2.08418     33.6095   4502    	Dead: 0
10  4561.06   1.98827     32.0629   4472    	Dead: 0
11  4526.74   2.02681     32.6844   4424    	Dead: 0
12  4492.4    1.99936     32.2417   4411    	Dead: 0
13  4455      2.05497     33.1384   4371    	Dead: 0
14  4414.02   1.95771     31.57     4323    	Dead: 0
15  4384.3    2.15445     34.7427   4290    	Dead: 0
16  4349.57   1.94741     31.4039   4256    	Dead: 0
17  4315.09   2.05069     33.0695   4222    	Dead: 0
18  4281.67   2.08352     33.5988   4169    	Dead: 0
19  4242.33   2.22653     35.905    4162    	Dead: 0
20  4208.4    2.12723     34.3037   4129    	Dead: 0
21  4192.05   2.19938     35.4672   4118    	Dead: 0
22  4176.84   2.29524     37.0131   4087    	Dead: 0
23  4156.98   2.28179     36.7962   4076    	Dead: 0
24  4139.86   2.30421     37.1577   4042    	Dead: 0
25  4122.36   2.44591     39.4427   4033    	Dead: 0
26  4105.88   2.48569     40.0843   4009    	Dead: 0
27  4091.41   2.69333     43.4326   3985    	Dead: 0
28  4077.8    2.81793     45.4419   3977    	Dead: 0
29  4066.97   2.98523     48.1398   3961    	Dead: 0
30  4051.62   2.98696     48.1677   3961    	Dead: 0
31  4035.39   3.02669     48.8083   3932    	Dead: 0
32  4023.26   3.17121     51.1389   3925    	Dead: 0
33  4005.66   3.18366     51.3396   3900    	Dead: 0
34  3985.22   2.86022     46.1239   3898    	Dead: 0
35  3969.65   3.09206     49.8625   3876    	Dead: 0
36  3955.62   3.16135     50.98     3860    	Dead: 0
37  3936.65   3.23281     52.1323   3844    	Dead: 0
38  3919.33   3.09198     49.8613   3825    	Dead: 0
39  3906.74   3.28328     52.9461   3815    	Dead: 0
40  3895.68   3.4039      54.8912   3807    	Dead: 0
41  3885.64   3.47161     55.9832   3775    	Dead: 0
42  3875.13   3.52025     56.7676   3775    	Dead: 0
43  3866.26   3.58672     57.8395   3769    	Dead: 0
44  3858.05   3.72837     60.1238   3769    	Dead: 0
45  3849.85   3.53799     57.0536   3769    	Dead: 0
46  3845.58   3.71718     59.9433   3753    	Dead: 0
47  3839.26   3.74641     60.4147   3748    	Dead: 0
48  3835.93   3.85141     62.1078   3742    	Dead: 0
49  3827.86   3.73477     60.2269   3729    	Dead: 0
50  3824.63   3.99341     64.3978   3729    	Dead: 0
51  3816.34   3.68974     59.5008   3729    	Dead: 0
52  3814.12   3.86856     62.3844   3716    	Dead: 0
53  3805.77   3.8696      62.4012   3710    	Dead: 0
54  3801.66   4.03811     65.1186   3688    	Dead: 0
55  3798.45   4.00271     64.5478   3677    	Dead: 0
56  3789.69   4.02647     64.9308   3677    	Dead: 0
57  3783.13   4.00102     64.5205   3677    	Dead: 0
58  3775.98   3.97078     64.0328   3667    	Dead: 0
59  3767.72   3.9137      63.1123   3667    	Dead: 0
60  3765.98   4.1139      66.3407   3662    	Dead: 0
61  3763.72   4.23507     68.2947   3656    	Dead: 0
62  3761.09   4.33999     69.9867   3649    	Dead: 0
63  3753.03   3.93879     63.5169   3649    	Dead: 0
64  3753.08   4.09474     66.0318   3649    	Dead: 0
65  3747.73   4.19884     67.7104   3649    	Dead: 0
66  3744.55   4.12132     66.4603   3639    	Dead: 0
67  3738.08   4.18568     67.4983   3639    	Dead: 0
68  3735.78   4.32671     69.7725   3632    	Dead: 0
69  3733.77   4.47884     72.2258   3620    	Dead: 0
70  3727.7    4.37965     70.6263   3620    	Dead: 0
71  3721.88   4.43225     71.4745   3620    	Dead: 0
72  3718.39   4.62278     74.547    3600    	Dead: 0
73  3714.92   4.60385     74.2417   3600    	Dead: 0
74  3708.59   4.3093      69.4918   3591    	Dead: 0
75  3704.02   4.52052     72.8979   3590    	Dead: 0
76  3702.27   4.56701     73.6476   3590    	Dead: 0
77  3701.55   4.74846     76.5737   3590    	Dead: 0
78  3694.85   4.44449     71.6719   3590    	Dead: 0
79  3695.21   4.5943      74.0876   3588    	Dead: 0
80  3691.45   4.76023     76.7634   3575    	Dead: 0
81  3687.99   4.74581     76.531    3575    	Dead: 0
82  3688.23   4.94094     79.6776   3575    	Dead: 0
83  3684.85   4.88147     78.7186   3575    	Dead: 0
84  3683.07   4.85691     78.3225   3575    	Dead: 0
85  3681.8    5.01277     80.836    3575    	Dead: 0
86  3672.74   4.64089     74.8389   3571    	Dead: 0
87  3672.67   4.78375     77.1427   3563    	Dead: 0
88  3669.51   4.85772     78.3357   3563    	Dead: 0
89  3669.5    4.99342     80.5239   3559    	Dead: 0
90  3667.46   5.20828     83.9887   3559    	Dead: 0
91  3658.84   4.81048     77.5738   3551    	Dead: 0
92  3655.68   4.78532     77.168    3551    	Dead: 0
93  3654.03   4.80892     77.5487   3551    	Dead: 0
94  3654.28   4.95798     79.9523   3549    	Dead: 0
95  3650.5    4.82647     77.8317   3546    	Dead: 0
96  3648.52   4.87188     78.5639   3546    	Dead: 0
97  3644.56   4.64602     74.9218   3546    	Dead: 0
98  3644.94   4.73892     76.4198   3546    	Dead: 0
99  3639.3    4.54776     73.3372   3546    	Dead: 0
100 3642.82   4.98643     80.4112   3546    	Dead: 0
