0   5634.95   3.09134     49.851    5492    	Dead: 0
1   5506.24   2.75368     44.4059   5385    	Dead: 0
2   5394.48   2.51519     40.5599   5270    	Dead: 0
3   5299.88   2.4202      39.0281   5171    	Dead: 0
4   5218.81   2.2391      36.1077   5105    	Dead: 0
5   5148.38   2.18885     35.2974   5011    	Dead: 0
6   5071.11   2.19126     35.3363   4963    	Dead: 0
7   5010.39   2.20753     35.5987   4887    	Dead: 0
8   4950.31   2.16889     34.9756   4833    	Dead: 0
9   4893.89   2.17456     35.067    4770    	Dead: 0
10  4833.06   2.17242     35.0325   4716    	Dead: 0
11  4780.95   2.02975     32.7317   4681    	Dead: 0
12  4747.29   1.9792      31.9166   4650    	Dead: 0
13  4714.93   2.18532     35.2405   4600    	Dead: 0
14  4674.14   2.1303      34.3533   4577    	Dead: 0
15  4639.41   2.01924     32.5622   4543    	Dead: 0
16  4609.71   1.9398      31.2811   4518    	Dead: 0
17  4582.47   1.95713     31.5607   4490    	Dead: 0
18  4558.64   1.9516      31.4715   4472    	Dead: 0
19  4536.61   2.00618     32.3516   4443    	Dead: 0
20  4516.06   1.98209     31.9631   4421    	Dead: 0
21  4499.01   2.03256     32.777    4392    	Dead: 0
22  4481.17   2.0572      33.1744   4378    	Dead: 0
23  4462.7    2.10128     33.8852   4360    	Dead: 0
24  4446.81   2.12794     34.3152   4360    	Dead: 0
25  4431.16   2.24724     36.239    4337    	Dead: 0
26  4414.22   2.12931     34.3373   4325    	Dead: 0
27  4400.22   2.15145     34.6942   4311    	Dead: 0
28  4386.26   2.17953     35.1471   4279    	Dead: 0
29  4372.48   2.26091     36.4595   4279    	Dead: 0
30  4359.1    2.29858     37.0669   4273    	Dead: 0
31  4342.12   2.17968     35.1495   4254    	Dead: 0
32  4329.16   2.32505     37.4937   4236    	Dead: 0
33  4312.59   2.21856     35.7765   4210    	Dead: 0
34  4297.96   2.26672     36.5531   4200    	Dead: 0
35  4284.82   2.38149     38.4038   4186    	Dead: 0
36  4269.95   2.27037     36.612    4176    	Dead: 0
37  4257.78   2.38816     38.5114   4173    	Dead: 0
38  4243.55   2.2492      36.2706   4173    	Dead: 0
39  4232.94   2.36549     38.1459   4152    	Dead: 0
40  4220.53   2.40553     38.7917   4122    	Dead: 0
41  4209.02   2.51137     40.4984   4095    	Dead: 0
42  4193.93   2.40615     38.8016   4095    	Dead: 0
43  4178.4    2.38494     38.4595   4086    	Dead: 0
44  4164.48   2.45741     39.6282   4077    	Dead: 0
45  4149.65   2.38731     38.4978   4052    	Dead: 0
46  4136.27   2.46877     39.8114   4045    	Dead: 0
47  4124.83   2.45327     39.5615   4041    	Dead: 0
48  4116.08   2.39173     38.569    4020    	Dead: 0
49  4106.5    2.52472     40.7136   4002    	Dead: 0
50  4097.75   2.67479     43.1337   3993    	Dead: 0
51  4087.03   2.58121     41.6246   3993    	Dead: 0
52  4076.83   2.59313     41.8167   3986    	Dead: 0
53  4065.51   2.60037     41.9336   3976    	Dead: 0
54  4055.57   2.61167     42.1157   3972    	Dead: 0
55  4044      2.54441     41.0312   3957    	Dead: 0
56  4034.68   2.55213     41.1557   3927    	Dead: 0
57  4024.68   2.55475     41.1979   3927    	Dead: 0
58  4018.69   2.67927     43.2059   3916    	Dead: 0
59  4011.2    2.6859      43.3128   3916    	Dead: 0
60  4001.69   2.54346     41.0159   3906    	Dead: 0
61  3993.12   2.62789     42.3773   3900    	Dead: 0
62  3979.68   2.47792     39.9589   3887    	Dead: 0
63  3969.95   2.47558     39.9212   3887    	Dead: 0
64  3960.28   2.5204      40.644    3846    	Dead: 0
65  3948.39   2.63824     42.5443   3842    	Dead: 0
66  3936.99   2.69547     43.4671   3842    	Dead: 0
67  3925.64   2.75534     44.4326   3842    	Dead: 0
68  3918.5    2.83637     45.7393   3822    	Dead: 0
69  3907.69   2.82458     45.5492   3813    	Dead: 0
70  3900.07   2.87081     46.2947   3813    	Dead: 0
71  3893.33   2.88039     46.4492   3791    	Dead: 0
72  3885.29   2.92715     47.2032   3791    	Dead: 0
73  3880.63   3.09434     49.8993   3788    	Dead: 0
74  3873.88   3.12922     50.4618   3765    	Dead: 0
75  3868.9    3.25811     52.5402   3765    	Dead: 0
76  3863.45   3.11459     50.2258   3760    	Dead: 0
77  3858.65   3.24516     52.3315   3760    	Dead: 0
78  3852.16   3.30299     53.264    3760    	Dead: 0
79  3846.86   3.31984     53.5357   3760    	Dead: 0
80  3844.19   3.35667     54.1297   3760    	Dead: 0
81  3840.92   3.48798     56.2472   3760    	Dead: 0
82  3837.71   3.49956     56.4338   3747    	Dead: 0
83  3833.05   3.45684     55.745    3742    	Dead: 0
84  3830.56   3.45512     55.7173   3733    	Dead: 0
85  3827.74   3.60656     58.1593   3731    	Dead: 0
86  3824.26   3.49671     56.388    3731    	Dead: 0
87  3820.99   3.57147     57.5936   3731    	Dead: 0
88  3820.52   3.68203     59.3764   3731    	Dead: 0
89  3814.65   3.53551     57.0136   3731    	Dead: 0
90  3814.24   3.70276     59.7108   3731    	Dead: 0
91  3812.62   3.64349     58.7549   3731    	Dead: 0
92  3810.7    3.6971      59.6194   3725    	Dead: 0
93  3810.14   3.77379     60.8561   3725    	Dead: 0
94  3807.34   3.77942     60.947    3725    	Dead: 0
95  3804.16   3.78738     61.0753   3725    	Dead: 0
96  3803.42   3.84436     61.9941   3725    	Dead: 0
97  3798.16   3.78898     61.1012   3705    	Dead: 0
98  3794.96   3.77784     60.9215   3705    	Dead: 0
99  3791.83   3.68002     59.344    3705    	Dead: 0
100 3792.84   3.81227     61.4766   3705    	Dead: 0
