0   5651.39   2.95707     47.6858   5486    	Dead: 0
1   5421.02   2.72251     43.9031   5264    	Dead: 0
2   5183.46   2.79796     45.1199   5056    	Dead: 0
3   5024.07   2.0095      32.4053   4915    	Dead: 0
4   4935.63   2.07297     33.4287   4826    	Dead: 0
5   4842.55   2.06372     33.2796   4745    	Dead: 0
6   4768.58   2.00473     32.3283   4682    	Dead: 0
7   4705.06   2.07571     33.4729   4598    	Dead: 0
8   4634.31   2.04831     33.0311   4499    	Dead: 0
9   4561.75   2.04803     33.0265   4463    	Dead: 0
10  4499.37   2.04412     32.9634   4378    	Dead: 0
11  4444.75   2.02153     32.5992   4357    	Dead: 0
12  4403.89   2.11631     34.1276   4293    	Dead: 0
13  4360.37   2.08616     33.6415   4253    	Dead: 0
14  4320.3    2.21745     35.7587   4212    	Dead: 0
15  4285.18   2.20909     35.6238   4192    	Dead: 0
16  4252.64   2.1425      34.5499   4161    	Dead: 0
17  4231.89   2.2408      36.1351   4138    	Dead: 0
18  4208.23   2.38988     38.5393   4112    	Dead: 0
19  4184.88   2.30085     37.1036   4106    	Dead: 0
20  4164.97   2.29469     37.0042   4034    	Dead: 0
21  4147.46   2.35836     38.0309   4034    	Dead: 0
22  4130.12   2.35543     37.9837   4034    	Dead: 0
23  4116.19   2.45535     39.595    4019    	Dead: 0
24  4100.07   2.37345     38.2743   4008    	Dead: 0
25  4083.15   2.36015     38.0598   3995    	Dead: 0
26  4074.83   2.47695     39.9433   3994    	Dead: 0
27  4064.09   2.44572     39.4397   3993    	Dead: 0
28  4053.26   2.45057     39.5179   3974    	Dead: 0
29  4041.01   2.54492     41.0393   3937    	Dead: 0
30  4023.8    2.49017     40.1564   3934    	Dead: 0
31  4004.23   2.4513      39.5296   3889    	Dead: 0
32  3983.76   2.5145      40.5488   3889    	Dead: 0
33  3964.41   2.46652     39.7751   3849    	Dead: 0
34  3945.55   2.60434     41.9976   3837    	Dead: 0
35  3927.79   2.57802     41.5731   3821    	Dead: 0
36  3905.64   2.4621      39.7039   3819    	Dead: 0
37  3889.66   2.62217     42.2851   3806    	Dead: 0
38  3878.12   2.62777     42.3755   3790    	Dead: 0
39  3864.74   2.65766     42.8574   3778    	Dead: 0
40  3855.55   2.81473     45.3903   3763    	Dead: 0
41  3842.64   2.9376      47.3717   3731    	Dead: 0
42  3834.03   2.94885     47.5531   3729    	Dead: 0
43  3822.8    2.98665     48.1628   3721    	Dead: 0
44  3814.26   2.9786      48.033    3721    	Dead: 0
45  3803.14   3.01726     48.6564   3706    	Dead: 0
46  3791.71   3.06372     49.4055   3704    	Dead: 0
47  3779.47   2.97809     48.0246   3677    	Dead: 0
48  3775.32   3.2746      52.8062   3663    	Dead: 0
49  3768.27   3.29391     53.1175   3663    	Dead: 0
50  3757.77   3.18686     51.3914   3663    	Dead: 0
51  3749.2    3.19894     51.5861   3642    	Dead: 0
52  3738.69   3.11406     50.2173   3642    	Dead: 0
53  3731.83   3.16592     51.0536   3631    	Dead: 0
54  3724.01   3.19001     51.4421   3622    	Dead: 0
55  3717.09   3.17169     51.1466   3618    	Dead: 0
56  3710.08   3.08157     49.6933   3618    	Dead: 0
57  3705.16   3.32133     53.5598   3614    	Dead: 0
58  3697.91   3.19268     51.4851   3607    	Dead: 0
59  3694.5    3.36435     54.2534   3607    	Dead: 0
60  3686.52   3.16461     51.0326   3601    	Dead: 0
61  3684.79   3.30319     53.2672   3601    	Dead: 0
62  3681.04   3.36142     54.2063   3594    	Dead: 0
63  3676.22   3.24992     52.4083   3574    	Dead: 0
64  3677.5    3.54523     57.1703   3574    	Dead: 0
65  3671.63   3.46881     55.9381   3574    	Dead: 0
66  3671.96   3.545       57.1667   3574    	Dead: 0
67  3667.75   3.58019     57.7341   3574    	Dead: 0
68  3665.08   3.54743     57.2059   3572    	Dead: 0
69  3662.28   3.52939     56.915    3572    	Dead: 0
70  3660.29   3.64341     58.7536   3569    	Dead: 0
71  3657.59   3.72732     60.1067   3551    	Dead: 0
72  3653.41   3.73214     60.1845   3549    	Dead: 0
73  3651.26   3.81787     61.5669   3537    	Dead: 0
74  3650.3    3.94196     63.568    3537    	Dead: 0
75  3646.61   3.82487     61.6799   3537    	Dead: 0
76  3642.1    3.9233      63.2671   3528    	Dead: 0
77  3640.33   3.89472     62.8063   3520    	Dead: 0
78  3635.87   3.86244     62.2857   3520    	Dead: 0
79  3633.76   3.91403     63.1176   3520    	Dead: 0
80  3631.41   3.95598     63.7941   3520    	Dead: 0
81  3625.76   3.87308     62.4573   3520    	Dead: 0
82  3624.14   3.89146     62.7537   3520    	Dead: 0
83  3620.81   4.0192      64.8136   3511    	Dead: 0
84  3614.81   3.85259     62.1268   3511    	Dead: 0
85  3612.43   3.97676     64.1293   3510    	Dead: 0
86  3611.33   3.98325     64.2338   3500    	Dead: 0
87  3607.01   3.87815     62.539    3500    	Dead: 0
88  3603.85   4.02934     64.9772   3500    	Dead: 0
89  3600.55   4.01433     64.7352   3500    	Dead: 0
90  3599.24   4.00714     64.6192   3500    	Dead: 0
91  3592.06   3.86331     62.2998   3498    	Dead: 0
92  3589.13   4.05543     65.3978   3498    	Dead: 0
93  3585.14   3.93438     63.4458   3494    	Dead: 0
94  3584.52   4.03517     65.0711   3493    	Dead: 0
95  3579.82   3.98683     64.2916   3489    	Dead: 0
96  3577.2    4.03837     65.1228   3488    	Dead: 0
97  3575.67   4.11257     66.3193   3482    	Dead: 0
98  3570.61   4.01532     64.7511   3482    	Dead: 0
99  3569.5    4.14981     66.9198   3479    	Dead: 0
100 3569.2    4.29463     69.2552   3479    	Dead: 0
