0   5649.23   2.98636     48.1581   5474    	Dead: 0
1   5406.68   2.43708     39.3004   5269    	Dead: 0
2   5250.06   2.05789     33.1855   5104    	Dead: 0
3   5113.25   2.19439     35.3868   5004    	Dead: 0
4   4988.76   2.0117      32.4407   4889    	Dead: 0
5   4907.13   1.92794     31.0899   4814    	Dead: 0
6   4835.3    1.78045     28.7115   4740    	Dead: 0
7   4783.58   1.82718     29.465    4690    	Dead: 0
8   4730.41   1.92734     31.0802   4640    	Dead: 0
9   4676.3    1.84997     29.8325   4572    	Dead: 0
10  4621.11   1.97463     31.8429   4531    	Dead: 0
11  4558.26   1.79248     28.9056   4477    	Dead: 0
12  4511.42   1.90518     30.7229   4430    	Dead: 0
13  4464.17   1.99234     32.1284   4367    	Dead: 0
14  4411.35   2.01512     32.4959   4323    	Dead: 0
15  4375.05   1.95365     31.5046   4282    	Dead: 0
16  4344.06   1.94625     31.3852   4232    	Dead: 0
17  4309.7    2.0348      32.8132   4229    	Dead: 0
18  4287.22   2.14607     34.6075   4204    	Dead: 0
19  4259.28   2.10624     33.9653   4158    	Dead: 0
20  4229.3    2.07347     33.4368   4149    	Dead: 0
21  4202.87   2.02867     32.7143   4114    	Dead: 0
22  4182.2    2.17191     35.0242   4092    	Dead: 0
23  4155.96   2.13499     34.4289   4058    	Dead: 0
24  4130.41   2.16705     34.9459   4045    	Dead: 0
25  4110.94   2.0726      33.4228   4018    	Dead: 0
26  4093.32   2.24784     36.2487   4005    	Dead: 0
27  4081.13   2.28444     36.8388   4005    	Dead: 0
28  4067.77   2.27026     36.6102   3992    	Dead: 0
29  4053.61   2.35333     37.9498   3967    	Dead: 0
30  4035.42   2.33887     37.7167   3952    	Dead: 0
31  4013.93   2.24903     36.2678   3924    	Dead: 0
32  3999.43   2.32191     37.4431   3906    	Dead: 0
33  3981.93   2.2571      36.398    3901    	Dead: 0
34  3965.44   2.23451     36.0338   3893    	Dead: 0
35  3955.01   2.25522     36.3677   3878    	Dead: 0
36  3946.26   2.42942     39.1769   3867    	Dead: 0
37  3934.39   2.30404     37.1549   3863    	Dead: 0
38  3925.66   2.37574     38.3112   3859    	Dead: 0
39  3917.44   2.42881     39.167    3821    	Dead: 0
40  3909.94   2.36201     38.0897   3821    	Dead: 0
41  3902.53   2.41474     38.94     3807    	Dead: 0
42  3892.29   2.44306     39.3968   3807    	Dead: 0
43  3885.17   2.50267     40.3581   3807    	Dead: 0
44  3873.23   2.49642     40.2573   3796    	Dead: 0
45  3861.65   2.49626     40.2547   3773    	Dead: 0
46  3850.76   2.62032     42.2552   3773    	Dead: 0
47  3839.34   2.51865     40.6158   3767    	Dead: 0
48  3834.45   2.72364     43.9214   3740    	Dead: 0
49  3827.9    2.77166     44.6957   3736    	Dead: 0
50  3821.81   2.9529      47.6185   3730    	Dead: 0
51  3815.94   2.98846     48.1918   3717    	Dead: 0
52  3806.77   2.97901     48.0395   3717    	Dead: 0
53  3801.16   3.101       50.0067   3717    	Dead: 0
54  3794.69   3.02544     48.7882   3712    	Dead: 0
55  3789.05   2.98109     48.0731   3702    	Dead: 0
56  3784.91   3.06563     49.4364   3702    	Dead: 0
57  3782.7    3.08256     49.7093   3702    	Dead: 0
58  3776.6    2.97616     47.9935   3690    	Dead: 0
59  3774.39   2.95285     47.6177   3690    	Dead: 0
60  3767.9    3.06275     49.3899   3666    	Dead: 0
61  3762.84   3.07257     49.5483   3665    	Dead: 0
62  3757.69   3.24478     52.3254   3649    	Dead: 0
63  3750.3    3.10874     50.1315   3649    	Dead: 0
64  3742.2    3.16011     50.96     3645    	Dead: 0
65  3736.82   3.1581      50.9276   3645    	Dead: 0
66  3735.11   3.38217     54.5409   3645    	Dead: 0
67  3729.55   3.36092     54.1982   3645    	Dead: 0
68  3728.47   3.48576     56.2114   3645    	Dead: 0
69  3725.91   3.40297     54.8764   3642    	Dead: 0
70  3723.32   3.48706     56.2323   3642    	Dead: 0
71  3718.71   3.39823     54.7999   3629    	Dead: 0
72  3715.73   3.36917     54.3312   3615    	Dead: 0
73  3713.96   3.37453     54.4176   3615    	Dead: 0
74  3715.21   3.51468     56.6778   3615    	Dead: 0
75  3710.89   3.34333     53.9146   3615    	Dead: 0
76  3711.69   3.63019     58.5405   3608    	Dead: 0
77  3707.76   3.61634     58.3172   3608    	Dead: 0
78  3705.39   3.64031     58.7036   3608    	Dead: 0
79  3703.07   3.64917     58.8465   3608    	Dead: 0
80  3697.5    3.63892     58.6812   3608    	Dead: 0
81  3695.29   3.63332     58.5908   3605    	Dead: 0
82  3691.82   3.69194     59.5362   3585    	Dead: 0
83  3685.16   3.55016     57.2499   3585    	Dead: 0
84  3683.27   3.63901     58.6827   3585    	Dead: 0
85  3681.38   3.8076      61.4014   3585    	Dead: 0
86  3677.39   3.80849     61.4157   3585    	Dead: 0
87  3675.33   3.80959     61.4334   3585    	Dead: 0
88  3670.23   3.65631     58.9617   3577    	Dead: 0
89  3669.94   3.71726     59.9445   3577    	Dead: 0
90  3667.09   3.82742     61.721    3577    	Dead: 0
91  3663.84   3.87474     62.484    3569    	Dead: 0
92  3657.86   3.67222     59.2183   3569    	Dead: 0
93  3658.26   3.9023      62.9285   3550    	Dead: 0
94  3653.12   3.83852     61.9      3550    	Dead: 0
95  3654.81   4.01967     64.8212   3550    	Dead: 0
96  3650.03   3.92804     63.3436   3550    	Dead: 0
97  3645.82   3.89642     62.8337   3542    	Dead: 0
98  3645.86   3.97098     64.036    3542    	Dead: 0
99  3644.72   4.06575     65.5643   3542    	Dead: 0
100 3640.36   3.94092     63.5513   3542    	Dead: 0
