0   24.488    0.20581     3.31889   39.4    
1   43.5546   0.369206    5.95381   69.8    
2   84.8794   0.858334    13.8415   148.8   
3   123.996   1.13018     18.2253   187     
4   139.982   1.36757     22.0535   206.2   
5   146.836   1.46101     23.5602   206.2   
6   150.174   1.57265     25.3606   209.2   
7   151.499   1.65537     26.6946   212     
8   153.246   1.64863     26.5858   212     
9   153.596   1.72438     27.8073   212     
10  153.77    1.77135     28.5648   212     
11  153.613   1.78858     28.8426   212     
12  154.735   1.79442     28.9368   212     
13  156.058   1.79993     29.0257   212     
14  156.012   1.85005     29.834    212     
15  155.163   1.91142     30.8236   212     
16  155.942   1.88426     30.3855   212     
17  156.358   1.84694     29.7838   212     
18  155.806   1.9116      30.8264   215.2   
19  156.679   1.88814     30.4481   215.2   
20  157.27    1.91915     30.9483   215.2   
21  156.849   1.91612     30.8993   215.2   
22  157.181   1.9269      31.0732   215.2   
23  156.01    1.97342     31.8234   215.2   
24  157.348   1.88645     30.421    215.2   
25  157.869   1.88709     30.4312   215.2   
26  157.068   1.9426      31.3263   215.2   
27  157.437   1.93267     31.1662   215.2   
28  158.269   1.91367     30.8599   215.2   
29  157.581   1.9454      31.3715   215.2   
30  158.212   1.92386     31.0241   220     
31  158.418   1.93935     31.2739   220     
32  158.107   1.95545     31.5336   220     
33  158.684   1.92015     30.9644   221.2   
34  158.152   1.92939     31.1134   221.2   
35  157.956   1.96937     31.7581   221.2   
36  158.556   1.9587      31.586    221.2   
37  158.011   1.96505     31.6885   221.2   
38  157.97    2.00497     32.3322   221.2   
39  158.411   1.99424     32.1592   221.2   
40  158.263   2.00674     32.3607   221.2   
41  157.56    2.0145      32.4859   221.2   
42  159.006   1.93118     31.1422   221.2   
43  159.454   1.99768     32.2145   221.2   
44  157.693   2.03855     32.8736   221.2   
45  159.834   1.92983     31.1204   221.2   
46  157.053   2.07066     33.3914   221.2   
47  158.873   1.99742     32.2104   221.2   
48  158.687   2.02068     32.5856   221.2   
49  158.752   2.01691     32.5248   221.2   
50  158.588   1.97975     31.9255   221.2   
51  158.741   2.0314      32.7583   221.2   
52  159.212   1.95952     31.5992   221.2   
53  159.13    2.01246     32.453    221.2   
54  159.086   2.01622     32.5136   221.2   
55  159.098   1.99091     32.1055   221.2   
56  159.578   2.01207     32.4466   221.2   
57  158.127   2.05041     33.065    221.2   
58  158.048   2.02647     32.6789   221.2   
59  158.942   1.98487     32.008    221.2   
60  159.336   1.97967     31.9242   221.2   
61  158.679   2.01204     32.4461   221.2   
62  158.849   2.02405     32.6398   221.2   
63  158.368   2.09277     33.748    221.2   
64  160.676   2.01147     32.4369   221.2   
65  160.456   2.04227     32.9337   221.2   
66  159.781   2.07068     33.3918   221.2   
67  158.561   2.07418     33.4483   221.4   
68  159.646   2.01052     32.4216   221.4   
69  160.381   1.98985     32.0883   221.4   
70  159.633   2.05123     33.0781   221.4   
71  158.772   2.07421     33.4486   221.4   
72  159.051   2.0763      33.4823   221.4   
73  159.812   1.96628     31.7083   221.4   
74  159.403   2.02131     32.5957   221.4   
75  159.02    2.04983     33.0555   227     
76  159.53    2.07855     33.5187   227     
77  160.209   2.04162     32.9232   227     
78  159.478   2.07651     33.4857   227     
79  159.508   2.03097     32.7514   227     
80  160.051   2.05197     33.09     227     
81  159.961   2.05993     33.2184   227     
82  159.045   2.10857     34.0028   227     
83  160.284   2.04733     33.0153   227     
84  159.493   2.05014     33.0605   227     
85  158.953   2.0965      33.8081   227     
86  159.956   2.04433     32.9669   227     
87  160.225   2.04808     33.0273   227     
88  160.946   2.02986     32.7335   227     
89  160.977   2.0631      33.2696   227     
90  160.249   2.05414     33.1251   227     
91  160.34    2.04709     33.0114   227     
92  160.688   2.07912     33.5278   227     
93  159.703   2.11328     34.0787   227     
94  160.33    2.09135     33.725    227     
95  160.75    2.0333      32.789    227     
96  161.092   2.03299     32.784    227     
97  159.568   2.05328     33.1112   227     
98  160.089   2.06844     33.3557   227     
99  160.811   2.01091     32.428    227     
100 160.748   2.06338     33.274    227     
