0   24.5292   0.20539     3.31213   38.6    
1   54.3984   0.450642    7.26705   83.6    
2   99.4262   0.892107    14.3861   163.8   
3   126.101   1.22279     19.7188   180.8   
4   137.593   1.34542     21.6962   193.4   
5   144.199   1.47767     23.8289   193.4   
6   146.053   1.59388     25.7029   207.8   
7   149.298   1.6501      26.6095   207.8   
8   151.454   1.66013     26.7712   207.8   
9   152.257   1.78251     28.7448   207.8   
10  154.196   1.71544     27.6631   207.8   
11  154.286   1.72875     27.8778   208.4   
12  153.734   1.77685     28.6535   208.4   
13  154.69    1.7924      28.9043   209.2   
14  155.389   1.81509     29.2702   218.6   
15  155.627   1.86648     30.0988   218.6   
16  154.191   1.88695     30.4289   218.6   
17  155.509   1.84589     29.7668   218.6   
18  155.404   1.90931     30.7896   218.6   
19  156.051   1.89593     30.5737   218.6   
20  156.438   1.89468     30.5536   218.6   
21  157.014   1.85551     29.9219   218.6   
22  156.473   1.85089     29.8474   218.6   
23  155.418   1.9325      31.1635   218.6   
24  155.871   1.89584     30.5723   218.6   
25  156.84    1.9051      30.7217   218.6   
26  157.725   1.88783     30.4432   218.6   
27  156.76    1.93721     31.2394   218.6   
28  157.516   1.93019     31.1263   218.6   
29  157.241   1.91155     30.8256   218.6   
30  157.411   1.92161     30.9878   218.6   
31  156.994   1.95173     31.4736   218.6   
32  157.934   1.9365      31.228    218.6   
33  157.436   1.93891     31.2668   218.6   
34  157.577   1.90986     30.7985   218.6   
35  157.816   1.96563     31.6978   218.6   
36  158.469   1.95343     31.501    218.6   
37  158.128   1.98677     32.0386   218.6   
38  158.096   1.9952      32.1745   218.6   
39  157.044   2.01555     32.5028   218.6   
40  158.664   1.9737      31.8279   218.6   
41  158.16    1.99366     32.1497   218.6   
42  158.434   1.93287     31.1695   218.6   
43  159.278   1.9284      31.0974   218.6   
44  157.717   1.99035     32.0964   218.6   
45  158.539   1.93734     31.2416   218.6   
46  158.796   1.93717     31.2387   218.6   
47  156.828   1.99827     32.2241   221.8   
48  158.942   1.9252      31.0458   221.8   
49  159.101   1.94729     31.402    221.8   
50  159.023   1.99879     32.2325   221.8   
51  158.56    1.93094     31.1383   221.8   
52  158.773   2.00889     32.3954   221.8   
53  158.683   2.02625     32.6753   221.8   
54  158.3     2.0314      32.7583   221.8   
55  160.336   1.95231     31.483    221.8   
56  158.856   1.98072     31.9411   221.8   
57  158.432   2.01177     32.4418   221.8   
58  159.82    1.95836     31.5804   221.8   
59  158.788   2.00228     32.2888   221.8   
60  159.8     1.97378     31.8293   221.8   
61  160.464   1.95777     31.5709   221.8   
62  160.223   1.96495     31.6868   221.8   
63  159.599   1.98863     32.0687   221.8   
64  158.782   2.05893     33.2022   221.8   
65  159.727   2.03886     32.8786   221.8   
66  159.819   2.05268     33.1015   223     
67  159.628   1.99707     32.2048   223     
68  159.504   2.02816     32.706    223     
69  159.113   2.06502     33.3004   223     
70  160.437   2.03813     32.8669   223     
71  159.407   2.07121     33.4003   223     
72  158.676   2.0633      33.2728   223     
73  159.831   2.08137     33.5642   223     
74  159.487   2.08674     33.6508   223     
75  161.394   1.99654     32.1962   223     
76  160.418   2.00376     32.3127   223     
77  159.9     2.05619     33.1582   223     
78  161.436   2.01764     32.5364   223     
79  161.652   1.97359     31.8262   223     
80  159.835   2.01243     32.4525   223     
81  160.925   2.00063     32.2621   223     
82  160.299   2.06172     33.2472   223     
83  159.649   2.09676     33.8124   223     
84  159.391   2.03687     32.8466   223     
85  160.026   2.03022     32.7394   223     
86  160.176   2.03833     32.8701   223     
87  160.462   2.05797     33.1869   223     
88  160.78    2.03449     32.8083   223     
89  160.446   2.07825     33.5139   223     
90  160.842   2.04454     32.9703   223     
91  161.513   2.01885     32.5559   225     
92  160.191   2.07634     33.4831   225     
93  160.754   2.06063     33.2297   225     
94  161.025   2.06545     33.3074   225     
95  161.271   2.06304     33.2685   225     
96  160.492   2.05457     33.1319   225     
97  161.397   2.02613     32.6733   225     
98  161.187   2.07519     33.4645   225     
99  160.735   2.10652     33.9697   225     
100 160.228   2.09808     33.8336   225     
