0   5051      3.95558     63.7877   4841    	Dead: 0
1   4774.36   3.02916     48.8483   4606    	Dead: 0
2   4590.31   2.66222     42.9309   4464    	Dead: 0
3   4470.86   2.36322     38.1093   4359    	Dead: 0
4   4366.78   2.32637     37.515    4267    	Dead: 0
5   4271.88   2.28721     36.8836   4148    	Dead: 0
6   4207.88   2.2516      36.3094   4114    	Dead: 0
7   4158.95   2.09021     33.7068   4072    	Dead: 0
8   4119.78   2.25015     36.2859   4017    	Dead: 0
9   4081.07   2.10525     33.9493   3992    	Dead: 0
10  4053.35   2.14801     34.6387   3980    	Dead: 0
11  4027.14   2.00141     32.2748   3929    	Dead: 0
12  4002.31   2.067       33.3324   3908    	Dead: 0
13  3981.03   2.07388     33.4433   3908    	Dead: 0
14  3963.58   2.2116      35.6642   3890    	Dead: 0
15  3945.91   2.15314     34.7216   3870    	Dead: 0
16  3933.66   2.22461     35.8741   3859    	Dead: 0
17  3925.6    2.27632     36.7079   3852    	Dead: 0
18  3914.2    2.37139     38.241    3846    	Dead: 0
19  3902.61   2.25631     36.3853   3834    	Dead: 0
20  3894.11   2.37555     38.3081   3814    	Dead: 0
21  3886.69   2.43633     39.2882   3809    	Dead: 0
22  3883.05   2.5044      40.386    3799    	Dead: 0
23  3876.59   2.48969     40.1488   3796    	Dead: 0
24  3871.47   2.51967     40.6322   3796    	Dead: 0
25  3866.38   2.60332     41.9811   3794    	Dead: 0
26  3864.86   2.74526     44.27     3784    	Dead: 0
27  3858.66   2.71243     43.7406   3777    	Dead: 0
28  3856.33   2.7715      44.6933   3777    	Dead: 0
29  3852.67   2.8102      45.3173   3760    	Dead: 0
30  3849.06   2.87916     46.4294   3760    	Dead: 0
31  3844.77   2.88097     46.4585   3760    	Dead: 0
32  3838.8    2.77444     44.7406   3745    	Dead: 0
33  3834.56   2.89024     46.608    3745    	Dead: 0
34  3829.28   3.0227      48.7441   3740    	Dead: 0
35  3824.42   3.12474     50.3896   3719    	Dead: 0
36  3820.73   3.26875     52.7118   3719    	Dead: 0
37  3814.33   3.26066     52.5814   3719    	Dead: 0
38  3811.27   3.39396     54.731    3719    	Dead: 0
39  3806.2    3.51114     56.6206   3719    	Dead: 0
40  3805.43   3.6212      58.3954   3716    	Dead: 0
41  3800.24   3.53384     56.9867   3706    	Dead: 0
42  3798      3.54111     57.104    3706    	Dead: 0
43  3797.53   3.59566     57.9836   3704    	Dead: 0
44  3795.79   3.77071     60.8065   3704    	Dead: 0
45  3791.92   3.7094      59.8178   3694    	Dead: 0
46  3792      3.92349     63.2701   3694    	Dead: 0
47  3788.81   3.94707     63.6504   3694    	Dead: 0
48  3784.81   4.0583      65.4442   3693    	Dead: 0
49  3782.94   4.06115     65.4901   3688    	Dead: 0
50  3783.74   4.18979     67.5646   3688    	Dead: 0
51  3782.05   4.11367     66.3371   3688    	Dead: 0
52  3775.99   4.06404     65.5368   3685    	Dead: 0
53  3774.91   4.09023     65.959    3685    	Dead: 0
54  3775.48   4.23351     68.2696   3685    	Dead: 0
55  3775      4.2036      67.7873   3678    	Dead: 0
56  3771.45   4.3302      69.8289   3678    	Dead: 0
57  3768.57   4.33472     69.9017   3676    	Dead: 0
58  3768.58   4.42429     71.346    3673    	Dead: 0
59  3767.15   4.37202     70.5031   3671    	Dead: 0
60  3765.28   4.4907      72.417    3671    	Dead: 0
61  3762.45   4.55777     73.4986   3671    	Dead: 0
62  3760.64   4.58299     73.9054   3671    	Dead: 0
63  3760.11   4.57375     73.7563   3671    	Dead: 0
64  3758.72   4.64703     74.938    3671    	Dead: 0
65  3758.06   4.86498     78.4526   3662    	Dead: 0
66  3754.75   4.71327     76.0062   3655    	Dead: 0
67  3754.28   4.84407     78.1155   3655    	Dead: 0
68  3751.24   4.90733     79.1356   3655    	Dead: 0
69  3751.53   5.03986     81.2728   3653    	Dead: 0
70  3750.24   4.9787      80.2865   3653    	Dead: 0
71  3743.81   4.86797     78.5009   3653    	Dead: 0
72  3748.17   5.162       83.2424   3653    	Dead: 0
73  3743.52   5.12899     82.7102   3653    	Dead: 0
74  3740.96   5.1208      82.578    3653    	Dead: 0
75  3741.62   5.28528     85.2304   3648    	Dead: 0
76  3738.74   5.28703     85.2586   3648    	Dead: 0
77  3736.18   5.24778     84.6257   3646    	Dead: 0
78  3736.89   5.27851     85.1213   3642    	Dead: 0
79  3738.27   5.41505     87.3231   3641    	Dead: 0
80  3733.58   5.47557     88.299    3638    	Dead: 0
81  3733.99   5.36643     86.539    3633    	Dead: 0
82  3731.63   5.38631     86.8597   3629    	Dead: 0
83  3728.36   5.3665      86.5402   3629    	Dead: 0
84  3730.45   5.53131     89.1978   3629    	Dead: 0
85  3729.91   5.51882     88.9965   3629    	Dead: 0
86  3725.75   5.40728     87.1978   3622    	Dead: 0
87  3725.16   5.52837     89.1504   3622    	Dead: 0
88  3722.6    5.53095     89.1921   3622    	Dead: 0
89  3722.41   5.48994     88.5307   3622    	Dead: 0
90  3721.18   5.53294     89.2242   3619    	Dead: 0
91  3717.04   5.41844     87.3778   3619    	Dead: 0
92  3718.39   5.62817     90.7599   3619    	Dead: 0
93  3719.75   5.79223     93.4055   3614    	Dead: 0
94  3713.4    5.62785     90.7547   3614    	Dead: 0
95  3716.26   5.86518     94.5819   3611    	Dead: 0
96  3713.45   5.70027     91.9226   3611    	Dead: 0
97  3709.77   5.74674     92.672    3611    	Dead: 0
98  3713.16   5.71441     92.1505   3611    	Dead: 0
99  3714.93   5.89063     94.9922   3611    	Dead: 0
100 3714.76   5.9568      96.0594   3606    	Dead: 0
