0   5047.42   3.92062     63.224    4810    	Dead: 0
1   4781.65   3.0406      49.0328   4556    	Dead: 0
2   4606.97   2.60182     41.957    4477    	Dead: 0
3   4469.13   2.43019     39.1893   4327    	Dead: 0
4   4367.39   2.59503     41.8475   4250    	Dead: 0
5   4286.47   2.46514     39.7529   4164    	Dead: 0
6   4209.98   2.27397     36.67     4094    	Dead: 0
7   4163.73   2.22116     35.8184   4043    	Dead: 0
8   4123.46   2.12289     34.2337   4043    	Dead: 0
9   4095.51   2.35659     38.0024   3997    	Dead: 0
10  4053.28   2.17484     35.0715   3961    	Dead: 0
11  4026.96   2.16371     34.8919   3943    	Dead: 0
12  4003.19   2.24697     36.2346   3919    	Dead: 0
13  3979.56   2.17207     35.0268   3901    	Dead: 0
14  3960.08   2.32358     37.47     3874    	Dead: 0
15  3938.98   2.36428     38.1263   3850    	Dead: 0
16  3923.28   2.46733     39.7882   3815    	Dead: 0
17  3913.38   2.5629      41.3293   3815    	Dead: 0
18  3902.71   2.54927     41.1095   3815    	Dead: 0
19  3894.06   2.73986     44.183    3815    	Dead: 0
20  3883.8    2.70783     43.6664   3799    	Dead: 0
21  3877.58   2.87856     46.4197   3773    	Dead: 0
22  3868.36   2.74124     44.2052   3773    	Dead: 0
23  3861.87   2.85165     45.9857   3773    	Dead: 0
24  3854.15   2.79513     45.0743   3773    	Dead: 0
25  3845.76   2.82542     45.5628   3748    	Dead: 0
26  3841.39   2.98913     48.2028   3748    	Dead: 0
27  3835.47   3.00125     48.3982   3748    	Dead: 0
28  3828.59   2.89366     46.6631   3748    	Dead: 0
29  3823.16   2.89752     46.7255   3724    	Dead: 0
30  3818.46   2.98607     48.1534   3724    	Dead: 0
31  3816.51   3.015       48.6199   3724    	Dead: 0
32  3811.75   3.06726     49.4627   3724    	Dead: 0
33  3810.12   3.07735     49.6254   3724    	Dead: 0
34  3807.33   3.0297      48.8569   3719    	Dead: 0
35  3807.32   3.25722     52.526    3719    	Dead: 0
36  3807.12   3.39471     54.7431   3719    	Dead: 0
37  3803.24   3.3552      54.1059   3715    	Dead: 0
38  3802.2    3.36782     54.3095   3715    	Dead: 0
39  3801.01   3.4777      56.0814   3715    	Dead: 0
40  3797.07   3.34826     53.994    3715    	Dead: 0
41  3797.7    3.55429     57.3165   3714    	Dead: 0
42  3794.64   3.46277     55.8406   3714    	Dead: 0
43  3794.05   3.57806     57.6998   3710    	Dead: 0
44  3793.15   3.59803     58.0218   3710    	Dead: 0
45  3789.72   3.40834     54.9629   3710    	Dead: 0
46  3791.66   3.59574     57.9849   3710    	Dead: 0
47  3788.91   3.53515     57.0079   3706    	Dead: 0
48  3788.13   3.62068     58.387    3698    	Dead: 0
49  3787.64   3.63726     58.6545   3698    	Dead: 0
50  3785.25   3.63217     58.5724   3694    	Dead: 0
51  3784.11   3.65094     58.875    3692    	Dead: 0
52  3780.07   3.63802     58.6667   3692    	Dead: 0
53  3779.99   3.65855     58.9978   3692    	Dead: 0
54  3779.46   3.78027     60.9606   3692    	Dead: 0
55  3778.95   3.72767     60.1123   3692    	Dead: 0
56  3775.64   3.73332     60.2035   3692    	Dead: 0
57  3774.42   3.75657     60.5784   3689    	Dead: 0
58  3773.97   3.8375      61.8835   3689    	Dead: 0
59  3773.05   3.80117     61.2976   3689    	Dead: 0
60  3773.53   3.90146     62.915    3666    	Dead: 0
61  3771.51   3.85375     62.1456   3666    	Dead: 0
62  3768.38   3.73797     60.2785   3666    	Dead: 0
63  3769.08   3.94889     63.6798   3666    	Dead: 0
64  3769.73   3.99592     64.4381   3666    	Dead: 0
65  3764.45   3.89749     62.8509   3666    	Dead: 0
66  3763.86   3.96074     63.8709   3666    	Dead: 0
67  3762.99   4.01988     64.8245   3663    	Dead: 0
68  3762.23   3.93524     63.4597   3662    	Dead: 0
69  3761.68   4.08101     65.8104   3656    	Dead: 0
70  3758.01   3.95303     63.7465   3656    	Dead: 0
71  3761.83   4.22451     68.1244   3656    	Dead: 0
72  3757.82   4.12285     66.4852   3656    	Dead: 0
73  3757.91   4.2484      68.5098   3653    	Dead: 0
74  3758.34   4.28973     69.1763   3653    	Dead: 0
75  3761.72   4.54196     73.2437   3653    	Dead: 0
76  3756.41   4.40661     71.061    3653    	Dead: 0
77  3755.74   4.42131     71.2981   3653    	Dead: 0
78  3751.57   4.4392      71.5865   3653    	Dead: 0
79  3750.13   4.5727      73.7393   3643    	Dead: 0
80  3750.26   4.6604      75.1535   3643    	Dead: 0
81  3746.63   4.71161     75.9794   3643    	Dead: 0
82  3745.79   4.68736     75.5884   3643    	Dead: 0
83  3745.13   4.75637     76.7012   3643    	Dead: 0
84  3742.86   4.73749     76.3968   3643    	Dead: 0
85  3741.24   4.76089     76.7742   3643    	Dead: 0
86  3741.18   4.79019     77.2466   3641    	Dead: 0
87  3745.41   4.91237     79.2168   3641    	Dead: 0
88  3741.94   4.84733     78.1681   3641    	Dead: 0
89  3741.42   4.90113     79.0356   3632    	Dead: 0
90  3742.19   4.99464     80.5436   3632    	Dead: 0
91  3738.94   4.93101     79.5175   3632    	Dead: 0
92  3740.05   4.93251     79.5417   3632    	Dead: 0
93  3735.75   4.83463     77.9632   3632    	Dead: 0
94  3737.49   4.98848     80.4443   3632    	Dead: 0
95  3734.89   5.08682     82.0301   3627    	Dead: 0
96  3734.35   4.9786      80.2849   3627    	Dead: 0
97  3733.58   5.11522     82.4881   3627    	Dead: 0
98  3735.6    5.1699      83.3699   3627    	Dead: 0
99  3733      5.10106     82.2597   3619    	Dead: 0
100 3732.93   5.12572     82.6573   3619    	Dead: 0
