0   5045.52   3.70405     59.7316   4868    	Dead: 0
1   4770.65   3.21867     51.9043   4619    	Dead: 0
2   4573.65   2.74357     44.2428   4430    	Dead: 0
3   4437.06   2.40225     38.7386   4302    	Dead: 0
4   4332.75   2.31716     37.3666   4210    	Dead: 0
5   4242.63   2.22812     35.9306   4115    	Dead: 0
6   4178.51   2.09671     33.8116   4080    	Dead: 0
7   4139.57   2.17006     34.9943   4054    	Dead: 0
8   4108.03   2.21514     35.7213   4028    	Dead: 0
9   4077.18   2.19583     35.41     3994    	Dead: 0
10  4054.93   2.20526     35.562    3973    	Dead: 0
11  4037.56   2.39311     38.5913   3944    	Dead: 0
12  4019.72   2.40892     38.8462   3931    	Dead: 0
13  4005.41   2.48704     40.106    3923    	Dead: 0
14  3992.93   2.54937     41.1112   3902    	Dead: 0
15  3982.54   2.60735     42.0461   3895    	Dead: 0
16  3973.55   2.61116     42.1075   3895    	Dead: 0
17  3966.15   2.65686     42.8445   3895    	Dead: 0
18  3955.92   2.64067     42.5835   3859    	Dead: 0
19  3947.08   2.68626     43.3187   3859    	Dead: 0
20  3936.62   2.55096     41.1367   3855    	Dead: 0
21  3928.72   2.67545     43.1444   3836    	Dead: 0
22  3917.91   2.6556      42.8241   3830    	Dead: 0
23  3904.93   2.45126     39.529    3821    	Dead: 0
24  3899.82   2.70991     43.7001   3816    	Dead: 0
25  3891.3    2.59416     41.8334   3765    	Dead: 0
26  3882.51   2.7341      44.0901   3765    	Dead: 0
27  3875      2.82485     45.5536   3764    	Dead: 0
28  3869.47   2.98525     48.1402   3764    	Dead: 0
29  3860.01   2.96075     47.7451   3758    	Dead: 0
30  3852.54   3.12978     50.4709   3758    	Dead: 0
31  3845.77   3.14386     50.698    3739    	Dead: 0
32  3838.65   3.29542     53.1419   3739    	Dead: 0
33  3831.9    3.32492     53.6177   3724    	Dead: 0
34  3826.33   3.48419     56.1861   3724    	Dead: 0
35  3821.46   3.54046     57.0934   3716    	Dead: 0
36  3818.08   3.60158     58.0791   3716    	Dead: 0
37  3812.17   3.68772     59.4681   3711    	Dead: 0
38  3811.03   3.76409     60.6997   3711    	Dead: 0
39  3805.61   3.82131     61.6224   3711    	Dead: 0
40  3803.14   3.77655     60.9006   3708    	Dead: 0
41  3801.36   3.93079     63.3879   3708    	Dead: 0
42  3798.43   3.89225     62.7664   3705    	Dead: 0
43  3795.87   3.95217     63.7327   3705    	Dead: 0
44  3792.45   3.94096     63.5519   3705    	Dead: 0
45  3791.66   4.07856     65.7708   3686    	Dead: 0
46  3791.25   4.16661     67.1908   3686    	Dead: 0
47  3790.59   4.25461     68.6099   3685    	Dead: 0
48  3793.2    4.33654     69.9311   3685    	Dead: 0
49  3787.89   4.32426     69.733    3685    	Dead: 0
50  3789.01   4.35635     70.2504   3685    	Dead: 0
51  3783.36   4.30653     69.447    3685    	Dead: 0
52  3780.97   4.30605     69.4394   3671    	Dead: 0
53  3778.78   4.32688     69.7753   3671    	Dead: 0
54  3781.93   4.43835     71.5728   3671    	Dead: 0
55  3778.61   4.35583     70.2421   3671    	Dead: 0
56  3777.98   4.45281     71.806    3671    	Dead: 0
57  3774.78   4.4713      72.1041   3671    	Dead: 0
58  3774.67   4.40433     71.0242   3666    	Dead: 0
59  3771.83   4.5092      72.7154   3666    	Dead: 0
60  3770.91   4.5999      74.1781   3666    	Dead: 0
61  3771.44   4.58529     73.9423   3666    	Dead: 0
62  3768.86   4.59621     74.1185   3666    	Dead: 0
63  3769.28   4.69048     75.6387   3653    	Dead: 0
64  3766.16   4.64676     74.9337   3653    	Dead: 0
65  3766.23   4.76092     76.7746   3653    	Dead: 0
66  3763.84   4.77682     77.031    3639    	Dead: 0
67  3764.94   4.62695     74.6142   3639    	Dead: 0
68  3762.55   4.73813     76.407    3639    	Dead: 0
69  3764.74   4.9769      80.2575   3639    	Dead: 0
70  3764.91   4.91042     79.1854   3639    	Dead: 0
71  3762.04   4.83904     78.0344   3639    	Dead: 0
72  3760.99   4.9723      80.1832   3639    	Dead: 0
73  3758.41   5.01561     80.8817   3639    	Dead: 0
74  3759.23   5.05758     81.5586   3639    	Dead: 0
75  3754.97   5.02528     81.0377   3639    	Dead: 0
76  3757.97   5.18437     83.6032   3639    	Dead: 0
77  3752.5    5.38257     86.7993   3635    	Dead: 0
78  3749.16   5.31443     85.7006   3635    	Dead: 0
79  3745.07   5.41063     87.2518   3635    	Dead: 0
80  3744.93   5.49445     88.6035   3625    	Dead: 0
81  3745.87   5.45626     87.9876   3625    	Dead: 0
82  3741.64   5.45569     87.9785   3625    	Dead: 0
83  3743.68   5.61904     90.6127   3625    	Dead: 0
84  3739.03   5.54066     89.3486   3625    	Dead: 0
85  3738.35   5.64073     90.9624   3624    	Dead: 0
86  3740.6    5.79198     93.4015   3624    	Dead: 0
87  3741.22   5.67755     91.5562   3624    	Dead: 0
88  3737.48   5.71876     92.2207   3624    	Dead: 0
89  3735.64   5.67975     91.5916   3624    	Dead: 0
90  3737.04   5.75778     92.85     3621    	Dead: 0
91  3738.03   5.77426     93.1156   3620    	Dead: 0
92  3736.36   5.66033     91.2785   3620    	Dead: 0
93  3736.45   5.73116     92.4207   3620    	Dead: 0
94  3737.02   5.77868     93.187    3619    	Dead: 0
95  3735.97   5.80679     93.6402   3619    	Dead: 0
96  3733.43   5.7225      92.2811   3619    	Dead: 0
97  3731.71   5.71728     92.1969   3619    	Dead: 0
98  3732.39   5.86412     94.5648   3617    	Dead: 0
99  3734.45   5.7646      92.9599   3611    	Dead: 0
100 3733.35   5.83431     94.0841   3611    	Dead: 0
