0   5051.11   3.79005     61.1184   4835    	Dead: 0
1   4903.16   3.49422     56.3478   4737    	Dead: 0
2   4785.2    3.15192     50.8279   4602    	Dead: 0
3   4669.17   2.90891     46.9092   4535    	Dead: 0
4   4576.42   2.72649     43.9674   4412    	Dead: 0
5   4496.9    2.46658     39.7761   4367    	Dead: 0
6   4440.16   2.27644     36.7098   4323    	Dead: 0
7   4395.81   2.23122     35.9807   4301    	Dead: 0
8   4354.4    2.27496     36.6861   4252    	Dead: 0
9   4313.4    2.34609     37.833    4208    	Dead: 0
10  4280.47   2.32441     37.4835   4160    	Dead: 0
11  4247.65   2.20403     35.5422   4147    	Dead: 0
12  4222.12   2.09337     33.7577   4140    	Dead: 0
13  4205.47   2.22658     35.9059   4121    	Dead: 0
14  4186.29   2.18943     35.3068   4101    	Dead: 0
15  4170.49   2.36545     38.1453   4073    	Dead: 0
16  4152.32   2.25128     36.3041   4036    	Dead: 0
17  4134.86   2.22571     35.8918   4036    	Dead: 0
18  4121.6    2.46701     39.7829   4033    	Dead: 0
19  4106.52   2.38109     38.3975   4026    	Dead: 0
20  4092.07   2.39733     38.6593   3991    	Dead: 0
21  4072.43   2.31468     37.3265   3978    	Dead: 0
22  4055.04   2.3239      37.4753   3954    	Dead: 0
23  4038.47   2.36952     38.2109   3928    	Dead: 0
24  4025.6    2.42551     39.1137   3928    	Dead: 0
25  4012.83   2.43164     39.2127   3921    	Dead: 0
26  3998.91   2.34424     37.8033   3901    	Dead: 0
27  3991.21   2.50843     40.451    3901    	Dead: 0
28  3979.31   2.436       39.2829   3896    	Dead: 0
29  3971.75   2.51897     40.6209   3895    	Dead: 0
30  3965.54   2.60434     41.9976   3867    	Dead: 0
31  3957.54   2.56727     41.3999   3867    	Dead: 0
32  3952.19   2.63669     42.5192   3863    	Dead: 0
33  3944.98   2.60157     41.9529   3862    	Dead: 0
34  3942.67   2.80877     45.2943   3852    	Dead: 0
35  3937.38   2.72849     43.9996   3836    	Dead: 0
36  3933.55   2.82282     45.5208   3832    	Dead: 0
37  3929.98   2.79004     44.9922   3832    	Dead: 0
38  3926.88   2.94403     47.4755   3832    	Dead: 0
39  3922.95   2.92617     47.1874   3832    	Dead: 0
40  3920.19   3.05104     49.2011   3823    	Dead: 0
41  3915.74   3.00904     48.5238   3823    	Dead: 0
42  3912.23   2.98892     48.1994   3823    	Dead: 0
43  3910.35   3.0757      49.5988   3823    	Dead: 0
44  3907.37   3.11552     50.2408   3822    	Dead: 0
45  3900.8    2.97986     48.0532   3814    	Dead: 0
46  3898.31   3.12923     50.4619   3814    	Dead: 0
47  3896.08   3.16419     51.0257   3803    	Dead: 0
48  3891.59   3.11074     50.1639   3803    	Dead: 0
49  3888.55   3.13726     50.5915   3803    	Dead: 0
50  3887.18   3.14994     50.7959   3783    	Dead: 0
51  3880.47   3.11664     50.2589   3783    	Dead: 0
52  3876.35   3.09621     49.9296   3783    	Dead: 0
53  3871.46   3.18725     51.3976   3764    	Dead: 0
54  3867.22   3.1409      50.6502   3764    	Dead: 0
55  3867.08   3.27509     52.8142   3764    	Dead: 0
56  3860.51   3.24371     52.3081   3764    	Dead: 0
57  3856.94   3.33328     53.7525   3764    	Dead: 0
58  3854.25   3.25157     52.4349   3764    	Dead: 0
59  3851.66   3.29714     53.1697   3764    	Dead: 0
60  3849.5    3.33772     53.8241   3764    	Dead: 0
61  3847.69   3.28504     52.9745   3752    	Dead: 0
62  3844.18   3.33367     53.7588   3752    	Dead: 0
63  3838.95   3.26449     52.6432   3752    	Dead: 0
64  3837.26   3.36943     54.3354   3752    	Dead: 0
65  3835.12   3.43509     55.3943   3745    	Dead: 0
66  3835.64   3.56685     57.5191   3728    	Dead: 0
67  3831.92   3.52386     56.8257   3728    	Dead: 0
68  3828.51   3.57714     57.685    3728    	Dead: 0
69  3827.24   3.6139      58.2777   3728    	Dead: 0
70  3825.36   3.67786     59.3091   3728    	Dead: 0
71  3821.37   3.61497     58.295    3728    	Dead: 0
72  3816.82   3.65533     58.9458   3728    	Dead: 0
73  3814.04   3.65128     58.8806   3725    	Dead: 0
74  3816.63   3.88976     62.7262   3719    	Dead: 0
75  3811.6    3.87781     62.5336   3714    	Dead: 0
76  3807.28   3.79319     61.169    3714    	Dead: 0
77  3806.13   3.81701     61.5531   3714    	Dead: 0
78  3801.08   3.76862     60.7728   3714    	Dead: 0
79  3801.82   3.95624     63.7983   3704    	Dead: 0
80  3801.31   3.95471     63.7737   3704    	Dead: 0
81  3798.61   3.96503     63.9401   3704    	Dead: 0
82  3797.43   4.08284     65.84     3700    	Dead: 0
83  3793.89   4.04839     65.2843   3700    	Dead: 0
84  3790.49   3.98839     64.3168   3689    	Dead: 0
85  3787.82   4.0169      64.7765   3689    	Dead: 0
86  3787.91   4.13586     66.6949   3689    	Dead: 0
87  3784.74   4.00083     64.5174   3689    	Dead: 0
88  3783.2    4.04326     65.2015   3689    	Dead: 0
89  3783.05   4.15233     66.9605   3689    	Dead: 0
90  3782.55   4.19692     67.6795   3689    	Dead: 0
91  3779.14   4.19667     67.6754   3689    	Dead: 0
92  3779.34   4.214       67.9549   3684    	Dead: 0
93  3778.27   4.19556     67.6576   3684    	Dead: 0
94  3774.15   4.16638     67.1871   3684    	Dead: 0
95  3772.89   4.21351     67.947    3684    	Dead: 0
96  3771.98   4.1473      66.8793   3684    	Dead: 0
97  3773.39   4.2382      68.3453   3684    	Dead: 0
98  3770.94   4.23101     68.2292   3682    	Dead: 0
99  3772.71   4.35685     70.2586   3682    	Dead: 0
100 3770.42   4.38564     70.7228   3682    	Dead: 0
