0   5049.74   3.67011     59.1842   4836    	Dead: 0
1   4900.81   3.41545     55.0775   4743    	Dead: 0
2   4770.2    3.18248     51.3206   4625    	Dead: 0
3   4651.35   2.77558     44.759    4513    	Dead: 0
4   4575.31   2.59484     41.8444   4448    	Dead: 0
5   4510.81   2.3713      38.2397   4395    	Dead: 0
6   4456.78   2.38239     38.4184   4345    	Dead: 0
7   4402.59   2.38898     38.5247   4262    	Dead: 0
8   4355.33   2.17227     35.0301   4262    	Dead: 0
9   4321.12   2.23938     36.1123   4220    	Dead: 0
10  4293.67   2.20377     35.5381   4194    	Dead: 0
11  4265.98   2.19624     35.4166   4129    	Dead: 0
12  4243.35   2.26999     36.6058   4107    	Dead: 0
13  4218.09   2.34119     37.754    4107    	Dead: 0
14  4192.54   2.1718      35.0225   4107    	Dead: 0
15  4172.98   2.14687     34.6205   4076    	Dead: 0
16  4158.55   2.17852     35.1307   4076    	Dead: 0
17  4140.47   2.15058     34.6803   4054    	Dead: 0
18  4122.56   2.1073      33.9823   4029    	Dead: 0
19  4104.39   2.17669     35.1013   4007    	Dead: 0
20  4085.79   2.2057      35.5691   3989    	Dead: 0
21  4067.53   2.14102     34.5261   3981    	Dead: 0
22  4054      2.16468     34.9076   3953    	Dead: 0
23  4040.04   2.24655     36.2278   3953    	Dead: 0
24  4027.33   2.19901     35.4612   3940    	Dead: 0
25  4019.18   2.3415      37.7591   3933    	Dead: 0
26  4008.46   2.25025     36.2875   3929    	Dead: 0
27  4000.67   2.39375     38.6015   3899    	Dead: 0
28  3993.41   2.42489     39.1037   3899    	Dead: 0
29  3982.52   2.34766     37.8584   3899    	Dead: 0
30  3971.31   2.44142     39.3703   3865    	Dead: 0
31  3961.41   2.3945      38.6138   3865    	Dead: 0
32  3950.56   2.38331     38.4332   3865    	Dead: 0
33  3936.83   2.35047     37.9037   3833    	Dead: 0
34  3926.33   2.38678     38.4892   3833    	Dead: 0
35  3917.8    2.45613     39.6075   3825    	Dead: 0
36  3905.1    2.42517     39.1083   3825    	Dead: 0
37  3895.59   2.35322     37.948    3824    	Dead: 0
38  3887.24   2.44565     39.4386   3800    	Dead: 0
39  3879.44   2.43995     39.3466   3800    	Dead: 0
40  3870.75   2.39721     38.6575   3790    	Dead: 0
41  3864.87   2.47507     39.913    3790    	Dead: 0
42  3858.48   2.4361      39.2846   3785    	Dead: 0
43  3853.32   2.53188     40.8292   3785    	Dead: 0
44  3845.89   2.40704     38.816    3770    	Dead: 0
45  3840.47   2.43389     39.2489   3770    	Dead: 0
46  3837.26   2.46348     39.7261   3757    	Dead: 0
47  3829.98   2.4308      39.199    3757    	Dead: 0
48  3825.36   2.50422     40.3831   3757    	Dead: 0
49  3819.19   2.47892     39.9751   3752    	Dead: 0
50  3818.11   2.63172     42.4392   3751    	Dead: 0
51  3812.03   2.62234     42.2878   3731    	Dead: 0
52  3808.38   2.67099     43.0724   3721    	Dead: 0
53  3804.74   2.7456      44.2755   3721    	Dead: 0
54  3801.17   2.76365     44.5666   3721    	Dead: 0
55  3795.02   2.87532     46.3674   3721    	Dead: 0
56  3790.08   2.89694     46.716    3720    	Dead: 0
57  3785.3    2.84229     45.8347   3706    	Dead: 0
58  3781.16   2.8547      46.0349   3706    	Dead: 0
59  3779.92   2.93258     47.2908   3706    	Dead: 0
60  3776.86   2.92758     47.2102   3706    	Dead: 0
61  3774.18   2.94337     47.4648   3699    	Dead: 0
62  3770.4    2.88876     46.5842   3699    	Dead: 0
63  3770.84   3.16103     50.9748   3699    	Dead: 0
64  3768.24   3.06219     49.3809   3699    	Dead: 0
65  3764.65   2.91753     47.048    3698    	Dead: 0
66  3762.78   3.02395     48.7642   3698    	Dead: 0
67  3761.11   2.93634     47.3514   3698    	Dead: 0
68  3759.11   2.932       47.2814   3686    	Dead: 0
69  3759.19   3.12494     50.3928   3686    	Dead: 0
70  3758.07   3.18144     51.3039   3686    	Dead: 0
71  3754.94   3.06596     49.4416   3679    	Dead: 0
72  3753.76   3.12715     50.4284   3679    	Dead: 0
73  3748.54   3.01032     48.5445   3679    	Dead: 0
74  3751.53   3.2941      53.1207   3679    	Dead: 0
75  3750.21   3.24881     52.3903   3679    	Dead: 0
76  3750.29   3.31123     53.3969   3679    	Dead: 0
77  3745.47   3.15707     50.9109   3677    	Dead: 0
78  3745.18   3.30611     53.3143   3670    	Dead: 0
79  3743.68   3.19939     51.5934   3670    	Dead: 0
80  3743.57   3.26954     52.7246   3670    	Dead: 0
81  3741.49   3.3186      53.5158   3670    	Dead: 0
82  3744.09   3.45974     55.7917   3670    	Dead: 0
83  3741.94   3.4436      55.5315   3670    	Dead: 0
84  3737.24   3.37707     54.4587   3669    	Dead: 0
85  3733.96   3.25957     52.5639   3669    	Dead: 0
86  3738.38   3.61943     58.3669   3667    	Dead: 0
87  3735.12   3.53548     57.0132   3667    	Dead: 0
88  3736.72   3.72069     59.9999   3667    	Dead: 0
89  3734.83   3.50382     56.5027   3667    	Dead: 0
90  3733.02   3.56086     57.4224   3667    	Dead: 0
91  3735.54   3.79118     61.1366   3664    	Dead: 0
92  3732.86   3.63584     58.6315   3664    	Dead: 0
93  3731.03   3.58313     57.7816   3662    	Dead: 0
94  3728.26   3.60908     58.2      3662    	Dead: 0
95  3729.38   3.71942     59.9794   3662    	Dead: 0
96  3727.9    3.71427     59.8963   3657    	Dead: 0
97  3725.85   3.59406     57.9577   3657    	Dead: 0
98  3726.12   3.72258     60.0303   3657    	Dead: 0
99  3725.93   3.65729     58.9774   3657    	Dead: 0
100 3725.68   3.74322     60.3632   3656    	Dead: 0
