0   5048.66   3.76136     60.6558   4873    	Dead: 0
1   4780.58   3.20692     51.7148   4641    	Dead: 0
2   4618      2.66584     42.9894   4476    	Dead: 0
3   4478.18   2.39014     38.5433   4347    	Dead: 0
4   4384.57   2.37289     38.2652   4265    	Dead: 0
5   4307.21   2.33991     37.7334   4173    	Dead: 0
6   4248.94   2.41677     38.9728   4120    	Dead: 0
7   4195.85   2.36583     38.1513   4081    	Dead: 0
8   4155.51   2.37883     38.3611   4058    	Dead: 0
9   4115.76   2.38259     38.4217   4016    	Dead: 0
10  4066.81   2.34036     37.7407   3971    	Dead: 0
11  4034.5    2.28506     36.8489   3952    	Dead: 0
12  4004.62   2.43517     39.2696   3906    	Dead: 0
13  3972.53   2.38419     38.4475   3872    	Dead: 0
14  3941.83   2.44738     39.4664   3838    	Dead: 0
15  3917.87   2.39909     38.6877   3835    	Dead: 0
16  3899.85   2.43135     39.208    3823    	Dead: 0
17  3886.53   2.4766      39.9376   3770    	Dead: 0
18  3876.99   2.61333     42.1425   3770    	Dead: 0
19  3870.38   2.70899     43.6851   3770    	Dead: 0
20  3862.63   2.6383      42.5453   3770    	Dead: 0
21  3855.37   2.65919     42.8821   3767    	Dead: 0
22  3850.04   2.68804     43.3473   3762    	Dead: 0
23  3844.46   2.754       44.4109   3762    	Dead: 0
24  3839.87   2.75532     44.4322   3753    	Dead: 0
25  3835.16   2.79698     45.1041   3744    	Dead: 0
26  3827.08   2.62236     42.2882   3744    	Dead: 0
27  3825.02   2.79212     45.0257   3738    	Dead: 0
28  3819.32   2.75806     44.4765   3738    	Dead: 0
29  3816.14   2.7861      44.9286   3724    	Dead: 0
30  3811.17   2.7836      44.8883   3724    	Dead: 0
31  3806.71   2.86465     46.1954   3724    	Dead: 0
32  3801.54   2.79744     45.1115   3720    	Dead: 0
33  3797.32   2.86394     46.1839   3715    	Dead: 0
34  3791.52   2.8269      45.5865   3715    	Dead: 0
35  3787.98   2.83039     45.6428   3694    	Dead: 0
36  3783.66   2.8719      46.3122   3694    	Dead: 0
37  3778.93   2.84819     45.9299   3694    	Dead: 0
38  3776.47   2.99334     48.2707   3672    	Dead: 0
39  3769.97   2.86055     46.1292   3672    	Dead: 0
40  3766.44   3.0366      48.9681   3672    	Dead: 0
41  3763.44   2.88466     46.518    3672    	Dead: 0
42  3758.72   2.96009     47.7344   3672    	Dead: 0
43  3758.3    3.00804     48.5077   3672    	Dead: 0
44  3752.49   2.97789     48.0214   3652    	Dead: 0
45  3750.81   3.03263     48.9042   3652    	Dead: 0
46  3750.71   3.14528     50.7208   3652    	Dead: 0
47  3747.72   3.06058     49.3549   3652    	Dead: 0
48  3745.19   3.1496      50.7904   3652    	Dead: 0
49  3744.96   3.21395     51.8281   3652    	Dead: 0
50  3742.25   3.2207      51.937    3649    	Dead: 0
51  3740.98   3.28885     53.0359   3649    	Dead: 0
52  3738.68   3.25356     52.4669   3647    	Dead: 0
53  3734.44   3.3278      53.664    3642    	Dead: 0
54  3734.77   3.43086     55.3261   3641    	Dead: 0
55  3733.95   3.53831     57.0588   3641    	Dead: 0
56  3730.44   3.57744     57.6899   3639    	Dead: 0
57  3728.01   3.68805     59.4736   3639    	Dead: 0
58  3727.12   3.68632     59.4456   3637    	Dead: 0
59  3725.16   3.77966     60.9508   3625    	Dead: 0
60  3723.55   3.73125     60.1701   3625    	Dead: 0
61  3724.23   3.91339     63.1073   3625    	Dead: 0
62  3721.02   3.88495     62.6487   3613    	Dead: 0
63  3720.72   3.9379      63.5025   3613    	Dead: 0
64  3716.64   3.94617     63.636    3613    	Dead: 0
65  3715.62   4.08536     65.8805   3613    	Dead: 0
66  3716.63   4.18408     67.4724   3604    	Dead: 0
67  3710.99   4.00922     64.6527   3600    	Dead: 0
68  3712.14   4.25045     68.5428   3578    	Dead: 0
69  3709.83   4.36679     70.4188   3578    	Dead: 0
70  3707.74   4.33417     69.8929   3578    	Dead: 0
71  3707.07   4.41351     71.1723   3578    	Dead: 0
72  3704.09   4.44197     71.6312   3578    	Dead: 0
73  3707.92   4.55706     73.4872   3578    	Dead: 0
74  3703.32   4.65982     75.1443   3578    	Dead: 0
75  3704.59   4.74106     76.4544   3578    	Dead: 0
76  3701.45   4.81269     77.6094   3578    	Dead: 0
77  3702.2    4.90311     79.0676   3578    	Dead: 0
78  3699.62   4.86436     78.4427   3578    	Dead: 0
79  3699.95   5.06929     81.7474   3577    	Dead: 0
80  3698.03   5.06957     81.7519   3577    	Dead: 0
81  3694.53   5.11515     82.4869   3576    	Dead: 0
82  3694.18   5.19156     83.7191   3576    	Dead: 0
83  3693.69   5.19614     83.7929   3570    	Dead: 0
84  3692.45   5.08361     81.9783   3570    	Dead: 0
85  3693.49   5.26318     84.8741   3570    	Dead: 0
86  3690.53   5.1623      83.2473   3569    	Dead: 0
87  3687.43   5.26269     84.8662   3569    	Dead: 0
88  3688.72   5.33666     86.0589   3569    	Dead: 0
89  3686.45   5.32354     85.8474   3569    	Dead: 0
90  3685.56   5.26904     84.9686   3569    	Dead: 0
91  3684.93   5.385       86.8385   3569    	Dead: 0
92  3685.86   5.38888     86.901    3562    	Dead: 0
93  3681.91   5.38748     86.8785   3562    	Dead: 0
94  3686.34   5.49089     88.5461   3562    	Dead: 0
95  3682.53   5.55088     89.5135   3559    	Dead: 0
96  3682.62   5.52812     89.1465   3559    	Dead: 0
97  3679.7    5.47084     88.2228   3559    	Dead: 0
98  3677.98   5.68685     91.7061   3559    	Dead: 0
99  3678.86   5.4822      88.406    3559    	Dead: 0
100 3678.34   5.45712     88.0015   3554    	Dead: 0
