0   5047.56   3.77353     60.852    4820    	Dead: 0
1   4767.18   3.08378     49.729    4601    	Dead: 0
2   4562.77   2.72799     43.9916   4426    	Dead: 0
3   4422.59   2.43466     39.2612   4310    	Dead: 0
4   4317.08   2.38689     38.491    4158    	Dead: 0
5   4219.37   2.33209     37.6073   4123    	Dead: 0
6   4165.93   2.17146     35.0169   4075    	Dead: 0
7   4113.6    2.1679      34.9596   4016    	Dead: 0
8   4080.5    2.29947     37.0812   3972    	Dead: 0
9   4043.58   2.34738     37.8539   3943    	Dead: 0
10  4000.3    2.31402     37.3159   3916    	Dead: 0
11  3972.25   2.22991     35.9596   3885    	Dead: 0
12  3952.66   2.24268     36.1654   3851    	Dead: 0
13  3940.15   2.37762     38.3415   3851    	Dead: 0
14  3925.88   2.39239     38.5797   3851    	Dead: 0
15  3918.36   2.52118     40.6566   3841    	Dead: 0
16  3911.35   2.73559     44.1142   3825    	Dead: 0
17  3898.61   2.64725     42.6896   3812    	Dead: 0
18  3886.89   2.56768     41.4065   3794    	Dead: 0
19  3877.38   2.563       41.331    3788    	Dead: 0
20  3865.92   2.62271     42.2938   3772    	Dead: 0
21  3857.23   2.69982     43.5373   3765    	Dead: 0
22  3848.42   2.91343     46.9819   3765    	Dead: 0
23  3839.94   2.88498     46.5233   3757    	Dead: 0
24  3829.55   2.98493     48.135    3731    	Dead: 0
25  3820.35   3.14317     50.6868   3718    	Dead: 0
26  3811.94   3.24764     52.3714   3718    	Dead: 0
27  3800.46   3.27624     52.8326   3718    	Dead: 0
28  3794.42   3.26798     52.6995   3706    	Dead: 0
29  3788.94   3.38862     54.6449   3706    	Dead: 0
30  3785.12   3.34652     53.966    3706    	Dead: 0
31  3782.82   3.4715      55.9815   3690    	Dead: 0
32  3779.36   3.57948     57.7227   3690    	Dead: 0
33  3774.22   3.68621     59.4437   3689    	Dead: 0
34  3768.26   3.58788     57.8581   3682    	Dead: 0
35  3762.96   3.5463      57.1876   3667    	Dead: 0
36  3757.12   3.63035     58.543    3667    	Dead: 0
37  3752.11   3.66366     59.0802   3654    	Dead: 0
38  3749.88   3.90404     62.9566   3654    	Dead: 0
39  3741.48   3.84637     62.0266   3652    	Dead: 0
40  3737.45   3.88811     62.6996   3652    	Dead: 0
41  3731.94   3.91624     63.1532   3648    	Dead: 0
42  3730.33   3.95609     63.7958   3647    	Dead: 0
43  3726.87   3.94288     63.5829   3647    	Dead: 0
44  3725.73   4.0056      64.5943   3645    	Dead: 0
45  3727.37   4.12579     66.5326   3645    	Dead: 0
46  3724.14   4.15817     67.0547   3639    	Dead: 0
47  3722.16   4.09382     66.0169   3629    	Dead: 0
48  3722.3    4.17812     67.3764   3629    	Dead: 0
49  3721.66   4.25198     68.5674   3629    	Dead: 0
50  3720.35   4.46334     71.9759   3625    	Dead: 0
51  3716.1    4.37042     70.4774   3623    	Dead: 0
52  3716.84   4.39128     70.8138   3623    	Dead: 0
53  3713.01   4.38614     70.7308   3623    	Dead: 0
54  3713.96   4.52584     72.9837   3620    	Dead: 0
55  3714.44   4.69834     75.7655   3620    	Dead: 0
56  3713.51   4.63363     74.722    3620    	Dead: 0
57  3712.81   4.77403     76.986    3620    	Dead: 0
58  3715.03   4.86694     78.4842   3620    	Dead: 0
59  3707.4    4.63271     74.7072   3609    	Dead: 0
60  3711.42   4.90374     79.0778   3609    	Dead: 0
61  3708.8    4.92051     79.3482   3609    	Dead: 0
62  3704.91   4.74583     76.5313   3609    	Dead: 0
63  3704.45   4.83097     77.9043   3605    	Dead: 0
64  3704.63   4.83731     78.0065   3605    	Dead: 0
65  3701.87   4.85455     78.2845   3605    	Dead: 0
66  3699.19   4.77229     76.958    3605    	Dead: 0
67  3699.93   4.78611     77.1808   3603    	Dead: 0
68  3699.5    4.95644     79.9275   3599    	Dead: 0
69  3695.22   4.74623     76.5377   3599    	Dead: 0
70  3697.66   4.98502     80.3885   3599    	Dead: 0
71  3691.78   4.92901     79.4852   3598    	Dead: 0
72  3693.94   4.86722     78.4888   3593    	Dead: 0
73  3693.39   4.91641     79.2821   3593    	Dead: 0
74  3690.09   4.92274     79.3841   3593    	Dead: 0
75  3690.04   4.84291     78.0968   3593    	Dead: 0
76  3690.1    4.94521     79.7464   3593    	Dead: 0
77  3686.12   4.68641     75.573    3593    	Dead: 0
78  3687.79   4.80221     77.4405   3583    	Dead: 0
79  3687.12   4.85536     78.2975   3583    	Dead: 0
80  3684.72   4.86317     78.4235   3583    	Dead: 0
81  3683.49   4.77684     77.0313   3583    	Dead: 0
82  3681.66   4.81742     77.6856   3583    	Dead: 0
83  3680.93   4.85797     78.3397   3583    	Dead: 0
84  3682.49   4.97835     80.2809   3583    	Dead: 0
85  3678.7    4.83524     77.9731   3583    	Dead: 0
86  3677.26   4.85871     78.3515   3580    	Dead: 0
87  3677.21   4.88398     78.759    3574    	Dead: 0
88  3678.32   4.94629     79.7639   3574    	Dead: 0
89  3678.91   5.07275     81.8032   3574    	Dead: 0
90  3677.76   5.03336     81.1679   3574    	Dead: 0
91  3674.16   4.87742     78.6533   3574    	Dead: 0
92  3676      5.10184     82.2723   3574    	Dead: 0
93  3676.49   5.09218     82.1165   3574    	Dead: 0
94  3671.01   4.99998     80.6297   3574    	Dead: 0
95  3674.7    5.09106     82.0985   3566    	Dead: 0
96  3673.45   5.13996     82.887    3566    	Dead: 0
97  3675.45   5.27062     84.994    3565    	Dead: 0
98  3671.62   5.10536     82.3291   3565    	Dead: 0
99  3675.98   5.36288     86.4818   3565    	Dead: 0
100 3671.64   5.36135     86.4571   3565    	Dead: 0
