0   4377.74   3.85224     62.1213   4192    	Dead: 0
1   4191.41   3.0766      49.6133   4079    	Dead: 0
2   4126.26   2.99147     48.2405   3999    	Dead: 0
3   4069.03   2.94447     47.4825   3918    	Dead: 0
4   4030.53   3.05845     49.3206   3902    	Dead: 0
5   4006.56   3.17975     51.2767   3875    	Dead: 0
6   3988.69   3.15634     50.8991   3875    	Dead: 0
7   3973.78   3.30354     53.2729   3866    	Dead: 0
8   3964.33   3.43071     55.3236   3850    	Dead: 0
9   3955.76   3.45208     55.6682   3835    	Dead: 0
10  3947.53   3.44254     55.5144   3833    	Dead: 0
11  3943.45   3.56057     57.4177   3830    	Dead: 0
12  3939.76   3.55119     57.2665   3824    	Dead: 0
13  3936.9    3.60146     58.0771   3824    	Dead: 0
14  3932.01   3.68322     59.3956   3779    	Dead: 0
15  3926.13   3.65308     58.9096   3779    	Dead: 0
16  3918.17   3.59462     57.9669   3779    	Dead: 0
17  3914.52   3.70811     59.797    3779    	Dead: 0
18  3904.22   3.74046     60.3187   3779    	Dead: 0
19  3898.52   3.69245     59.5444   3736    	Dead: 0
20  3893.22   3.81761     61.5628   3736    	Dead: 0
21  3887.09   3.77874     60.9359   3736    	Dead: 0
22  3880.56   3.71157     59.8528   3736    	Dead: 0
23  3876.68   3.78253     60.9971   3736    	Dead: 0
24  3870.87   3.88119     62.588    3724    	Dead: 0
25  3867.95   3.97699     64.1329   3724    	Dead: 0
26  3863.57   4.10072     66.1282   3724    	Dead: 0
27  3857.69   4.1525      66.9633   3724    	Dead: 0
28  3854.05   4.05819     65.4424   3700    	Dead: 0
29  3847.81   4.08698     65.9066   3700    	Dead: 0
30  3840.9    4.15658     67.029    3700    	Dead: 0
31  3836.32   4.15678     67.0322   3700    	Dead: 0
32  3834.6    4.33649     69.9302   3700    	Dead: 0
33  3830.59   4.38253     70.6726   3700    	Dead: 0
34  3825.58   4.44664     71.7064   3690    	Dead: 0
35  3825.19   4.62641     74.6055   3690    	Dead: 0
36  3819.66   4.59823     74.151    3690    	Dead: 0
37  3819.62   4.77416     76.9882   3678    	Dead: 0
38  3812.4    4.76482     76.8375   3678    	Dead: 0
39  3810.97   4.82263     77.7697   3678    	Dead: 0
40  3808.07   4.78192     77.1132   3678    	Dead: 0
41  3808.59   4.93        79.5012   3666    	Dead: 0
42  3808.5    4.86649     78.477    3666    	Dead: 0
43  3808.96   5.11871     82.5443   3666    	Dead: 0
44  3809.64   5.18956     83.6869   3666    	Dead: 0
45  3806      5.20172     83.883    3659    	Dead: 0
46  3801.41   5.10463     82.3173   3659    	Dead: 0
47  3803.03   5.11873     82.5447   3659    	Dead: 0
48  3802.57   5.14555     82.9771   3659    	Dead: 0
49  3801.47   5.28816     85.2769   3659    	Dead: 0
50  3797.05   5.16199     83.2423   3657    	Dead: 0
51  3797.71   5.20807     83.9854   3657    	Dead: 0
52  3799.67   5.43346     87.62     3653    	Dead: 0
53  3800.02   5.49162     88.5578   3653    	Dead: 0
54  3794.31   5.36548     86.5237   3653    	Dead: 0
55  3793.22   5.34969     86.2691   3653    	Dead: 0
56  3791.58   5.33163     85.9779   3647    	Dead: 0
57  3791.92   5.40937     87.2315   3647    	Dead: 0
58  3790.15   5.48807     88.5006   3647    	Dead: 0
59  3787.95   5.52018     89.0184   3636    	Dead: 0
60  3788.18   5.63404     90.8545   3628    	Dead: 0
61  3783.7    5.56014     89.6628   3628    	Dead: 0
62  3784.13   5.60152     90.3301   3628    	Dead: 0
63  3784.4    5.709       92.0633   3619    	Dead: 0
64  3778.88   5.66586     91.3677   3619    	Dead: 0
65  3775.98   5.72776     92.3659   3619    	Dead: 0
66  3774.03   5.57252     89.8624   3619    	Dead: 0
67  3769.03   5.69033     91.7623   3619    	Dead: 0
68  3765.69   5.85641     94.4404   3602    	Dead: 0
69  3764.52   6.02497     97.1587   3596    	Dead: 0
70  3761.6    5.88529     94.9062   3596    	Dead: 0
71  3759.25   5.98535     96.5198   3596    	Dead: 0
72  3760.02   6.19704     99.9335   3596    	Dead: 0
73  3758.65   6.38454     102.957   3592    	Dead: 0
74  3754.28   6.33268     102.121   3592    	Dead: 0
75  3751.77   6.23812     100.596   3589    	Dead: 0
76  3748.69   6.15278     99.2198   3589    	Dead: 0
77  3752.19   6.47386     104.397   3589    	Dead: 0
78  3751.94   6.37287     102.769   3589    	Dead: 0
79  3753.05   6.53125     105.323   3589    	Dead: 0
80  3744.93   6.31301     101.804   3589    	Dead: 0
81  3744.47   6.33451     102.15    3589    	Dead: 0
82  3745.99   6.51005     104.981   3587    	Dead: 0
83  3742.68   6.51617     105.08    3580    	Dead: 0
84  3739.9    6.43861     103.829   3576    	Dead: 0
85  3744.2    6.58483     106.187   3576    	Dead: 0
86  3739.36   6.38324     102.936   3576    	Dead: 0
87  3747.05   6.56266     105.829   3576    	Dead: 0
88  3744.03   6.77475     109.25    3576    	Dead: 0
89  3741.79   6.74473     108.766   3576    	Dead: 0
90  3739.02   6.61226     106.629   3576    	Dead: 0
91  3737.21   6.78601     109.431   3576    	Dead: 0
92  3737.66   6.81387     109.881   3576    	Dead: 0
93  3737.12   6.77117     109.192   3571    	Dead: 0
94  3735.99   6.75564     108.941   3571    	Dead: 0
95  3736.64   6.81096     109.834   3571    	Dead: 0
96  3735      6.75082     108.864   3570    	Dead: 0
97  3736.48   6.82799     110.108   3570    	Dead: 0
98  3739.28   6.84384     110.364   3570    	Dead: 0
99  3736.24   6.73481     108.605   3567    	Dead: 0
100 3737.01   6.89848     111.245   3555    	Dead: 0
