0   4372.91   3.86683     62.3565   4185    	Dead: 0
1   4179.03   3.16307     51.0077   4028    	Dead: 0
2   4103.84   3.13214     50.5088   3958    	Dead: 0
3   4055.56   3.09972     49.9861   3935    	Dead: 0
4   4029.52   3.28508     52.9753   3894    	Dead: 0
5   4004.69   3.24303     52.2972   3893    	Dead: 0
6   3988.41   3.26938     52.722    3856    	Dead: 0
7   3975.08   3.38885     54.6487   3856    	Dead: 0
8   3957.1    3.2684      52.7062   3838    	Dead: 0
9   3941.68   3.33945     53.852    3838    	Dead: 0
10  3927.98   3.37188     54.375    3758    	Dead: 0
11  3914.74   3.37036     54.3504   3758    	Dead: 0
12  3903.32   3.35366     54.0811   3758    	Dead: 0
13  3892.43   3.38207     54.5393   3758    	Dead: 0
14  3881.94   3.3502      54.0253   3758    	Dead: 0
15  3874.78   3.2858      52.9869   3758    	Dead: 0
16  3867.89   3.44298     55.5214   3733    	Dead: 0
17  3860.74   3.38624     54.6065   3733    	Dead: 0
18  3854.78   3.48871     56.259    3733    	Dead: 0
19  3847.73   3.45416     55.7018   3699    	Dead: 0
20  3842.43   3.49133     56.3012   3699    	Dead: 0
21  3833.68   3.51299     56.6504   3699    	Dead: 0
22  3824.12   3.2894      53.0448   3699    	Dead: 0
23  3820.15   3.55333     57.301    3699    	Dead: 0
24  3812.3    3.37282     54.3901   3688    	Dead: 0
25  3805.84   3.44654     55.5788   3686    	Dead: 0
26  3799.77   3.40234     54.8662   3686    	Dead: 0
27  3795.34   3.54097     57.1017   3649    	Dead: 0
28  3786.74   3.46889     55.9394   3649    	Dead: 0
29  3783.31   3.54047     57.0937   3649    	Dead: 0
30  3777.43   3.52319     56.8149   3649    	Dead: 0
31  3769.23   3.32692     53.6499   3648    	Dead: 0
32  3767.76   3.53544     57.0126   3645    	Dead: 0
33  3764.58   3.58991     57.8908   3640    	Dead: 0
34  3759.2    3.63073     58.5491   3618    	Dead: 0
35  3755.86   3.60956     58.2078   3618    	Dead: 0
36  3754.04   3.52929     56.9133   3618    	Dead: 0
37  3748.89   3.54485     57.1643   3618    	Dead: 0
38  3746.43   3.65659     58.9662   3618    	Dead: 0
39  3746.34   3.84209     61.9575   3618    	Dead: 0
40  3742.72   3.76316     60.6847   3618    	Dead: 0
41  3736.71   3.83159     61.7882   3618    	Dead: 0
42  3735.01   3.8168      61.5496   3618    	Dead: 0
43  3734.52   3.88508     62.6508   3618    	Dead: 0
44  3733.62   3.95302     63.7464   3618    	Dead: 0
45  3730.13   3.93974     63.5322   3618    	Dead: 0
46  3729.23   4.03448     65.0601   3601    	Dead: 0
47  3727.38   4.13015     66.6028   3601    	Dead: 0
48  3725.73   4.16705     67.1978   3596    	Dead: 0
49  3722.37   4.10596     66.2127   3596    	Dead: 0
50  3720.52   4.13003     66.6008   3596    	Dead: 0
51  3717.61   4.12147     66.4628   3596    	Dead: 0
52  3717.6    4.09771     66.0797   3596    	Dead: 0
53  3718.39   4.16874     67.2251   3596    	Dead: 0
54  3716.38   4.23658     68.3191   3590    	Dead: 0
55  3713.98   4.20085     67.7428   3577    	Dead: 0
56  3711.54   4.16947     67.2369   3577    	Dead: 0
57  3710.01   4.22511     68.1341   3577    	Dead: 0
58  3711.39   4.34861     70.1256   3577    	Dead: 0
59  3712.52   4.47228     72.12     3566    	Dead: 0
60  3707.01   4.3342      69.8934   3566    	Dead: 0
61  3703.85   4.33079     69.8383   3566    	Dead: 0
62  3706.26   4.47119     72.1024   3566    	Dead: 0
63  3703.7    4.41253     71.1565   3566    	Dead: 0
64  3703.95   4.63267     74.7065   3566    	Dead: 0
65  3703.22   4.51738     72.8472   3566    	Dead: 0
66  3700.12   4.49198     72.4376   3561    	Dead: 0
67  3698.77   4.4578      71.8864   3561    	Dead: 0
68  3696.1    4.51975     72.8855   3561    	Dead: 0
69  3695.39   4.53651     73.1557   3527    	Dead: 0
70  3691.88   4.48177     72.2731   3527    	Dead: 0
71  3696.07   4.75149     76.6226   3527    	Dead: 0
72  3690.64   4.58448     73.9294   3527    	Dead: 0
73  3689.73   4.64705     74.9383   3527    	Dead: 0
74  3688.79   4.59543     74.1059   3527    	Dead: 0
75  3688.35   4.67568     75.4      3527    	Dead: 0
76  3690.41   4.84569     78.1417   3527    	Dead: 0
77  3688      4.82748     77.848    3527    	Dead: 0
78  3687.45   4.71127     75.9739   3527    	Dead: 0
79  3687.85   5.01982     80.9497   3524    	Dead: 0
80  3683.99   5.00841     80.7657   3524    	Dead: 0
81  3681.08   5.06257     81.639    3524    	Dead: 0
82  3679.28   4.96686     80.0956   3524    	Dead: 0
83  3679.27   5.02971     81.109    3524    	Dead: 0
84  3673.21   4.9921      80.5026   3524    	Dead: 0
85  3676.27   5.26214     84.8573   3524    	Dead: 0
86  3674.37   5.15365     83.1077   3524    	Dead: 0
87  3673.18   5.24511     84.5826   3524    	Dead: 0
88  3670.94   5.1001      82.2441   3517    	Dead: 0
89  3669.89   5.24434     84.5703   3517    	Dead: 0
90  3669.95   5.31021     85.6325   3510    	Dead: 0
91  3666.46   5.3617      86.4627   3510    	Dead: 0
92  3666.01   5.44561     87.8159   3510    	Dead: 0
93  3665.36   5.53952     89.3303   3510    	Dead: 0
94  3664.39   5.61341     90.5219   3510    	Dead: 0
95  3660.26   5.50203     88.7257   3510    	Dead: 0
96  3658.72   5.42306     87.4523   3510    	Dead: 0
97  3660.73   5.50612     88.7917   3510    	Dead: 0
98  3658.68   5.63519     90.873    3502    	Dead: 0
99  3656.76   5.73059     92.4115   3502    	Dead: 0
100 3656.35   5.68092     91.6104   3502    	Dead: 0
