0   4375.57   4.07731     65.7507   4142    	Dead: 0
1   4192.12   3.16287     51.0044   4039    	Dead: 0
2   4099.13   3.08538     49.7548   3967    	Dead: 0
3   4058.18   3.15768     50.9207   3906    	Dead: 0
4   4024.25   3.05412     49.2507   3889    	Dead: 0
5   3984.33   2.96428     47.8019   3858    	Dead: 0
6   3958.01   2.93823     47.3819   3856    	Dead: 0
7   3942.89   3.03561     48.9523   3845    	Dead: 0
8   3932.79   3.12788     50.4402   3814    	Dead: 0
9   3921.5    3.12699     50.4259   3814    	Dead: 0
10  3914.96   3.18344     51.3361   3799    	Dead: 0
11  3909.4    3.39881     54.8093   3754    	Dead: 0
12  3902.52   3.2772      52.8481   3754    	Dead: 0
13  3897.52   3.34183     53.8903   3754    	Dead: 0
14  3893.63   3.39874     54.808    3754    	Dead: 0
15  3891.75   3.44031     55.4784   3754    	Dead: 0
16  3887.25   3.49892     56.4236   3754    	Dead: 0
17  3882.97   3.37919     54.4929   3754    	Dead: 0
18  3876.48   3.37658     54.4507   3754    	Dead: 0
19  3874.13   3.46332     55.8495   3754    	Dead: 0
20  3868.71   3.42913     55.2982   3731    	Dead: 0
21  3863.37   3.44575     55.5662   3731    	Dead: 0
22  3861.71   3.53779     57.0504   3731    	Dead: 0
23  3853.31   3.41225     55.0259   3731    	Dead: 0
24  3852.8    3.5161      56.7006   3731    	Dead: 0
25  3846.36   3.52971     56.92     3731    	Dead: 0
26  3842.34   3.48964     56.2739   3731    	Dead: 0
27  3837.15   3.40695     54.9404   3715    	Dead: 0
28  3828.66   3.42327     55.2036   3715    	Dead: 0
29  3820.78   3.27951     52.8853   3698    	Dead: 0
30  3813.47   3.38723     54.6224   3698    	Dead: 0
31  3805.83   3.24585     52.3426   3691    	Dead: 0
32  3800.53   3.33653     53.8049   3691    	Dead: 0
33  3792.52   3.27957     52.8863   3686    	Dead: 0
34  3784.66   3.29213     53.0889   3661    	Dead: 0
35  3778.74   3.26892     52.7145   3661    	Dead: 0
36  3770.43   3.32477     53.6153   3657    	Dead: 0
37  3760.56   3.29674     53.1632   3656    	Dead: 0
38  3750.96   3.12655     50.4187   3630    	Dead: 0
39  3750.04   3.36883     54.3258   3630    	Dead: 0
40  3741.5    3.27589     52.827    3630    	Dead: 0
41  3737.64   3.28826     53.0265   3630    	Dead: 0
42  3735.72   3.37968     54.5008   3627    	Dead: 0
43  3731.56   3.42019     55.154    3626    	Dead: 0
44  3727.01   3.32998     53.6993   3626    	Dead: 0
45  3723.52   3.35579     54.1155   3616    	Dead: 0
46  3722.84   3.48228     56.1552   3616    	Dead: 0
47  3720.38   3.52785     56.8901   3616    	Dead: 0
48  3717.31   3.56937     57.5597   3616    	Dead: 0
49  3713.87   3.60944     58.2059   3590    	Dead: 0
50  3715.1    3.81574     61.5327   3590    	Dead: 0
51  3710.2    3.50696     56.5532   3590    	Dead: 0
52  3709.38   3.68451     59.4164   3590    	Dead: 0
53  3705.78   3.73622     60.2503   3590    	Dead: 0
54  3704.41   3.7754      60.8822   3590    	Dead: 0
55  3700.83   3.81197     61.4718   3590    	Dead: 0
56  3699.13   3.73297     60.1979   3568    	Dead: 0
57  3697.85   3.77997     60.9557   3568    	Dead: 0
58  3694.8    3.8039      61.3417   3568    	Dead: 0
59  3693.8    3.84825     62.0569   3568    	Dead: 0
60  3693.28   3.98778     64.307    3568    	Dead: 0
61  3690.34   3.87016     62.4102   3568    	Dead: 0
62  3688.04   3.81426     61.5088   3568    	Dead: 0
63  3683.81   3.75114     60.4909   3568    	Dead: 0
64  3684.5    3.93512     63.4578   3568    	Dead: 0
65  3681.76   3.9672      63.9751   3565    	Dead: 0
66  3680.54   3.92719     63.3299   3563    	Dead: 0
67  3679.66   3.88634     62.6711   3563    	Dead: 0
68  3677.3    3.91877     63.194    3563    	Dead: 0
69  3675.85   3.94531     63.6221   3552    	Dead: 0
70  3674.82   3.97382     64.0818   3552    	Dead: 0
71  3670.94   3.84262     61.966    3552    	Dead: 0
72  3670.38   3.96121     63.8785   3552    	Dead: 0
73  3670.24   4.16552     67.1731   3548    	Dead: 0
74  3666.94   4.05264     65.3529   3535    	Dead: 0
75  3665.03   4.01481     64.7428   3535    	Dead: 0
76  3665.28   4.07442     65.7042   3535    	Dead: 0
77  3663.76   4.12809     66.5697   3524    	Dead: 0
78  3665.86   4.3016      69.3676   3524    	Dead: 0
79  3661.76   4.20275     67.7736   3524    	Dead: 0
80  3662.96   4.25498     68.6157   3524    	Dead: 0
81  3661.55   4.28007     69.0204   3524    	Dead: 0
82  3662.37   4.25571     68.6275   3524    	Dead: 0
83  3660.41   4.33175     69.8538   3524    	Dead: 0
84  3660.21   4.45025     71.7647   3524    	Dead: 0
85  3660.55   4.57504     73.7771   3524    	Dead: 0
86  3660.45   4.57936     73.8467   3524    	Dead: 0
87  3659.59   4.63515     74.7464   3524    	Dead: 0
88  3659.76   4.67572     75.4007   3524    	Dead: 0
89  3657.64   4.71916     76.1012   3524    	Dead: 0
90  3657.67   4.86859     78.5109   3524    	Dead: 0
91  3654.47   4.91542     79.2661   3519    	Dead: 0
92  3656.44   5.05787     81.5632   3517    	Dead: 0
93  3653.67   4.98087     80.3216   3517    	Dead: 0
94  3652.85   5.06517     81.681    3517    	Dead: 0
95  3651.88   5.07559     81.8489   3517    	Dead: 0
96  3652.93   5.34641     86.2162   3517    	Dead: 0
97  3652.06   5.30671     85.5761   3517    	Dead: 0
98  3649.76   5.30504     85.5491   3503    	Dead: 0
99  3650.78   5.43082     87.5774   3503    	Dead: 0
100 3648.58   5.62583     90.7221   3503    	Dead: 0
