0   4385.88   3.99632     64.4447   4196    	Dead: 0
1   4267.13   3.35659     54.1284   4047    	Dead: 0
2   4199.31   3.0727      49.5504   4025    	Dead: 0
3   4153.99   2.98232     48.0929   3988    	Dead: 0
4   4120.06   2.95435     47.6418   3983    	Dead: 0
5   4089.18   3.09498     49.9096   3922    	Dead: 0
6   4073.06   3.20695     51.7152   3922    	Dead: 0
7   4057.52   3.24517     52.3316   3898    	Dead: 0
8   4040.42   3.15849     50.9338   3898    	Dead: 0
9   4029.82   3.3409      53.8753   3898    	Dead: 0
10  4020.9    3.29441     53.1256   3898    	Dead: 0
11  4012.32   3.46333     55.8497   3873    	Dead: 0
12  4003.06   3.33778     53.8251   3873    	Dead: 0
13  3995.22   3.40783     54.9546   3873    	Dead: 0
14  3986.6    3.34552     53.9498   3865    	Dead: 0
15  3980.31   3.35567     54.1136   3865    	Dead: 0
16  3972.99   3.38987     54.665    3846    	Dead: 0
17  3965.31   3.31959     53.5318   3820    	Dead: 0
18  3955.27   3.29892     53.1984   3820    	Dead: 0
19  3948.69   3.38205     54.539    3820    	Dead: 0
20  3939.78   3.41133     55.0112   3820    	Dead: 0
21  3928.39   3.2518      52.4386   3820    	Dead: 0
22  3922.28   3.16864     51.0975   3820    	Dead: 0
23  3914.93   3.24488     52.3269   3807    	Dead: 0
24  3906.93   3.1219      50.3438   3807    	Dead: 0
25  3903.7    3.20909     51.7498   3788    	Dead: 0
26  3896.1    3.12279     50.3582   3785    	Dead: 0
27  3892.72   3.20911     51.7501   3785    	Dead: 0
28  3887.33   3.15701     50.91     3785    	Dead: 0
29  3884.84   3.31731     53.495    3770    	Dead: 0
30  3882.57   3.38859     54.6445   3770    	Dead: 0
31  3878.78   3.30021     53.2192   3743    	Dead: 0
32  3875.8    3.32992     53.6983   3743    	Dead: 0
33  3871.64   3.29699     53.1673   3743    	Dead: 0
34  3869.06   3.27106     52.7492   3743    	Dead: 0
35  3869.51   3.39313     54.7177   3743    	Dead: 0
36  3865.44   3.34959     54.0155   3743    	Dead: 0
37  3865.63   3.5124      56.641    3743    	Dead: 0
38  3860.62   3.48587     56.2132   3743    	Dead: 0
39  3857.86   3.45232     55.6721   3743    	Dead: 0
40  3852.86   3.37403     54.4096   3724    	Dead: 0
41  3849.53   3.40871     54.9689   3724    	Dead: 0
42  3846.86   3.47229     55.9941   3724    	Dead: 0
43  3846.37   3.52419     56.831    3724    	Dead: 0
44  3843.69   3.51937     56.7534   3724    	Dead: 0
45  3841.63   3.51481     56.6799   3724    	Dead: 0
46  3840.45   3.56251     57.449    3724    	Dead: 0
47  3835.08   3.46408     55.8617   3724    	Dead: 0
48  3834.67   3.54705     57.1997   3718    	Dead: 0
49  3830.74   3.57275     57.6141   3718    	Dead: 0
50  3825.11   3.37513     54.4273   3718    	Dead: 0
51  3823.26   3.5254      56.8506   3718    	Dead: 0
52  3822.69   3.57333     57.6235   3711    	Dead: 0
53  3820.37   3.59215     57.927    3711    	Dead: 0
54  3819.23   3.62151     58.4005   3711    	Dead: 0
55  3813.43   3.44527     55.5584   3708    	Dead: 0
56  3808.84   3.43271     55.3559   3700    	Dead: 0
57  3806.14   3.45936     55.7856   3691    	Dead: 0
58  3803.29   3.44435     55.5437   3691    	Dead: 0
59  3800.59   3.59913     58.0395   3691    	Dead: 0
60  3795.59   3.5065      56.5458   3691    	Dead: 0
61  3791.7    3.49669     56.3876   3691    	Dead: 0
62  3789.43   3.48021     56.1219   3691    	Dead: 0
63  3786.97   3.55323     57.2994   3640    	Dead: 0
64  3780.32   3.41769     55.1137   3640    	Dead: 0
65  3775.94   3.49055     56.2887   3640    	Dead: 0
66  3776.28   3.64506     58.7802   3640    	Dead: 0
67  3771.91   3.6212      58.3954   3640    	Dead: 0
68  3766.67   3.49869     56.4199   3626    	Dead: 0
69  3761.78   3.51029     56.6069   3626    	Dead: 0
70  3759.14   3.42317     55.202    3626    	Dead: 0
71  3757.97   3.51389     56.6651   3626    	Dead: 0
72  3755.24   3.48905     56.2644   3626    	Dead: 0
73  3752.78   3.62059     58.3856   3626    	Dead: 0
74  3749.72   3.5788      57.7118   3626    	Dead: 0
75  3749.62   3.59887     58.0353   3626    	Dead: 0
76  3748.12   3.63129     58.5582   3623    	Dead: 0
77  3744.32   3.42472     55.227    3623    	Dead: 0
78  3743.97   3.57259     57.6117   3623    	Dead: 0
79  3742.27   3.58257     57.7725   3623    	Dead: 0
80  3741.78   3.51057     56.6115   3623    	Dead: 0
81  3738.97   3.4643      55.8653   3623    	Dead: 0
82  3738.34   3.61489     58.2938   3617    	Dead: 0
83  3735.73   3.54958     57.2405   3617    	Dead: 0
84  3732.51   3.49002     56.2801   3617    	Dead: 0
85  3735.07   3.62626     58.4771   3617    	Dead: 0
86  3733.22   3.5588      57.3892   3617    	Dead: 0
87  3733.12   3.63253     58.5782   3617    	Dead: 0
88  3732.47   3.68378     59.4046   3617    	Dead: 0
89  3729.89   3.65298     58.908    3617    	Dead: 0
90  3730.3    3.70496     59.7462   3617    	Dead: 0
91  3727.6    3.58482     57.8088   3617    	Dead: 0
92  3730.09   3.77598     60.8915   3611    	Dead: 0
93  3725.8    3.61016     58.2175   3611    	Dead: 0
94  3722.31   3.4447      55.5492   3611    	Dead: 0
95  3723.15   3.56802     57.5379   3611    	Dead: 0
96  3723.69   3.71487     59.906    3611    	Dead: 0
97  3722.46   3.73184     60.1797   3611    	Dead: 0
98  3721.44   3.7078      59.792    3611    	Dead: 0
99  3720.87   3.81804     61.5698   3611    	Dead: 0
100 3717.59   3.65421     58.9278   3595    	Dead: 0
