0   4377.61   4.2293      68.2016   4191    	Dead: 0
1   4208.11   3.00295     48.4256   4075    	Dead: 0
2   4132.46   2.88511     46.5252   3999    	Dead: 0
3   4087.78   2.97722     48.0106   3954    	Dead: 0
4   4052.02   3.18526     51.3655   3892    	Dead: 0
5   4016.49   3.25621     52.5096   3873    	Dead: 0
6   3982.98   3.18047     51.2883   3848    	Dead: 0
7   3963.76   3.3057      53.3078   3828    	Dead: 0
8   3954.49   3.3397      53.856    3828    	Dead: 0
9   3943.4    3.50781     56.5669   3827    	Dead: 0
10  3936.76   3.40965     54.9839   3827    	Dead: 0
11  3929.52   3.36037     54.1893   3823    	Dead: 0
12  3926.69   3.73026     60.1541   3819    	Dead: 0
13  3917.89   3.64076     58.7108   3798    	Dead: 0
14  3910.68   3.725       60.0693   3792    	Dead: 0
15  3909.02   3.92095     63.2293   3776    	Dead: 0
16  3901.78   3.8385      61.8996   3772    	Dead: 0
17  3899.29   3.78341     61.0112   3772    	Dead: 0
18  3893.99   3.86325     62.2988   3772    	Dead: 0
19  3892.06   3.95961     63.8527   3772    	Dead: 0
20  3889.54   4.04628     65.2504   3772    	Dead: 0
21  3884.37   3.97791     64.1478   3748    	Dead: 0
22  3881.19   4.01511     64.7477   3748    	Dead: 0
23  3877.14   4.21031     67.8954   3746    	Dead: 0
24  3871.87   4.00167     64.531    3746    	Dead: 0
25  3868.72   4.03423     65.0559   3746    	Dead: 0
26  3863.5    4.11907     66.4241   3746    	Dead: 0
27  3859.15   4.0716      65.6586   3730    	Dead: 0
28  3853.6    4.1438      66.823    3712    	Dead: 0
29  3851.49   4.17426     67.3141   3712    	Dead: 0
30  3845.59   4.18887     67.5497   3712    	Dead: 0
31  3844.65   4.36529     70.3947   3712    	Dead: 0
32  3841.93   4.55027     73.3777   3682    	Dead: 0
33  3837.86   4.39499     70.8735   3682    	Dead: 0
34  3835.96   4.50901     72.7123   3682    	Dead: 0
35  3833.42   4.563       73.5829   3682    	Dead: 0
36  3830.58   4.5521      73.4071   3682    	Dead: 0
37  3827.27   4.66355     75.2044   3682    	Dead: 0
38  3826.49   4.83995     78.0491   3682    	Dead: 0
39  3820.5    4.58165     73.8837   3682    	Dead: 0
40  3811.89   4.5291      73.0363   3682    	Dead: 0
41  3816.42   4.83538     77.9753   3682    	Dead: 0
42  3814.38   4.77442     76.9922   3682    	Dead: 0
43  3810.77   4.86103     78.389    3679    	Dead: 0
44  3806.57   4.84672     78.1582   3679    	Dead: 0
45  3801.35   4.7091      75.939    3673    	Dead: 0
46  3798.6    4.75034     76.604    3667    	Dead: 0
47  3797.2    4.88393     78.7583   3661    	Dead: 0
48  3793.71   4.84682     78.1598   3661    	Dead: 0
49  3791.56   4.92634     79.4422   3661    	Dead: 0
50  3785.79   4.7901      77.2452   3661    	Dead: 0
51  3784.92   4.9059      79.1125   3661    	Dead: 0
52  3788.93   5.04855     81.4129   3649    	Dead: 0
53  3777.6    4.7605      76.7678   3649    	Dead: 0
54  3780.9    5.06173     81.6255   3649    	Dead: 0
55  3781.45   5.17889     83.5148   3649    	Dead: 0
56  3780.43   5.07283     81.8044   3649    	Dead: 0
57  3775.69   5.05221     81.472    3649    	Dead: 0
58  3776.16   5.13631     82.8282   3649    	Dead: 0
59  3773.29   5.08934     82.0708   3649    	Dead: 0
60  3772.16   5.02987     81.1117   3630    	Dead: 0
61  3766.87   5.02496     81.0326   3630    	Dead: 0
62  3769.93   5.09742     82.201    3630    	Dead: 0
63  3768.45   5.11053     82.4124   3630    	Dead: 0
64  3767.93   5.14722     83.0041   3621    	Dead: 0
65  3767.17   5.11368     82.4633   3621    	Dead: 0
66  3765.36   5.16941     83.3619   3621    	Dead: 0
67  3769.58   5.2886      85.284    3621    	Dead: 0
68  3764.43   5.18991     83.6926   3621    	Dead: 0
69  3762.95   5.15942     83.2008   3621    	Dead: 0
70  3760.18   5.19916     83.8417   3621    	Dead: 0
71  3757.33   5.05301     81.4849   3621    	Dead: 0
72  3755.91   5.09253     82.1221   3621    	Dead: 0
73  3759.41   5.19854     83.8317   3621    	Dead: 0
74  3758.86   5.10511     82.325    3621    	Dead: 0
75  3761.72   5.30566     85.5591   3621    	Dead: 0
76  3752.87   5.18086     83.5465   3621    	Dead: 0
77  3751.67   5.01019     80.7944   3618    	Dead: 0
78  3752.4    5.3012      85.4872   3618    	Dead: 0
79  3749.89   5.27113     85.0023   3617    	Dead: 0
80  3753.61   5.33975     86.1089   3617    	Dead: 0
81  3753.37   5.32624     85.891    3617    	Dead: 0
82  3749.01   5.20734     83.9736   3617    	Dead: 0
83  3749.86   5.35539     86.3611   3617    	Dead: 0
84  3750.37   5.48932     88.5208   3615    	Dead: 0
85  3751.32   5.51299     88.9024   3615    	Dead: 0
86  3745.27   5.35849     86.411    3615    	Dead: 0
87  3749.63   5.39805     87.049    3615    	Dead: 0
88  3749.15   5.45768     88.0105   3610    	Dead: 0
89  3748.3    5.41457     87.3153   3610    	Dead: 0
90  3747.68   5.46618     88.1477   3610    	Dead: 0
91  3747.21   5.41291     87.2886   3610    	Dead: 0
92  3743.77   5.32444     85.8619   3610    	Dead: 0
93  3750.08   5.63088     90.8036   3610    	Dead: 0
94  3744.04   5.33229     85.9885   3610    	Dead: 0
95  3746.09   5.49316     88.5826   3608    	Dead: 0
96  3745.88   5.51203     88.887    3608    	Dead: 0
97  3743.01   5.53015     89.1792   3608    	Dead: 0
98  3742.88   5.41675     87.3506   3608    	Dead: 0
99  3741.65   5.40459     87.1544   3608    	Dead: 0
100 3743.41   5.59709     90.2586   3608    	Dead: 0
