0   4383.9    4.07309     65.6827   4206    	Dead: 0
1   4262.03   3.45015     55.6371   4078    	Dead: 0
2   4196.56   3.12456     50.3866   4048    	Dead: 0
3   4148.34   3.09725     49.9462   3973    	Dead: 0
4   4110.45   3.17317     51.1706   3967    	Dead: 0
5   4082.45   3.12964     50.4686   3915    	Dead: 0
6   4057.73   3.01339     48.5939   3915    	Dead: 0
7   4039.78   3.26479     52.648    3899    	Dead: 0
8   4020.4    3.12738     50.4322   3888    	Dead: 0
9   4004.41   3.24455     52.3217   3881    	Dead: 0
10  3992.77   3.25334     52.4634   3872    	Dead: 0
11  3984.92   3.34823     53.9936   3866    	Dead: 0
12  3978.36   3.37648     54.4491   3866    	Dead: 0
13  3970.04   3.34812     53.9918   3850    	Dead: 0
14  3964.72   3.46494     55.8756   3850    	Dead: 0
15  3955.74   3.34712     53.9757   3833    	Dead: 0
16  3950.72   3.37868     54.4845   3833    	Dead: 0
17  3946.34   3.47158     55.9827   3827    	Dead: 0
18  3939.86   3.48635     56.2209   3799    	Dead: 0
19  3933.51   3.40235     54.8662   3799    	Dead: 0
20  3927.26   3.40945     54.9808   3799    	Dead: 0
21  3922.26   3.40786     54.9551   3789    	Dead: 0
22  3914.62   3.3741      54.4108   3789    	Dead: 0
23  3907.99   3.29662     53.1613   3784    	Dead: 0
24  3901.08   3.43391     55.3752   3745    	Dead: 0
25  3894.72   3.42787     55.2778   3745    	Dead: 0
26  3887.1    3.342       53.8931   3745    	Dead: 0
27  3882.36   3.3833      54.559    3745    	Dead: 0
28  3878.14   3.34704     53.9744   3745    	Dead: 0
29  3874.23   3.3418      53.8898   3745    	Dead: 0
30  3867.71   3.40025     54.8325   3733    	Dead: 0
31  3864.99   3.44333     55.5271   3733    	Dead: 0
32  3858.37   3.29038     53.0607   3733    	Dead: 0
33  3857.42   3.44447     55.5454   3733    	Dead: 0
34  3856.06   3.50501     56.5218   3733    	Dead: 0
35  3849.41   3.31683     53.4873   3709    	Dead: 0
36  3847.16   3.39205     54.7002   3709    	Dead: 0
37  3843.55   3.35674     54.1308   3709    	Dead: 0
38  3843.34   3.60958     58.2081   3709    	Dead: 0
39  3840.32   3.52843     56.8995   3709    	Dead: 0
40  3837.18   3.44364     55.5322   3709    	Dead: 0
41  3834.79   3.38704     54.6194   3709    	Dead: 0
42  3833.55   3.43389     55.375    3709    	Dead: 0
43  3831.16   3.51263     56.6446   3709    	Dead: 0
44  3828.41   3.4942      56.3475   3708    	Dead: 0
45  3824.67   3.5038      56.5022   3703    	Dead: 0
46  3821.18   3.39221     54.7027   3703    	Dead: 0
47  3818.42   3.40834     54.9628   3703    	Dead: 0
48  3817.12   3.4604      55.8024   3703    	Dead: 0
49  3813.82   3.6137      58.2746   3685    	Dead: 0
50  3811.2    3.5333      56.978    3679    	Dead: 0
51  3807.29   3.49437     56.3502   3679    	Dead: 0
52  3802.96   3.44846     55.6098   3679    	Dead: 0
53  3803.13   3.47943     56.1093   3679    	Dead: 0
54  3803.3    3.65783     58.9861   3679    	Dead: 0
55  3799.26   3.66879     59.1629   3679    	Dead: 0
56  3796.93   3.65064     58.8702   3679    	Dead: 0
57  3791.66   3.5339      56.9877   3654    	Dead: 0
58  3789.07   3.56126     57.4289   3654    	Dead: 0
59  3787.72   3.5801      57.7327   3654    	Dead: 0
60  3785.15   3.52706     56.8773   3654    	Dead: 0
61  3782.81   3.55596     57.3434   3654    	Dead: 0
62  3781.76   3.65703     58.9733   3650    	Dead: 0
63  3775.97   3.43976     55.4697   3650    	Dead: 0
64  3775.37   3.54723     57.2026   3650    	Dead: 0
65  3773.33   3.51276     56.6468   3638    	Dead: 0
66  3774.44   3.70671     59.7743   3638    	Dead: 0
67  3774.83   3.77996     60.9557   3638    	Dead: 0
68  3771.99   3.68031     59.3487   3638    	Dead: 0
69  3768.95   3.62971     58.5326   3638    	Dead: 0
70  3765.3    3.57186     57.5998   3638    	Dead: 0
71  3763.33   3.63231     58.5746   3638    	Dead: 0
72  3761.33   3.64199     58.7307   3638    	Dead: 0
73  3757.97   3.64804     58.8283   3638    	Dead: 0
74  3755.52   3.70135     59.688    3616    	Dead: 0
75  3755.15   3.73394     60.2136   3616    	Dead: 0
76  3751.47   3.62426     58.4448   3616    	Dead: 0
77  3752.18   3.7314      60.1726   3616    	Dead: 0
78  3749.6    3.75811     60.6032   3616    	Dead: 0
79  3748.39   3.77514     60.8779   3616    	Dead: 0
80  3746.13   3.65716     58.9754   3616    	Dead: 0
81  3745.63   3.7644      60.7047   3616    	Dead: 0
82  3746.81   3.94757     63.6585   3616    	Dead: 0
83  3742.66   3.83203     61.7954   3616    	Dead: 0
84  3741.01   3.82132     61.6226   3616    	Dead: 0
85  3738.02   3.74358     60.3689   3616    	Dead: 0
86  3739.45   3.85869     62.2253   3613    	Dead: 0
87  3737.22   3.8555      62.1737   3613    	Dead: 0
88  3734.75   3.94079     63.5492   3613    	Dead: 0
89  3734.43   3.92108     63.2314   3613    	Dead: 0
90  3731.94   3.75419     60.54     3613    	Dead: 0
91  3731.85   3.89609     62.8283   3613    	Dead: 0
92  3731.91   3.91241     63.0915   3613    	Dead: 0
93  3733.89   4.07702     65.7461   3613    	Dead: 0
94  3730.67   3.89255     62.7712   3612    	Dead: 0
95  3732.03   4.00177     64.5326   3612    	Dead: 0
96  3731.37   4.04698     65.2616   3611    	Dead: 0
97  3727.08   3.89693     62.8419   3611    	Dead: 0
98  3726.59   3.89966     62.886    3611    	Dead: 0
99  3727.39   4.0268      64.9362   3611    	Dead: 0
100 3724.48   4.02853     64.964    3584    	Dead: 0
