0   10.0417   0.0738927   1.19159   6.62446 	Dead: 0
1   9.20027   0.0700027   1.12886   5.39729 	Dead: 0
2   8.44329   0.0664388   1.07139   5.18612 	Dead: 0
3   7.80974   0.0656029   1.05791   5.18177 	Dead: 0
4   7.23235   0.0588844   0.94957   3.5176  	Dead: 0
5   6.73814   0.0550539   0.887799  3.5176  	Dead: 0
6   6.36123   0.0564241   0.909895  3.20815 	Dead: 0
7   6.01623   0.0557119   0.898411  2.97011 	Dead: 0
8   5.73154   0.0569722   0.918734  2.97011 	Dead: 0
9   5.48144   0.0572326   0.922933  2.97011 	Dead: 0
10  5.23188   0.0585666   0.944445  2.95376 	Dead: 0
11  5.0592    0.0577269   0.930904  2.61258 	Dead: 0
12  4.84072   0.0564678   0.9106    2.61258 	Dead: 0
13  4.61707   0.0562344   0.906836  2.61258 	Dead: 0
14  4.45345   0.0594185   0.958182  2.09399 	Dead: 0
15  4.19813   0.0571979   0.922373  2.09399 	Dead: 0
16  4.01302   0.0567068   0.914453  2.09399 	Dead: 0
17  3.81668   0.0548636   0.884731  2.09399 	Dead: 0
18  3.67312   0.0545811   0.880175  2.09399 	Dead: 0
19  3.53896   0.0527299   0.850323  2.05791 	Dead: 0
20  3.42028   0.0506095   0.816129  2.05791 	Dead: 0
21  3.36639   0.0505257   0.814778  2.05791 	Dead: 0
22  3.25597   0.0464034   0.748301  2.03969 	Dead: 0
23  3.22635   0.0464603   0.749219  2.03969 	Dead: 0
24  3.19195   0.0497805   0.80276   1.90893 	Dead: 0
25  3.15082   0.0475797   0.767271  1.90893 	Dead: 0
26  3.10885   0.0459113   0.740365  1.90893 	Dead: 0
27  3.08478   0.0461368   0.744002  1.90893 	Dead: 0
28  3.03877   0.0457177   0.737243  1.90893 	Dead: 0
29  3.02884   0.0454214   0.732466  1.90893 	Dead: 0
30  2.9868    0.0453563   0.731415  1.79591 	Dead: 0
31  2.98201   0.0437243   0.705098  1.79591 	Dead: 0
32  2.96931   0.0456547   0.736228  1.79591 	Dead: 0
33  2.96088   0.0455321   0.73425   1.79591 	Dead: 0
34  2.94386   0.0450962   0.727222  1.79591 	Dead: 0
35  2.90513   0.0418194   0.67438   1.79591 	Dead: 0
36  2.92705   0.0456078   0.735471  1.79591 	Dead: 0
37  2.91572   0.0454874   0.733529  1.79591 	Dead: 0
38  2.86855   0.0430735   0.694603  1.79591 	Dead: 0
39  2.87383   0.0441246   0.711554  1.79591 	Dead: 0
40  2.87805   0.0442124   0.712969  1.79591 	Dead: 0
41  2.85109   0.0435765   0.702714  1.79591 	Dead: 0
42  2.82685   0.0419064   0.675783  1.79591 	Dead: 0
43  2.85722   0.0451579   0.728217  1.79591 	Dead: 0
44  2.86151   0.0450774   0.726918  1.79591 	Dead: 0
45  2.85927   0.0451194   0.727596  1.79591 	Dead: 0
46  2.83375   0.0442227   0.713136  1.79591 	Dead: 0
47  2.80603   0.0425444   0.686072  1.79591 	Dead: 0
48  2.81117   0.0420021   0.677326  1.68904 	Dead: 0
49  2.81464   0.0429453   0.692536  1.68904 	Dead: 0
50  2.82727   0.0440674   0.71063   1.68904 	Dead: 0
51  2.82072   0.0434526   0.700717  1.68904 	Dead: 0
52  2.78675   0.0428202   0.690518  1.68904 	Dead: 0
53  2.78579   0.0424909   0.685208  1.68904 	Dead: 0
54  2.77504   0.0434457   0.700605  1.68904 	Dead: 0
55  2.76152   0.0426681   0.688066  1.68904 	Dead: 0
56  2.80296   0.0438614   0.707308  1.68904 	Dead: 0
57  2.77639   0.0432227   0.69701   1.68904 	Dead: 0
58  2.78207   0.0442098   0.712928  1.68904 	Dead: 0
59  2.78496   0.044906    0.724154  1.68904 	Dead: 0
60  2.77995   0.0443303   0.714871  1.68904 	Dead: 0
61  2.76314   0.0432398   0.697284  1.68904 	Dead: 0
62  2.73094   0.0402851   0.649638  1.68904 	Dead: 0
63  2.77031   0.0438407   0.706975  1.68904 	Dead: 0
64  2.77971   0.0442966   0.714327  1.68904 	Dead: 0
65  2.76213   0.0427248   0.68898   1.68904 	Dead: 0
66  2.75101   0.0424155   0.683992  1.68904 	Dead: 0
67  2.72324   0.0419224   0.676041  1.68904 	Dead: 0
68  2.71936   0.0406062   0.654815  1.68904 	Dead: 0
69  2.73449   0.0436669   0.704173  1.68904 	Dead: 0
70  2.70566   0.0427372   0.689179  1.68904 	Dead: 0
71  2.6975    0.0419942   0.677199  1.68904 	Dead: 0
72  2.72641   0.0426509   0.687789  1.68904 	Dead: 0
73  2.71446   0.0433187   0.698557  1.68904 	Dead: 0
74  2.70182   0.0418248   0.674466  1.68904 	Dead: 0
75  2.70489   0.0431968   0.696592  1.68904 	Dead: 0
76  2.70812   0.0425559   0.686256  1.68904 	Dead: 0
77  2.68369   0.0426109   0.687144  1.68904 	Dead: 0
78  2.69843   0.0427305   0.689072  1.68904 	Dead: 0
79  2.6743    0.041332    0.66652   1.67363 	Dead: 0
80  2.68899   0.0421264   0.679331  1.67363 	Dead: 0
81  2.69493   0.0430625   0.694426  1.67363 	Dead: 0
82  2.68035   0.0404734   0.652675  1.67363 	Dead: 0
83  2.68781   0.0420952   0.678827  1.67363 	Dead: 0
84  2.67664   0.0407588   0.657276  1.67363 	Dead: 0
85  2.67183   0.0409633   0.660574  1.67363 	Dead: 0
86  2.69402   0.0431498   0.695834  1.67363 	Dead: 0
87  2.69756   0.0427098   0.688738  1.67363 	Dead: 0
88  2.65874   0.0408977   0.659516  1.67363 	Dead: 0
89  2.64592   0.040329    0.650345  1.67363 	Dead: 0
90  2.6577    0.0409175   0.659835  1.67363 	Dead: 0
91  2.63877   0.0401369   0.647247  1.67363 	Dead: 0
92  2.65884   0.0432235   0.697022  1.67363 	Dead: 0
93  2.64458   0.0408914   0.659415  1.67363 	Dead: 0
94  2.62948   0.0394236   0.635745  1.67363 	Dead: 0
95  2.62896   0.0403223   0.650238  1.67363 	Dead: 0
96  2.64564   0.0414672   0.6687    1.67363 	Dead: 0
97  2.64362   0.0409452   0.660283  1.67363 	Dead: 0
98  2.64895   0.0416242   0.671232  1.67363 	Dead: 0
99  2.65983   0.0414327   0.668143  1.67363 	Dead: 0
100 2.63039   0.040562    0.654103  1.67363 	Dead: 0
