0   10.2708   0.0762666   1.22988   5.95063 	Dead: 0
1   9.14028   0.0737862   1.18988   5.85327 	Dead: 0
2   8.35404   0.0657811   1.06079   5.10633 	Dead: 0
3   7.68597   0.0645448   1.04085   3.89607 	Dead: 0
4   7.12531   0.0582706   0.939672  3.89607 	Dead: 0
5   6.65072   0.0543934   0.877148  3.4697  	Dead: 0
6   6.28939   0.0535455   0.863475  3.4697  	Dead: 0
7   6.03576   0.0570781   0.920441  3.4697  	Dead: 0
8   5.77934   0.05638     0.909184  3.24474 	Dead: 0
9   5.55627   0.0551426   0.88923   3.24474 	Dead: 0
10  5.34694   0.0541992   0.874016  3.23811 	Dead: 0
11  5.17805   0.0559881   0.902865  3.10566 	Dead: 0
12  5.01532   0.0581109   0.937096  2.75917 	Dead: 0
13  4.75738   0.0557438   0.898925  2.59978 	Dead: 0
14  4.62772   0.055383    0.893107  2.59978 	Dead: 0
15  4.53937   0.0590344   0.951989  2.59978 	Dead: 0
16  4.38791   0.0563834   0.909239  2.42009 	Dead: 0
17  4.25832   0.0592531   0.955516  2.42009 	Dead: 0
18  4.12131   0.0571088   0.920937  2.28524 	Dead: 0
19  3.97858   0.0558731   0.90101   2.11911 	Dead: 0
20  3.83804   0.0532164   0.858168  2.05292 	Dead: 0
21  3.74274   0.0532241   0.858292  2.05292 	Dead: 0
22  3.62437   0.0511385   0.82466   2.05292 	Dead: 0
23  3.55061   0.0525884   0.84804   2.05292 	Dead: 0
24  3.47786   0.049602    0.799882  2.05292 	Dead: 0
25  3.43299   0.0506051   0.816058  2.05292 	Dead: 0
26  3.38103   0.0519074   0.837059  2.05292 	Dead: 0
27  3.31737   0.0507395   0.818225  2.05292 	Dead: 0
28  3.27004   0.0507788   0.818858  1.94349 	Dead: 0
29  3.23631   0.0508641   0.820235  1.94349 	Dead: 0
30  3.19895   0.0502754   0.810741  1.94349 	Dead: 0
31  3.17315   0.0473618   0.763756  1.94349 	Dead: 0
32  3.19907   0.0511835   0.825385  1.94349 	Dead: 0
33  3.15032   0.0490238   0.790558  1.94349 	Dead: 0
34  3.13341   0.0480285   0.774508  1.94349 	Dead: 0
35  3.06334   0.0453539   0.731377  1.915   	Dead: 0
36  3.08588   0.0476117   0.767786  1.915   	Dead: 0
37  3.06912   0.0475463   0.766732  1.90467 	Dead: 0
38  3.02659   0.0471692   0.760651  1.90467 	Dead: 0
39  3.0577    0.0496425   0.800535  1.90467 	Dead: 0
40  3.00785   0.046671    0.752617  1.90467 	Dead: 0
41  2.99725   0.0475852   0.767358  1.90467 	Dead: 0
42  3.00575   0.048528    0.782563  1.90467 	Dead: 0
43  2.97697   0.0477988   0.770803  1.90467 	Dead: 0
44  2.95229   0.046323    0.747005  1.90467 	Dead: 0
45  2.95184   0.04767     0.768726  1.90467 	Dead: 0
46  2.96691   0.047191    0.761002  1.90467 	Dead: 0
47  2.93413   0.045221    0.729233  1.90467 	Dead: 0
48  2.92281   0.0456079   0.735473  1.85899 	Dead: 0
49  2.95533   0.0489871   0.789965  1.85899 	Dead: 0
50  2.9403    0.0472473   0.761909  1.85899 	Dead: 0
51  2.96746   0.0499619   0.805686  1.72866 	Dead: 0
52  2.98343   0.0506544   0.816853  1.72866 	Dead: 0
53  2.941     0.0474942   0.765892  1.72866 	Dead: 0
54  2.90957   0.04496     0.725024  1.72866 	Dead: 0
55  2.90377   0.0449791   0.725333  1.72866 	Dead: 0
56  2.92608   0.0479199   0.772757  1.72866 	Dead: 0
57  2.88071   0.0460637   0.742823  1.72866 	Dead: 0
58  2.88081   0.0452304   0.729386  1.72866 	Dead: 0
59  2.8853    0.0463763   0.747864  1.72336 	Dead: 0
60  2.84551   0.0437425   0.705392  1.72336 	Dead: 0
61  2.8624    0.0453014   0.73053   1.72336 	Dead: 0
62  2.84303   0.0445087   0.717747  1.72336 	Dead: 0
63  2.84922   0.0449365   0.724647  1.72336 	Dead: 0
64  2.84384   0.0441097   0.711313  1.72336 	Dead: 0
65  2.86817   0.0467014   0.753108  1.72336 	Dead: 0
66  2.84374   0.0468466   0.755448  1.72336 	Dead: 0
67  2.8463    0.0458781   0.739831  1.72336 	Dead: 0
68  2.86345   0.0465963   0.751411  1.72336 	Dead: 0
69  2.80851   0.0439147   0.708168  1.72336 	Dead: 0
70  2.81202   0.0448127   0.72265   1.68019 	Dead: 0
71  2.86764   0.0484557   0.781397  1.68019 	Dead: 0
72  2.86769   0.0479758   0.773658  1.68019 	Dead: 0
73  2.84264   0.0472323   0.761669  1.68019 	Dead: 0
74  2.79416   0.0439716   0.709087  1.68019 	Dead: 0
75  2.79168   0.0456729   0.736522  1.68019 	Dead: 0
76  2.81269   0.0463566   0.747547  1.68019 	Dead: 0
77  2.80654   0.043914    0.708157  1.68019 	Dead: 0
78  2.82518   0.0468538   0.755565  1.68019 	Dead: 0
79  2.78399   0.0426673   0.688052  1.68019 	Dead: 0
80  2.80537   0.0459066   0.74029   1.68019 	Dead: 0
81  2.80966   0.0446346   0.719778  1.68019 	Dead: 0
82  2.80605   0.0448427   0.723133  1.68019 	Dead: 0
83  2.75988   0.043911    0.708109  1.68019 	Dead: 0
84  2.78063   0.0449676   0.725147  1.68019 	Dead: 0
85  2.7859    0.0455541   0.734606  1.68019 	Dead: 0
86  2.79564   0.0475277   0.766431  1.68019 	Dead: 0
87  2.78138   0.0468939   0.756212  1.68019 	Dead: 0
88  2.79      0.0466389   0.752099  1.68019 	Dead: 0
89  2.78862   0.0468069   0.754809  1.68019 	Dead: 0
90  2.76919   0.0473862   0.764151  1.68019 	Dead: 0
91  2.7469    0.0449885   0.725484  1.68019 	Dead: 0
92  2.7365    0.0434061   0.699966  1.68019 	Dead: 0
93  2.77364   0.0474835   0.765719  1.68019 	Dead: 0
94  2.75062   0.0438239   0.706704  1.68019 	Dead: 0
95  2.74914   0.044412    0.716188  1.68019 	Dead: 0
96  2.74249   0.0433142   0.698485  1.68019 	Dead: 0
97  2.76696   0.0458977   0.740146  1.68019 	Dead: 0
98  2.7371    0.0426636   0.687993  1.68019 	Dead: 0
99  2.75155   0.045692    0.736828  1.68019 	Dead: 0
100 2.7195    0.043166    0.696094  1.68019 	Dead: 0
