0   10.4793   0.074722    1.20497   5.56433 	Dead: 0
1   9.28905   0.0718623   1.15885   5.56433 	Dead: 0
2   8.41755   0.0688182   1.10976   5.45379 	Dead: 0
3   7.72374   0.0602879   0.972203  4.94734 	Dead: 0
4   7.2224    0.0550757   0.888151  4.30761 	Dead: 0
5   6.86674   0.0556413   0.897271  3.92311 	Dead: 0
6   6.57345   0.0546638   0.881509  3.92311 	Dead: 0
7   6.36093   0.0570688   0.920291  3.53315 	Dead: 0
8   6.07902   0.0574612   0.926619  2.90092 	Dead: 0
9   5.89372   0.0571184   0.921092  2.90092 	Dead: 0
10  5.67929   0.0553241   0.892157  2.90092 	Dead: 0
11  5.57487   0.0603069   0.972508  2.83298 	Dead: 0
12  5.45092   0.0583295   0.940622  2.83298 	Dead: 0
13  5.32202   0.0598205   0.964665  2.83298 	Dead: 0
14  5.20586   0.0602634   0.971808  2.83298 	Dead: 0
15  5.06217   0.0615991   0.993348  2.73932 	Dead: 0
16  4.92353   0.0618454   0.997318  2.73932 	Dead: 0
17  4.85825   0.0623059   1.00475   2.72664 	Dead: 0
18  4.75338   0.062505    1.00796   2.53686 	Dead: 0
19  4.65623   0.0627155   1.01135   2.53686 	Dead: 0
20  4.53452   0.0615214   0.992093  2.53686 	Dead: 0
21  4.43819   0.0639967   1.03201   2.53686 	Dead: 0
22  4.35474   0.0619201   0.998524  2.40048 	Dead: 0
23  4.29671   0.0651635   1.05083   2.17883 	Dead: 0
24  4.14938   0.0641178   1.03396   2.17883 	Dead: 0
25  4.02865   0.0582509   0.939353  2.17883 	Dead: 0
26  3.96908   0.0617445   0.995692  2.17883 	Dead: 0
27  3.9312    0.0617554   0.995868  2.17883 	Dead: 0
28  3.89643   0.0640761   1.03329   2.17883 	Dead: 0
29  3.82768   0.0631136   1.01777   2.17883 	Dead: 0
30  3.75016   0.0595682   0.960596  2.17883 	Dead: 0
31  3.72127   0.0593247   0.95667   2.17883 	Dead: 0
32  3.6675    0.0583955   0.941686  2.11846 	Dead: 0
33  3.6367    0.0596314   0.961616  2.11846 	Dead: 0
34  3.6538    0.060857    0.981381  2.11846 	Dead: 0
35  3.59205   0.0612279   0.987361  2.11846 	Dead: 0
36  3.53837   0.0590584   0.952376  2.11846 	Dead: 0
37  3.50696   0.0577444   0.931186  2.11846 	Dead: 0
38  3.46293   0.0582724   0.939701  2.11846 	Dead: 0
39  3.46793   0.0582843   0.939892  1.89098 	Dead: 0
40  3.42428   0.0593361   0.956854  1.89098 	Dead: 0
41  3.35878   0.0539615   0.870184  1.89098 	Dead: 0
42  3.36878   0.0572184   0.922704  1.89098 	Dead: 0
43  3.35447   0.0578446   0.932802  1.89098 	Dead: 0
44  3.40433   0.0612346   0.987469  1.89098 	Dead: 0
45  3.35819   0.0567439   0.915052  1.89098 	Dead: 0
46  3.30126   0.0561493   0.905463  1.89098 	Dead: 0
47  3.2902    0.0561877   0.906083  1.89098 	Dead: 0
48  3.33592   0.0600939   0.969075  1.89098 	Dead: 0
49  3.27433   0.0555446   0.895712  1.89098 	Dead: 0
50  3.2765    0.0593502   0.957082  1.89098 	Dead: 0
51  3.21415   0.0558589   0.900781  1.89098 	Dead: 0
52  3.22409   0.0566383   0.913348  1.89098 	Dead: 0
53  3.22345   0.0568679   0.917052  1.89098 	Dead: 0
54  3.2471    0.0590768   0.952673  1.89098 	Dead: 0
55  3.2296    0.0590753   0.952648  1.89098 	Dead: 0
56  3.16753   0.0553512   0.892594  1.89098 	Dead: 0
57  3.16005   0.0551381   0.889157  1.89098 	Dead: 0
58  3.17746   0.0572744   0.923608  1.89098 	Dead: 0
59  3.1876    0.0584698   0.942884  1.89098 	Dead: 0
60  3.15944   0.0547482   0.88287   1.89098 	Dead: 0
61  3.16053   0.0554395   0.894017  1.89098 	Dead: 0
62  3.11624   0.0538467   0.868331  1.89098 	Dead: 0
63  3.13497   0.0552378   0.890764  1.89098 	Dead: 0
64  3.11323   0.0536622   0.865357  1.89098 	Dead: 0
65  3.12999   0.0553063   0.891869  1.89098 	Dead: 0
66  3.07098   0.0512491   0.826443  1.89098 	Dead: 0
67  3.08264   0.0546352   0.881047  1.89098 	Dead: 0
68  3.09956   0.0524084   0.845138  1.89098 	Dead: 0
69  3.07991   0.0530266   0.855107  1.8257  	Dead: 0
70  3.09497   0.0582525   0.93938   1.8257  	Dead: 0
71  3.05181   0.0531236   0.856672  1.8257  	Dead: 0
72  3.06518   0.0546657   0.881538  1.8257  	Dead: 0
73  3.03981   0.0532471   0.858664  1.8257  	Dead: 0
74  3.04022   0.0525912   0.848086  1.8257  	Dead: 0
75  3.03636   0.0537425   0.866652  1.8257  	Dead: 0
76  2.99348   0.0505637   0.81539   1.8257  	Dead: 0
77  3.00665   0.0512564   0.82656   1.8257  	Dead: 0
78  3.02964   0.0535423   0.863422  1.8257  	Dead: 0
79  3.01581   0.0520834   0.839897  1.8257  	Dead: 0
80  3.04496   0.0552644   0.891193  1.8257  	Dead: 0
81  3.02479   0.053544    0.863451  1.75714 	Dead: 0
82  3.0562    0.0554821   0.894704  1.75714 	Dead: 0
83  3.01394   0.0536365   0.864942  1.75714 	Dead: 0
84  3.00348   0.0537311   0.866468  1.75714 	Dead: 0
85  2.98023   0.0534905   0.862588  1.75714 	Dead: 0
86  3.02294   0.0555605   0.895969  1.75714 	Dead: 0
87  2.9884    0.054906    0.885413  1.75714 	Dead: 0
88  2.96627   0.0521968   0.841726  1.75714 	Dead: 0
89  2.99016   0.0534516   0.86196   1.75714 	Dead: 0
90  2.98809   0.0531347   0.85685   1.75714 	Dead: 0
91  2.99804   0.0525086   0.846754  1.75714 	Dead: 0
92  3.01896   0.0527706   0.850979  1.75714 	Dead: 0
93  3.01593   0.0514046   0.828951  1.75714 	Dead: 0
94  2.99889   0.0525454   0.847347  1.75714 	Dead: 0
95  3.02965   0.0550393   0.887564  1.75714 	Dead: 0
96  3.01191   0.0534631   0.862147  1.75714 	Dead: 0
97  2.99913   0.0552856   0.891535  1.75714 	Dead: 0
98  3.02238   0.0550014   0.886953  1.75714 	Dead: 0
99  3.02776   0.0536296   0.864832  1.75714 	Dead: 0
100 2.98247   0.0519842   0.838298  1.75714 	Dead: 0
