0   9.97369   0.074388    1.19958   6.31034 	Dead: 0
1   9.09278   0.0740295   1.1938    5.29998 	Dead: 0
2   8.33937   0.0695307   1.12125   5.29998 	Dead: 0
3   7.63874   0.0632104   1.01933   4.51225 	Dead: 0
4   7.1138    0.0637584   1.02817   4.35099 	Dead: 0
5   6.54441   0.0601818   0.970491  3.59997 	Dead: 0
6   6.10491   0.0566707   0.913871  3.40495 	Dead: 0
7   5.74785   0.0559398   0.902085  2.96547 	Dead: 0
8   5.4094    0.0555112   0.895174  2.96547 	Dead: 0
9   5.1123    0.0544524   0.878099  2.581   	Dead: 0
10  4.8507    0.054607    0.880592  1.96611 	Dead: 0
11  4.57694   0.0528917   0.852932  1.96611 	Dead: 0
12  4.41295   0.0574881   0.927053  1.96611 	Dead: 0
13  4.26711   0.057884    0.933438  1.96611 	Dead: 0
14  4.12246   0.0580884   0.936733  1.96611 	Dead: 0
15  3.99137   0.0544623   0.87826   1.96611 	Dead: 0
16  3.92884   0.0563606   0.908871  1.96611 	Dead: 0
17  3.80317   0.0545153   0.879114  1.96611 	Dead: 0
18  3.73758   0.0557691   0.899332  1.96611 	Dead: 0
19  3.66636   0.0560967   0.904615  1.96611 	Dead: 0
20  3.58132   0.0551094   0.888695  1.96611 	Dead: 0
21  3.51289   0.0531349   0.856854  1.96611 	Dead: 0
22  3.46594   0.0551766   0.889778  1.96611 	Dead: 0
23  3.41135   0.0529669   0.854145  1.96611 	Dead: 0
24  3.34716   0.0525111   0.846793  1.96611 	Dead: 0
25  3.3284    0.0543923   0.877131  1.96611 	Dead: 0
26  3.24896   0.050431    0.81325   1.96611 	Dead: 0
27  3.27168   0.0536904   0.865812  1.96611 	Dead: 0
28  3.26741   0.0545292   0.879338  1.96611 	Dead: 0
29  3.20913   0.0521493   0.840959  1.96611 	Dead: 0
30  3.20291   0.0523002   0.843393  1.96611 	Dead: 0
31  3.18597   0.0525691   0.847729  1.96611 	Dead: 0
32  3.16362   0.0528716   0.852608  1.96611 	Dead: 0
33  3.12893   0.0519214   0.837284  1.96611 	Dead: 0
34  3.1639    0.0539099   0.869351  1.96611 	Dead: 0
35  3.15531   0.0535687   0.863849  1.96611 	Dead: 0
36  3.13218   0.0527497   0.850642  1.96611 	Dead: 0
37  3.09647   0.0523033   0.843443  1.96611 	Dead: 0
38  3.06696   0.0494555   0.79752   1.91512 	Dead: 0
39  3.10717   0.0534485   0.86191   1.91512 	Dead: 0
40  3.10472   0.0535491   0.863533  1.91512 	Dead: 0
41  3.08278   0.0534283   0.861585  1.9006  	Dead: 0
42  3.07857   0.0552336   0.890698  1.9006  	Dead: 0
43  3.09106   0.0548487   0.884489  1.9006  	Dead: 0
44  3.04426   0.0506617   0.816971  1.9006  	Dead: 0
45  3.01727   0.0489622   0.789565  1.9006  	Dead: 0
46  3.03895   0.0500186   0.806599  1.9006  	Dead: 0
47  3.02866   0.0494178   0.796912  1.9006  	Dead: 0
48  3.02558   0.0508684   0.820303  1.9006  	Dead: 0
49  3.00634   0.0494236   0.797006  1.88647 	Dead: 0
50  2.99699   0.0488899   0.788399  1.88647 	Dead: 0
51  2.99843   0.0503957   0.812681  1.88647 	Dead: 0
52  2.97707   0.0489761   0.789788  1.88647 	Dead: 0
53  2.96022   0.0487331   0.785869  1.88647 	Dead: 0
54  2.96256   0.0482252   0.77768   1.88647 	Dead: 0
55  3.02117   0.0526464   0.848976  1.88647 	Dead: 0
56  2.99611   0.0531083   0.856424  1.88647 	Dead: 0
57  2.96907   0.0494289   0.79709   1.69134 	Dead: 0
58  2.96487   0.0528569   0.85237   1.69134 	Dead: 0
59  2.98757   0.0535149   0.862981  1.69134 	Dead: 0
60  2.9693    0.0526373   0.848829  1.69134 	Dead: 0
61  2.95365   0.0506259   0.816393  1.69134 	Dead: 0
62  2.96562   0.0512527   0.826502  1.69134 	Dead: 0
63  2.90482   0.0476937   0.769109  1.69134 	Dead: 0
64  2.91537   0.0476307   0.768093  1.69134 	Dead: 0
65  2.9862    0.0522047   0.841853  1.69134 	Dead: 0
66  2.96892   0.0521325   0.840689  1.69134 	Dead: 0
67  2.93023   0.0483975   0.780457  1.69134 	Dead: 0
68  2.95869   0.0510512   0.823252  1.69134 	Dead: 0
69  2.96735   0.051029    0.822894  1.69134 	Dead: 0
70  2.96584   0.0519379   0.837551  1.69134 	Dead: 0
71  2.95679   0.0522894   0.843219  1.69134 	Dead: 0
72  2.9492    0.051809    0.835472  1.69134 	Dead: 0
73  2.91411   0.0508376   0.819808  1.69134 	Dead: 0
74  2.90743   0.0492769   0.79464   1.69134 	Dead: 0
75  2.92602   0.0479188   0.772739  1.69134 	Dead: 0
76  2.9316    0.0498543   0.80395   1.69134 	Dead: 0
77  2.93849   0.0501247   0.808312  1.69134 	Dead: 0
78  2.93302   0.0502619   0.810524  1.69134 	Dead: 0
79  2.9332    0.0501986   0.809503  1.69134 	Dead: 0
80  2.93236   0.0511031   0.824088  1.69134 	Dead: 0
81  2.89139   0.0494801   0.797917  1.69134 	Dead: 0
82  2.87564   0.0488349   0.787512  1.69134 	Dead: 0
83  2.89623   0.0484607   0.781477  1.69134 	Dead: 0
84  2.93314   0.0501957   0.809455  1.69134 	Dead: 0
85  2.93168   0.0510461   0.823169  1.69134 	Dead: 0
86  2.96431   0.0528694   0.852573  1.69134 	Dead: 0
87  2.87414   0.0473574   0.763686  1.69134 	Dead: 0
88  2.88458   0.0493888   0.796444  1.69134 	Dead: 0
89  2.8743    0.0489788   0.789832  1.69134 	Dead: 0
90  2.89022   0.0489643   0.789599  1.69134 	Dead: 0
91  2.89436   0.0489935   0.79007   1.69134 	Dead: 0
92  2.88786   0.048304    0.778951  1.69134 	Dead: 0
93  2.91858   0.0536093   0.864503  1.69134 	Dead: 0
94  2.88427   0.0497198   0.801781  1.69134 	Dead: 0
95  2.85046   0.0496485   0.800632  1.69134 	Dead: 0
96  2.86982   0.0488072   0.787066  1.69134 	Dead: 0
97  2.88129   0.050416    0.813009  1.69134 	Dead: 0
98  2.89835   0.0516688   0.833211  1.69134 	Dead: 0
99  2.88204   0.0483559   0.779787  1.69134 	Dead: 0
100 2.89008   0.0508907   0.820664  1.69134 	Dead: 0
