0   11.8882   0.0719946   1.16098   7.82793 	Dead: 0
1   11.0634   0.0681142   1.09841   7.77342 	Dead: 0
2   10.3276   0.0679876   1.09637   6.68491 	Dead: 0
3   9.45863   0.0691655   1.11536   6.02579 	Dead: 0
4   8.46948   0.0717782   1.1575    4.95122 	Dead: 0
5   7.6977    0.0694222   1.1195    4.23829 	Dead: 0
6   6.94024   0.0600513   0.968387  3.69868 	Dead: 0
7   6.41241   0.0605145   0.975857  3.69868 	Dead: 0
8   5.9427    0.0588886   0.949637  3.33904 	Dead: 0
9   5.57676   0.058189    0.938355  3.08345 	Dead: 0
10  5.2524    0.0576421   0.929537  2.81659 	Dead: 0
11  4.91208   0.0562154   0.90653   2.6291  	Dead: 0
12  4.66769   0.0575408   0.927903  2.49328 	Dead: 0
13  4.39836   0.0573933   0.925525  2.49328 	Dead: 0
14  4.17892   0.0569286   0.91803   2.36961 	Dead: 0
15  4.0009    0.0594847   0.95925   1.89708 	Dead: 0
16  3.80346   0.0566049   0.91281   1.89708 	Dead: 0
17  3.5727    0.049695    0.801382  1.89708 	Dead: 0
18  3.49698   0.0519089   0.837083  1.89708 	Dead: 0
19  3.44121   0.0548804   0.885001  1.89708 	Dead: 0
20  3.3711    0.0522699   0.842905  1.89708 	Dead: 0
21  3.32924   0.0536042   0.864421  1.89708 	Dead: 0
22  3.24811   0.0496272   0.800289  1.89708 	Dead: 0
23  3.2053    0.0502682   0.810625  1.89708 	Dead: 0
24  3.16852   0.0497485   0.802245  1.89708 	Dead: 0
25  3.15282   0.0503008   0.81115   1.89708 	Dead: 0
26  3.0826    0.0472322   0.761667  1.89708 	Dead: 0
27  3.05186   0.0449045   0.72413   1.89708 	Dead: 0
28  3.02537   0.0469332   0.756845  1.89708 	Dead: 0
29  3.01262   0.0471881   0.760956  1.89708 	Dead: 0
30  2.97005   0.0440158   0.709799  1.89708 	Dead: 0
31  2.99262   0.0490176   0.790459  1.89708 	Dead: 0
32  2.95389   0.0463941   0.748152  1.89708 	Dead: 0
33  2.95685   0.0471572   0.760457  1.89708 	Dead: 0
34  2.96098   0.0462412   0.745685  1.89708 	Dead: 0
35  2.92441   0.0464495   0.749045  1.88998 	Dead: 0
36  2.91356   0.0476913   0.769071  1.84078 	Dead: 0
37  2.88623   0.0451501   0.72809   1.84078 	Dead: 0
38  2.87222   0.0461726   0.74458   1.84078 	Dead: 0
39  2.86036   0.0479371   0.773034  1.84078 	Dead: 0
40  2.86612   0.0471144   0.759766  1.84078 	Dead: 0
41  2.84693   0.0454184   0.732417  1.84078 	Dead: 0
42  2.84648   0.0467457   0.753821  1.71481 	Dead: 0
43  2.8257    0.045575    0.734943  1.71481 	Dead: 0
44  2.80642   0.0430867   0.694817  1.71481 	Dead: 0
45  2.81442   0.0442617   0.713764  1.71481 	Dead: 0
46  2.79336   0.0446086   0.719359  1.71481 	Dead: 0
47  2.78322   0.043731    0.705206  1.71481 	Dead: 0
48  2.76302   0.0448661   0.723511  1.71481 	Dead: 0
49  2.78416   0.0460241   0.742184  1.71481 	Dead: 0
50  2.75532   0.0430893   0.694858  1.71481 	Dead: 0
51  2.74291   0.0429049   0.691884  1.71481 	Dead: 0
52  2.73774   0.0429966   0.693364  1.71481 	Dead: 0
53  2.70692   0.0418028   0.674112  1.71481 	Dead: 0
54  2.69076   0.0429175   0.692088  1.71481 	Dead: 0
55  2.69288   0.0449291   0.724526  1.71481 	Dead: 0
56  2.67395   0.0425832   0.686696  1.71481 	Dead: 0
57  2.70845   0.0443134   0.714599  1.71481 	Dead: 0
58  2.66842   0.041374    0.667197  1.71481 	Dead: 0
59  2.65444   0.0404191   0.651798  1.71481 	Dead: 0
60  2.65271   0.0405228   0.653471  1.71481 	Dead: 0
61  2.61703   0.0381793   0.615679  1.71481 	Dead: 0
62  2.64633   0.0429289   0.692272  1.71481 	Dead: 0
63  2.63206   0.0417669   0.673533  1.71481 	Dead: 0
64  2.63937   0.0427686   0.689686  1.66864 	Dead: 0
65  2.59023   0.0412207   0.664725  1.66864 	Dead: 0
66  2.58014   0.0410561   0.66207   1.66864 	Dead: 0
67  2.59498   0.0412447   0.665112  1.66864 	Dead: 0
68  2.57503   0.0402051   0.648348  1.66864 	Dead: 0
69  2.58903   0.0412083   0.664526  1.66864 	Dead: 0
70  2.57428   0.0408654   0.658995  1.66864 	Dead: 0
71  2.58862   0.0426324   0.68749   1.62486 	Dead: 0
72  2.54908   0.0404409   0.65215   1.62486 	Dead: 0
73  2.5525    0.0397287   0.640666  1.62486 	Dead: 0
74  2.56548   0.0417213   0.672797  1.62486 	Dead: 0
75  2.56699   0.0425962   0.686906  1.62486 	Dead: 0
76  2.54569   0.0423902   0.683585  1.62486 	Dead: 0
77  2.50769   0.0393419   0.634427  1.62486 	Dead: 0
78  2.51227   0.0404456   0.652226  1.62486 	Dead: 0
79  2.47565   0.0384068   0.619348  1.62486 	Dead: 0
80  2.4698    0.0375665   0.605797  1.62486 	Dead: 0
81  2.48355   0.0388361   0.626271  1.62486 	Dead: 0
82  2.45932   0.0377235   0.60833   1.62486 	Dead: 0
83  2.47248   0.0389477   0.628071  1.62486 	Dead: 0
84  2.48222   0.0414156   0.667869  1.62486 	Dead: 0
85  2.44536   0.0380375   0.613392  1.60701 	Dead: 0
86  2.4687    0.0379454   0.611907  1.60701 	Dead: 0
87  2.50363   0.040988    0.660973  1.60701 	Dead: 0
88  2.46378   0.0393738   0.634942  1.60701 	Dead: 0
89  2.46842   0.0416703   0.671975  1.60701 	Dead: 0
90  2.42709   0.0365131   0.58881   1.60701 	Dead: 0
91  2.42118   0.0378427   0.610251  1.60701 	Dead: 0
92  2.43335   0.0388131   0.625901  1.60701 	Dead: 0
93  2.42851   0.0404489   0.652279  1.60701 	Dead: 0
94  2.4456    0.0393261   0.634172  1.60701 	Dead: 0
95  2.41946   0.0399413   0.644094  1.60701 	Dead: 0
96  2.4105    0.0388461   0.626432  1.60701 	Dead: 0
97  2.40735   0.03874     0.624722  1.60701 	Dead: 0
98  2.42017   0.0390541   0.629786  1.60701 	Dead: 0
99  2.40454   0.0375878   0.606141  1.60701 	Dead: 0
100 2.43026   0.0416795   0.672123  1.59131 	Dead: 0
