0   10.6479   0.0753635   1.21531   5.87817 	Dead: 0
1   9.43555   0.0706867   1.13989   5.87817 	Dead: 0
2   8.53346   0.0671428   1.08275   5.18117 	Dead: 0
3   7.80956   0.0619574   0.999126  4.29833 	Dead: 0
4   7.27119   0.0606684   0.978339  4.29833 	Dead: 0
5   6.88311   0.0595945   0.961021  3.99346 	Dead: 0
6   6.53539   0.0584121   0.941954  2.67608 	Dead: 0
7   6.21123   0.0597964   0.964277  2.67608 	Dead: 0
8   5.86803   0.0543134   0.875858  2.67608 	Dead: 0
9   5.66708   0.0577225   0.930834  2.67608 	Dead: 0
10  5.44946   0.0577045   0.930543  2.67608 	Dead: 0
11  5.24893   0.056371    0.90904   2.67608 	Dead: 0
12  5.07247   0.0582268   0.938966  2.67608 	Dead: 0
13  4.91346   0.0586526   0.945831  2.64033 	Dead: 0
14  4.72309   0.0566556   0.913628  2.64033 	Dead: 0
15  4.63046   0.0609323   0.982594  2.56058 	Dead: 0
16  4.44058   0.0572114   0.922592  2.56058 	Dead: 0
17  4.36332   0.0586153   0.94523   2.56058 	Dead: 0
18  4.22032   0.0571124   0.920994  2.51255 	Dead: 0
19  4.13729   0.0570552   0.920072  2.50079 	Dead: 0
20  4.0278    0.0556862   0.897996  2.45255 	Dead: 0
21  3.95918   0.0585706   0.94451   2.45255 	Dead: 0
22  3.85964   0.0550664   0.888     2.45255 	Dead: 0
23  3.81117   0.0553061   0.891866  2.44427 	Dead: 0
24  3.74086   0.0559659   0.902506  2.3128  	Dead: 0
25  3.67565   0.0539056   0.869282  2.3128  	Dead: 0
26  3.62336   0.0537106   0.866136  2.12948 	Dead: 0
27  3.58815   0.0525407   0.847272  2.12948 	Dead: 0
28  3.54888   0.0523772   0.844635  2.12948 	Dead: 0
29  3.51461   0.0533273   0.859957  2.12948 	Dead: 0
30  3.47124   0.0528054   0.85154   2.12948 	Dead: 0
31  3.42924   0.0527868   0.85124   2.12948 	Dead: 0
32  3.3784    0.0522155   0.842028  1.89791 	Dead: 0
33  3.36512   0.0534557   0.862027  1.89791 	Dead: 0
34  3.33419   0.0536187   0.864656  1.89791 	Dead: 0
35  3.25044   0.0486012   0.783743  1.89791 	Dead: 0
36  3.30209   0.0547465   0.882842  1.89791 	Dead: 0
37  3.22677   0.0497026   0.801504  1.89791 	Dead: 0
38  3.19027   0.0499785   0.805954  1.89791 	Dead: 0
39  3.1796    0.0492946   0.794924  1.89791 	Dead: 0
40  3.20771   0.0534431   0.861824  1.82933 	Dead: 0
41  3.19391   0.0512436   0.826354  1.82933 	Dead: 0
42  3.15034   0.051241    0.826313  1.82933 	Dead: 0
43  3.17888   0.0533366   0.860106  1.82933 	Dead: 0
44  3.14155   0.0512133   0.825866  1.82933 	Dead: 0
45  3.11832   0.0500016   0.806326  1.82933 	Dead: 0
46  3.11897   0.051361    0.828248  1.82933 	Dead: 0
47  3.09556   0.0503038   0.8112    1.82933 	Dead: 0
48  3.07699   0.0505151   0.814607  1.82933 	Dead: 0
49  3.06132   0.0513208   0.8276    1.82933 	Dead: 0
50  3.03845   0.0487791   0.786611  1.82933 	Dead: 0
51  3.06227   0.0512267   0.826082  1.82933 	Dead: 0
52  3.03676   0.0504304   0.81324   1.82933 	Dead: 0
53  2.99787   0.0494541   0.797497  1.82933 	Dead: 0
54  2.97637   0.0485527   0.782961  1.82933 	Dead: 0
55  2.96596   0.0493135   0.79523   1.79812 	Dead: 0
56  2.98954   0.0507809   0.818893  1.79812 	Dead: 0
57  3.00993   0.0530121   0.854874  1.79812 	Dead: 0
58  2.94771   0.0509654   0.821869  1.79812 	Dead: 0
59  2.961     0.0495397   0.798878  1.79812 	Dead: 0
60  2.99379   0.0527883   0.851264  1.79812 	Dead: 0
61  2.96546   0.049346    0.795754  1.79812 	Dead: 0
62  2.90471   0.0467725   0.754254  1.79812 	Dead: 0
63  2.94734   0.0502311   0.810026  1.79812 	Dead: 0
64  2.91903   0.0471404   0.760187  1.79812 	Dead: 0
65  2.94044   0.0485298   0.782591  1.79812 	Dead: 0
66  2.94301   0.049849    0.803866  1.79812 	Dead: 0
67  2.93087   0.0499842   0.806045  1.79812 	Dead: 0
68  2.90005   0.0482044   0.777345  1.79278 	Dead: 0
69  2.88934   0.0466524   0.752316  1.79278 	Dead: 0
70  2.89333   0.0471313   0.760039  1.79278 	Dead: 0
71  2.89412   0.0489453   0.789292  1.79278 	Dead: 0
72  2.89984   0.0489006   0.788572  1.79278 	Dead: 0
73  2.88068   0.0476078   0.767723  1.79278 	Dead: 0
74  2.87526   0.0466811   0.752779  1.79278 	Dead: 0
75  2.89464   0.0500298   0.80678   1.79278 	Dead: 0
76  2.87319   0.0483189   0.77919   1.79278 	Dead: 0
77  2.87615   0.0478993   0.772424  1.79278 	Dead: 0
78  2.88971   0.0485573   0.783035  1.79278 	Dead: 0
79  2.8705    0.04777     0.770339  1.79278 	Dead: 0
80  2.86596   0.0475615   0.766977  1.79278 	Dead: 0
81  2.83335   0.0464936   0.749756  1.79278 	Dead: 0
82  2.84053   0.0461047   0.743485  1.79278 	Dead: 0
83  2.88827   0.0499911   0.806157  1.79278 	Dead: 0
84  2.84316   0.0470383   0.758539  1.67588 	Dead: 0
85  2.84331   0.0481324   0.776182  1.67588 	Dead: 0
86  2.7994    0.0461269   0.743843  1.67588 	Dead: 0
87  2.84616   0.0489376   0.789167  1.67588 	Dead: 0
88  2.75653   0.0422044   0.680588  1.67588 	Dead: 0
89  2.74997   0.0422371   0.681115  1.67588 	Dead: 0
90  2.77982   0.0471106   0.759706  1.67588 	Dead: 0
91  2.78995   0.0475521   0.766825  1.67588 	Dead: 0
92  2.79705   0.0488009   0.786964  1.67588 	Dead: 0
93  2.786     0.0467187   0.753386  1.67588 	Dead: 0
94  2.79109   0.0481767   0.776898  1.67588 	Dead: 0
95  2.77782   0.0465898   0.751308  1.67588 	Dead: 0
96  2.75701   0.0446046   0.719293  1.67588 	Dead: 0
97  2.76019   0.0457731   0.738137  1.67588 	Dead: 0
98  2.777     0.0478037   0.770882  1.67588 	Dead: 0
99  2.75932   0.0473718   0.763917  1.67588 	Dead: 0
100 2.76428   0.0470737   0.759111  1.67588 	Dead: 0
