0   4054.43   2.072       33.413    3961    	Dead: 0
1   3969.09   1.50842     24.3247   3914    	Dead: 0
2   3911.02   1.05132     16.9536   3852    	Dead: 0
3   3872.14   0.890838    14.3656   3818    	Dead: 0
4   3840.27   0.803204    12.9525   3795    	Dead: 0
5   3818.24   0.780932    12.5933   3781    	Dead: 0
6   3799.72   0.756903    12.2058   3768    	Dead: 0
7   3785.21   0.753901    12.1574   3747    	Dead: 0
8   3774.97   0.772279    12.4538   3742    	Dead: 0
9   3764.32   0.759123    12.2416   3724    	Dead: 0
10  3756.51   0.805516    12.9898   3720    	Dead: 0
11  3750.83   0.798786    12.8812   3720    	Dead: 0
12  3747.58   0.896251    14.4529   3714    	Dead: 0
13  3743.44   0.90204     14.5463   3706    	Dead: 0
14  3739.16   0.923919    14.8991   3699    	Dead: 0
15  3735.54   0.956907    15.4311   3699    	Dead: 0
16  3731.69   1.07021     17.2582   3694    	Dead: 0
17  3726.1    1.12206     18.0944   3688    	Dead: 0
18  3718.82   1.12051     18.0693   3679    	Dead: 0
19  3712.55   1.22758     19.7959   3672    	Dead: 0
20  3706.17   1.25359     20.2154   3669    	Dead: 0
21  3701.76   1.24906     20.1423   3659    	Dead: 0
22  3699.12   1.29867     20.9423   3659    	Dead: 0
23  3697.2    1.34525     21.6935   3659    	Dead: 0
24  3694.14   1.36088     21.9456   3659    	Dead: 0
25  3693.37   1.47045     23.7124   3654    	Dead: 0
26  3690.47   1.399       22.5603   3654    	Dead: 0
27  3690.03   1.50444     24.2605   3654    	Dead: 0
28  3687.72   1.50193     24.2201   3650    	Dead: 0
29  3686.56   1.56805     25.2864   3648    	Dead: 0
30  3685.72   1.62914     26.2716   3644    	Dead: 0
31  3683.1    1.62016     26.1267   3642    	Dead: 0
32  3680.69   1.70884     27.5568   3638    	Dead: 0
33  3679.55   1.78881     28.8463   3631    	Dead: 0
34  3676.58   1.75165     28.2471   3631    	Dead: 0
35  3674.24   1.84878     29.8134   3628    	Dead: 0
36  3670.97   1.86886     30.1372   3622    	Dead: 0
37  3669.23   1.85795     29.9614   3622    	Dead: 0
38  3669.13   2.02187     32.6047   3621    	Dead: 0
39  3666.51   2.01613     32.5122   3617    	Dead: 0
40  3664.78   2.0589      33.2019   3617    	Dead: 0
41  3663.83   2.18442     35.2259   3617    	Dead: 0
42  3660.44   2.09271     33.747    3617    	Dead: 0
43  3660.63   2.2098      35.6352   3607    	Dead: 0
44  3659.06   2.20688     35.5882   3607    	Dead: 0
45  3657.3    2.19478     35.3931   3607    	Dead: 0
46  3655.82   2.21328     35.6913   3607    	Dead: 0
47  3652.8    2.14969     34.666    3607    	Dead: 0
48  3654.28   2.30166     37.1166   3607    	Dead: 0
49  3652.92   2.25064     36.2937   3598    	Dead: 0
50  3651.27   2.29294     36.9759   3598    	Dead: 0
51  3650.15   2.29283     36.9743   3598    	Dead: 0
52  3649.46   2.32814     37.5437   3598    	Dead: 0
53  3647.33   2.29297     36.9764   3598    	Dead: 0
54  3647.6    2.36608     38.1553   3597    	Dead: 0
55  3646.53   2.43048     39.1939   3596    	Dead: 0
56  3646.74   2.44797     39.4759   3596    	Dead: 0
57  3643.36   2.40536     38.7888   3591    	Dead: 0
58  3641.95   2.42244     39.0643   3591    	Dead: 0
59  3642.82   2.48946     40.1451   3591    	Dead: 0
60  3638.4    2.48034     39.998    3589    	Dead: 0
61  3636.7    2.39747     38.6615   3589    	Dead: 0
62  3636.33   2.49632     40.2557   3589    	Dead: 0
63  3633.25   2.43521     39.2703   3589    	Dead: 0
64  3632.78   2.51421     40.5442   3588    	Dead: 0
65  3631.84   2.55698     41.2339   3588    	Dead: 0
66  3631.72   2.50642     40.4186   3588    	Dead: 0
67  3630.68   2.53003     40.7992   3588    	Dead: 0
68  3630.42   2.57195     41.4753   3588    	Dead: 0
69  3630.27   2.57441     41.515    3586    	Dead: 0
70  3629.66   2.59008     41.7676   3584    	Dead: 0
71  3628.08   2.52856     40.7756   3584    	Dead: 0
72  3627.6    2.54586     41.0546   3584    	Dead: 0
73  3627.72   2.52014     40.6398   3584    	Dead: 0
74  3628.78   2.57892     41.5877   3584    	Dead: 0
75  3628.36   2.56671     41.3907   3584    	Dead: 0
76  3630.25   2.63073     42.4232   3584    	Dead: 0
77  3627.94   2.5668      41.3922   3584    	Dead: 0
78  3628.76   2.54202     40.9926   3584    	Dead: 0
79  3626.66   2.51174     40.5044   3583    	Dead: 0
80  3629.04   2.65375     42.7943   3581    	Dead: 0
81  3628.22   2.57956     41.5981   3579    	Dead: 0
82  3627.64   2.69487     43.4575   3579    	Dead: 0
83  3625.44   2.6838      43.279    3578    	Dead: 0
84  3625.03   2.62492     42.3294   3578    	Dead: 0
85  3623.02   2.61883     42.2313   3578    	Dead: 0
86  3622.91   2.69629     43.4803   3574    	Dead: 0
87  3622.8    2.67289     43.1031   3574    	Dead: 0
88  3620.24   2.5394      40.9503   3574    	Dead: 0
89  3617.46   2.60529     42.0129   3574    	Dead: 0
90  3619.54   2.67239     43.0949   3574    	Dead: 0
91  3617.7    2.60277     41.9723   3573    	Dead: 0
92  3616.07   2.58488     41.6838   3573    	Dead: 0
93  3616.12   2.66208     42.9287   3573    	Dead: 0
94  3614.46   2.64164     42.5992   3571    	Dead: 0
95  3612.15   2.57758     41.566    3567    	Dead: 0
96  3613.58   2.65077     42.7463   3567    	Dead: 0
97  3614.32   2.7654      44.5949   3567    	Dead: 0
98  3613.11   2.77666     44.7764   3566    	Dead: 0
99  3612.93   2.79407     45.0572   3564    	Dead: 0
100 3611.11   2.76232     44.5452   3564    	Dead: 0
