0   4053.9    2.08229     33.579    3940    	Dead: 0
1   3965.35   1.5556      25.0855   3903    	Dead: 0
2   3914.8    1.08624     17.5167   3854    	Dead: 0
3   3874.19   0.956347    15.4221   3827    	Dead: 0
4   3850.55   0.816271    13.1632   3813    	Dead: 0
5   3830.87   0.803812    12.9623   3791    	Dead: 0
6   3809.64   0.818746    13.2031   3768    	Dead: 0
7   3790.54   0.795807    12.8332   3757    	Dead: 0
8   3773.92   0.785505    12.6671   3733    	Dead: 0
9   3758.31   0.766742    12.3645   3724    	Dead: 0
10  3746.12   0.730513    11.7803   3704    	Dead: 0
11  3734.53   0.7519      12.1251   3704    	Dead: 0
12  3727.16   0.802739    12.945    3701    	Dead: 0
13  3719.99   0.790139    12.7418   3692    	Dead: 0
14  3713.26   0.756998    12.2074   3689    	Dead: 0
15  3704.8    0.716534    11.5548   3682    	Dead: 0
16  3697.66   0.700618    11.2982   3672    	Dead: 0
17  3692.31   0.736135    11.8709   3661    	Dead: 0
18  3686.5    0.795646    12.8306   3651    	Dead: 0
19  3681.58   0.912903    14.7215   3650    	Dead: 0
20  3674.49   0.96424     15.5493   3642    	Dead: 0
21  3668.86   1.0518      16.9614   3627    	Dead: 0
22  3663.22   1.10661     17.8452   3627    	Dead: 0
23  3656.29   1.07989     17.4142   3621    	Dead: 0
24  3654.14   1.28113     20.6596   3615    	Dead: 0
25  3652.75   1.33422     21.5156   3615    	Dead: 0
26  3649.28   1.4384      23.1956   3611    	Dead: 0
27  3647.83   1.55068     25.0063   3608    	Dead: 0
28  3645.42   1.69668     27.3607   3600    	Dead: 0
29  3643.14   1.75892     28.3643   3598    	Dead: 0
30  3642.49   1.90313     30.6899   3596    	Dead: 0
31  3639.52   1.96042     31.6138   3594    	Dead: 0
32  3636.92   2.06747     33.34     3587    	Dead: 0
33  3633.63   2.1183      34.1597   3583    	Dead: 0
34  3631.41   2.15491     34.75     3583    	Dead: 0
35  3630.01   2.17568     35.0851   3583    	Dead: 0
36  3629.56   2.27945     36.7585   3581    	Dead: 0
37  3627.19   2.2969      37.0399   3581    	Dead: 0
38  3623.9    2.25003     36.284    3581    	Dead: 0
39  3622.42   2.28811     36.8981   3581    	Dead: 0
40  3621.18   2.2843      36.8367   3580    	Dead: 0
41  3621.07   2.3967      38.6492   3577    	Dead: 0
42  3618.92   2.3584      38.0316   3576    	Dead: 0
43  3617.57   2.37436     38.2889   3575    	Dead: 0
44  3617.5    2.41613     38.9625   3575    	Dead: 0
45  3615.66   2.41039     38.8699   3575    	Dead: 0
46  3613.93   2.47467     39.9065   3571    	Dead: 0
47  3611.47   2.49757     40.2759   3571    	Dead: 0
48  3610.11   2.53451     40.8714   3571    	Dead: 0
49  3609.44   2.5729      41.4906   3569    	Dead: 0
50  3607.58   2.57057     41.4531   3567    	Dead: 0
51  3605.57   2.61947     42.2416   3566    	Dead: 0
52  3602.57   2.57191     41.4747   3564    	Dead: 0
53  3602.65   2.54817     41.0917   3559    	Dead: 0
54  3601.93   2.60866     42.0673   3554    	Dead: 0
55  3600.95   2.678       43.1854   3554    	Dead: 0
56  3600.53   2.74482     44.263    3551    	Dead: 0
57  3596.18   2.69865     43.5184   3546    	Dead: 0
58  3595.31   2.79913     45.1388   3542    	Dead: 0
59  3592.85   2.81476     45.3908   3541    	Dead: 0
60  3592.41   2.89464     46.6789   3540    	Dead: 0
61  3589.95   2.85294     46.0065   3540    	Dead: 0
62  3585.27   2.89495     46.6839   3534    	Dead: 0
63  3582.79   2.91288     46.9731   3534    	Dead: 0
64  3583      3.01616     48.6386   3530    	Dead: 0
65  3580.84   3.05042     49.191    3530    	Dead: 0
66  3575.36   2.96963     47.8883   3526    	Dead: 0
67  3572.6    2.92487     47.1665   3526    	Dead: 0
68  3572.3    2.97951     48.0475   3526    	Dead: 0
69  3573.11   3.11086     50.1658   3526    	Dead: 0
70  3568.34   2.96739     47.8521   3524    	Dead: 0
71  3567.39   3.07674     49.6156   3521    	Dead: 0
72  3569.04   3.17065     51.1299   3520    	Dead: 0
73  3568.84   3.21274     51.8087   3516    	Dead: 0
74  3570.97   3.20423     51.6715   3515    	Dead: 0
75  3569.43   3.25376     52.4701   3515    	Dead: 0
76  3571.85   3.29222     53.0903   3515    	Dead: 0
77  3566.92   3.10269     50.034    3515    	Dead: 0
78  3567.58   3.13727     50.5916   3515    	Dead: 0
79  3568.7    3.21031     51.7695   3514    	Dead: 0
80  3567.43   3.21738     51.8835   3511    	Dead: 0
81  3567.09   3.1729      51.1662   3504    	Dead: 0
82  3564.08   3.19605     51.5396   3504    	Dead: 0
83  3565.82   3.2662      52.6707   3504    	Dead: 0
84  3564.96   3.1833      51.334    3504    	Dead: 0
85  3564.32   3.11256     50.1932   3504    	Dead: 0
86  3564.2    3.15524     50.8813   3499    	Dead: 0
87  3561.1    3.14162     50.6617   3499    	Dead: 0
88  3558.77   3.07791     49.6343   3490    	Dead: 0
89  3558.91   3.14604     50.7331   3490    	Dead: 0
90  3557.24   3.1432      50.6872   3490    	Dead: 0
91  3553.49   3.19921     51.5905   3490    	Dead: 0
92  3552.02   3.19081     51.4549   3484    	Dead: 0
93  3548.05   3.06986     49.5045   3484    	Dead: 0
94  3545.03   3.1257      50.4051   3478    	Dead: 0
95  3542.18   3.1598      50.9549   3472    	Dead: 0
96  3536.8    3.08786     49.7949   3472    	Dead: 0
97  3532.8    3.0916      49.8551   3472    	Dead: 0
98  3530.06   3.04029     49.0276   3472    	Dead: 0
99  3529.39   3.09016     49.832    3472    	Dead: 0
100 3524.7    3.0121      48.5731   3470    	Dead: 0
