Exp 6: 16 States, 3 Muts
Best Fitness: 1.56393
Representation: directed linked lists, repetition shows integer weight, and blank line before next experiment
Note: if node 0 and 1 share an edge, these appear in both lists
Network Starts on Next Line:
128 319 1492
1 1 1 1 5 5 5 5 5 7 7 7 7 7 
0 0 0 0 6 6 6 6 6 8 8 8 8 8 
3 3 3 3 3 7 7 7 7 7 9 9 9 9 9 10 10 10 
2 2 2 2 2 8 8 8 8 8 10 10 10 10 10 
5 5 9 9 9 9 9 11 11 11 11 11 
0 0 0 0 0 4 4 10 10 10 10 10 12 12 12 12 12 
1 1 1 1 1 7 7 10 10 11 11 11 11 11 13 13 13 13 13 
0 0 0 0 0 2 2 2 2 2 6 6 12 12 12 12 12 14 14 14 14 14 
1 1 1 1 1 3 3 3 3 3 13 13 13 13 13 15 15 15 15 15 
2 2 2 2 2 4 4 4 4 4 14 14 14 14 14 16 16 16 16 16 
2 2 2 3 3 3 3 3 5 5 5 5 5 6 6 15 15 15 15 15 17 17 17 17 17 
4 4 4 4 4 6 6 6 6 6 16 16 16 16 16 18 18 18 18 18 19 19 19 
5 5 5 5 5 7 7 7 7 7 17 17 17 17 17 19 19 19 19 19 
6 6 6 6 6 8 8 8 8 8 18 18 18 18 18 20 20 20 20 20 33 33 
7 7 7 7 7 9 9 9 9 9 15 15 15 15 15 19 19 19 19 19 21 21 21 21 21 34 34 34 34 34 
8 8 8 8 8 10 10 10 10 10 14 14 14 14 14 16 16 16 16 16 20 20 20 20 20 22 22 22 22 22 
9 9 9 9 9 11 11 11 11 11 15 15 15 15 15 17 17 17 17 17 21 21 21 21 21 23 23 23 23 23 
10 10 10 10 10 12 12 12 12 12 16 16 16 16 16 18 18 18 18 18 22 22 22 22 22 24 24 24 24 24 
11 11 11 11 11 13 13 13 13 13 17 17 17 17 17 19 19 19 19 19 23 23 23 23 23 25 25 25 25 25 44 44 44 
11 11 11 12 12 12 12 12 14 14 14 14 14 18 18 18 18 18 24 24 24 24 24 26 26 26 26 26 
13 13 13 13 13 15 15 15 15 15 21 21 25 25 25 25 25 27 27 27 27 27 28 28 28 
14 14 14 14 14 16 16 16 16 16 20 20 26 26 26 26 26 28 28 28 28 28 
15 15 15 15 15 17 17 17 17 17 27 27 27 27 27 29 29 29 29 29 48 48 48 48 48 
16 16 16 16 16 18 18 18 18 18 30 30 30 30 30 
17 17 17 17 17 19 19 19 19 19 29 29 31 31 31 31 31 
18 18 18 18 18 20 20 20 20 20 32 32 32 32 32 
19 19 19 19 19 21 21 21 21 21 27 27 33 33 33 33 33 
20 20 20 20 20 22 22 22 22 22 26 26 34 34 34 34 34 
20 20 20 21 21 21 21 21 35 35 35 35 35 
22 22 22 22 22 24 24 36 36 36 36 36 37 37 37 
23 23 23 23 23 37 37 37 37 37 
24 24 24 24 24 34 34 34 34 34 38 38 38 38 38 
25 25 25 25 25 35 35 35 35 35 39 39 39 39 39 
13 13 26 26 26 26 26 36 36 36 36 36 40 40 40 40 40 
14 14 14 14 14 27 27 27 27 27 31 31 31 31 31 37 37 37 37 37 41 41 41 41 41 
28 28 28 28 28 32 32 32 32 32 37 37 37 37 37 38 38 38 38 38 42 42 42 42 42 
29 29 29 29 29 33 33 33 33 33 37 37 37 37 37 38 38 38 38 38 39 39 39 39 39 43 43 43 43 43 
29 29 29 30 30 30 30 30 34 34 34 34 34 35 35 35 35 35 36 36 36 36 36 38 38 38 38 38 39 39 39 39 39 40 40 40 40 40 
31 31 31 31 31 35 35 35 35 35 36 36 36 36 36 37 37 37 37 37 39 39 39 39 39 40 40 40 40 40 41 41 41 41 41 46 46 46 48 
32 32 32 32 32 36 36 36 36 36 37 37 37 37 37 38 38 38 38 38 40 40 40 40 40 41 41 41 41 41 42 42 42 42 42 
33 33 33 33 33 37 37 37 37 37 38 38 38 38 38 39 39 39 39 39 41 41 41 41 41 42 42 42 42 42 43 43 43 43 43 47 47 47 47 47 
34 34 34 34 34 38 38 38 38 38 39 39 39 39 39 40 40 40 40 40 42 42 42 42 42 43 43 43 43 43 44 44 44 44 44 
35 35 35 35 35 39 39 39 39 39 40 40 40 40 40 41 41 41 41 41 43 43 43 43 43 44 44 44 44 44 45 45 45 45 45 52 52 52 
36 36 36 36 36 40 40 40 40 40 41 41 41 41 41 42 42 42 42 42 44 44 44 44 44 45 45 45 45 45 46 46 46 46 46 
18 18 18 41 41 41 41 41 42 42 42 42 42 43 43 43 43 43 45 45 45 45 45 46 46 46 46 46 47 47 47 47 47 
42 42 42 42 42 43 43 43 43 43 44 44 44 44 44 47 47 47 47 47 48 48 48 48 48 
38 38 38 43 43 43 43 43 44 44 44 44 44 47 47 48 48 48 48 48 49 49 49 49 49 
40 40 40 40 40 44 44 44 44 44 45 45 45 45 45 46 46 49 49 49 49 49 50 50 50 50 50 55 55 55 
22 22 22 22 22 38 45 45 45 45 45 46 46 46 46 46 50 50 50 50 50 51 51 51 51 51 
46 46 46 46 46 47 47 47 47 47 51 51 51 51 51 52 52 52 52 52 
47 47 47 47 47 48 48 48 48 48 52 52 52 52 52 53 53 53 53 53 
48 48 48 48 48 49 49 49 49 49 53 53 53 53 53 54 54 54 54 54 58 58 58 
42 42 42 49 49 49 49 49 50 50 50 50 50 54 54 54 54 54 55 55 55 55 55 
50 50 50 50 50 51 51 51 51 51 55 55 55 55 55 56 56 56 56 56 
51 51 51 51 51 52 52 52 52 52 56 56 56 56 56 57 57 57 57 57 
47 47 47 52 52 52 52 52 53 53 53 53 53 57 57 57 57 57 58 58 58 58 58 
53 53 53 53 53 54 54 54 54 54 57 57 58 58 58 58 58 59 59 59 59 59 64 64 64 
54 54 54 54 54 55 55 55 55 55 56 56 59 59 59 59 59 60 60 60 60 60 
51 51 51 55 55 55 55 55 56 56 56 56 56 60 60 60 60 60 61 61 61 61 61 
56 56 56 56 56 57 57 57 57 57 61 61 61 61 61 62 62 62 62 62 
57 57 57 57 57 58 58 58 58 58 62 62 62 62 62 63 63 63 63 63 67 67 67 
58 58 58 58 58 59 59 59 59 59 63 63 63 63 63 64 64 64 64 64 
59 59 59 59 59 60 60 60 60 60 64 64 64 64 64 65 65 65 65 65 
60 60 60 60 60 61 61 61 61 61 65 65 65 65 65 66 66 66 66 66 
56 56 56 61 61 61 61 61 62 62 62 62 62 66 66 66 66 66 67 67 67 67 67 70 70 70 72 72 72 72 72 
62 62 62 62 62 63 63 63 63 63 67 67 67 67 67 68 68 68 68 68 
63 63 63 63 63 64 64 64 64 64 68 68 68 68 68 69 69 69 69 69 
60 60 60 64 64 64 64 64 65 65 65 65 65 69 69 69 69 69 70 70 70 70 70 
65 65 65 65 65 66 66 66 66 66 70 70 70 70 70 71 71 71 71 71 
66 66 66 66 66 67 67 67 67 67 70 70 70 71 71 71 71 71 72 72 72 72 72 75 75 75 75 75 76 76 76 
64 64 64 67 67 67 67 67 68 68 68 68 68 69 69 69 73 73 73 73 73 76 76 76 76 76 
68 68 68 68 68 69 69 69 69 69 73 73 74 74 74 74 74 77 77 77 77 77 
64 64 64 64 64 69 69 69 69 69 75 75 75 75 75 78 78 78 78 78 
70 70 70 70 70 71 71 76 76 76 76 76 79 79 79 79 79 
71 71 71 71 71 75 75 75 75 75 77 77 77 77 77 80 80 80 80 80 
69 69 69 69 69 72 72 72 72 72 74 74 74 74 74 76 76 76 76 76 78 78 78 78 78 81 81 81 81 81 87 87 
69 69 69 70 70 70 70 70 73 73 73 73 73 75 75 75 75 75 77 77 77 77 77 79 79 79 79 79 82 82 82 82 82 88 88 
71 71 71 71 71 74 74 74 74 74 76 76 76 76 76 78 78 78 78 78 80 80 80 80 80 83 83 83 83 83 85 85 
72 72 72 72 72 75 75 75 75 75 77 77 77 77 77 79 79 79 79 79 81 81 81 81 81 82 82 82 82 82 84 84 84 84 84 85 85 85 86 86 90 90 90 90 90 
73 73 73 73 73 76 76 76 76 76 78 78 78 78 78 80 80 80 80 80 82 82 82 82 82 83 83 83 83 83 85 85 85 85 85 
74 74 74 74 74 77 77 77 77 77 79 79 79 79 79 81 81 81 81 81 84 84 84 84 84 86 86 86 86 86 88 88 88 88 88 
75 75 75 75 75 78 78 78 78 78 80 80 80 80 80 82 82 82 82 82 84 84 85 85 85 85 85 87 87 87 87 87 
76 76 76 76 76 78 78 78 78 78 79 79 79 79 79 81 81 81 81 81 83 83 83 83 83 86 86 86 86 86 88 88 88 88 88 
77 77 77 77 77 79 79 79 79 79 82 82 82 82 82 84 84 84 84 84 87 87 87 87 87 89 89 89 89 89 
78 78 78 78 78 80 80 80 80 80 81 81 83 83 83 83 83 88 88 88 88 88 90 90 90 90 90 
77 77 78 78 78 79 79 79 79 79 81 81 81 81 81 89 89 89 89 89 91 91 91 91 91 
78 78 80 80 80 80 80 82 82 82 82 82 90 90 90 90 90 92 92 92 92 92 
75 75 81 81 81 81 81 83 83 83 83 83 88 88 88 88 88 91 91 91 91 91 93 93 93 93 93 94 94 94 
76 76 80 80 80 80 80 82 82 82 82 82 84 84 84 84 84 87 87 87 87 87 92 92 92 92 92 94 94 94 94 94 103 103 103 122 122 122 122 122 
83 83 83 83 83 85 85 85 85 85 93 93 93 93 93 95 95 95 95 95 104 104 104 
78 78 78 78 78 84 84 84 84 84 86 86 86 86 86 94 94 94 94 94 96 96 96 96 96 105 105 105 
85 85 85 85 85 87 87 87 87 87 95 95 95 95 95 97 97 97 97 97 
86 86 86 86 86 88 88 88 88 88 96 96 96 96 96 98 98 98 98 98 
87 87 87 87 87 89 89 89 89 89 97 97 97 97 97 99 99 99 99 99 
87 87 87 88 88 88 88 88 90 90 90 90 90 98 98 98 98 98 99 99 100 100 100 100 100 
89 89 89 89 89 91 91 91 91 91 99 99 99 99 99 101 101 101 101 101 
90 90 90 90 90 92 92 92 92 92 100 100 100 100 100 102 102 102 102 102 103 103 103 
91 91 91 91 91 93 93 93 93 93 101 101 101 101 101 103 103 103 103 103 
92 92 92 92 92 94 94 94 94 94 99 99 99 102 102 102 102 102 104 104 104 104 104 
93 93 93 93 93 94 94 95 95 95 95 95 98 98 98 103 103 103 103 103 105 105 105 105 105 
94 94 94 94 94 96 96 96 96 96 104 104 104 104 104 106 106 106 106 106 
95 95 95 95 95 97 97 97 97 97 105 105 105 105 105 107 107 107 107 107 
96 96 96 96 96 98 98 98 98 98 106 106 106 106 106 108 108 108 108 108 
88 88 88 96 96 96 97 97 97 97 97 99 99 99 99 99 107 107 107 107 107 109 109 109 109 109 
89 89 89 98 98 98 98 98 100 100 100 100 100 108 108 108 108 108 110 110 110 110 110 
90 90 90 99 99 99 99 99 101 101 101 101 101 109 109 109 109 109 111 111 111 111 111 112 112 112 
100 100 100 100 100 102 102 102 102 102 110 110 110 110 110 112 112 112 112 112 
101 101 101 101 101 103 103 103 103 103 109 109 111 111 111 111 111 113 113 113 113 113 
102 102 102 102 102 104 104 104 104 104 112 112 112 112 112 114 114 114 114 114 
103 103 103 103 103 105 105 105 105 105 107 107 113 113 113 113 113 115 115 115 115 115 
104 104 104 104 104 106 106 106 106 106 114 114 114 114 114 116 116 116 116 116 
105 105 105 105 105 107 107 107 107 107 115 115 115 115 115 117 117 117 117 117 
105 105 105 106 106 106 106 106 108 108 108 108 108 116 116 116 116 116 118 118 118 118 118 
107 107 107 107 107 109 109 109 109 109 117 117 117 117 117 119 119 119 119 119 
108 108 108 108 108 110 110 110 110 110 118 118 118 118 118 120 120 120 120 120 121 121 121 
109 109 109 109 109 111 111 111 111 111 119 119 119 119 119 121 121 121 121 121 
110 110 110 110 110 112 112 112 112 112 120 120 120 120 120 122 122 122 122 122 
111 111 111 111 111 113 113 113 113 113 121 121 121 121 121 123 123 123 123 123 
112 112 112 112 112 114 114 114 114 114 122 122 122 122 122 124 124 124 124 124 
113 113 113 113 113 115 115 115 115 115 123 123 123 123 123 125 125 125 125 125 
114 114 114 114 114 116 116 116 116 116 124 124 124 124 124 126 126 126 126 126 
114 114 114 115 115 115 115 115 117 117 117 117 117 125 125 125 125 125 127 127 127 127 127 
88 88 88 88 88 116 116 116 116 116 118 118 118 118 118 126 126 126 126 126 
117 117 117 117 117 119 119 119 119 119 127 127 127 127 127 
118 118 118 118 118 120 120 120 120 120 125 125 125 125 
119 119 119 119 119 121 121 121 121 121 124 124 124 124 
120 120 120 120 120 122 122 122 122 122 
121 121 121 121 121 123 123 123 123 123 
