Exp 3: 12 States, 3 Muts
Best Fitness: 1.17927
Representation: directed linked lists, repetition shows integer weight, and blank line before next experiment
Note: if node 0 and 1 share an edge, these appear in both lists
Network Starts on Next Line:
128 219 1065
6 6 6 6 6 
5 5 5 5 5 8 8 8 8 9 9 9 9 9 10 10 10 10 10 
3 3 3 3 5 5 5 5 8 8 8 8 8 
2 2 2 2 7 7 7 7 7 11 11 11 11 11 12 12 12 12 12 
10 10 10 10 10 
1 1 1 1 1 2 2 2 2 9 9 9 9 9 13 13 13 13 13 14 14 14 14 14 
0 0 0 0 0 7 7 7 7 7 12 12 12 12 12 
3 3 3 3 3 6 6 6 6 6 11 11 11 11 11 15 15 15 15 15 16 16 16 16 16 
1 1 1 1 2 2 2 2 2 9 9 9 9 9 
1 1 1 1 1 5 5 5 5 5 8 8 8 8 8 13 13 13 13 13 17 17 17 17 17 18 18 18 18 18 
1 1 1 1 1 4 4 4 4 4 
3 3 3 3 3 7 7 7 7 7 15 15 15 15 15 19 19 19 19 19 20 20 20 20 20 
3 3 3 3 3 6 6 6 6 6 
5 5 5 5 5 9 9 9 9 9 17 17 17 17 17 21 21 21 21 21 22 22 22 22 22 
5 5 5 5 5 
7 7 7 7 7 11 11 11 11 11 17 17 17 17 19 19 19 19 19 23 23 23 23 23 24 24 24 24 24 
7 7 7 7 7 19 19 19 19 
9 9 9 9 9 13 13 13 13 13 15 15 15 15 18 18 18 18 21 21 21 21 21 25 25 25 25 25 26 26 26 26 26 
9 9 9 9 9 17 17 17 17 21 21 21 21 21 
11 11 11 11 11 15 15 15 15 15 16 16 16 16 20 20 20 20 20 23 23 23 23 23 27 27 27 27 27 28 28 28 28 28 
11 11 11 11 11 19 19 19 19 19 
13 13 13 13 13 17 17 17 17 17 18 18 18 18 18 22 22 22 22 22 25 25 25 25 25 29 29 29 29 29 30 30 30 30 30 
13 13 13 13 13 21 21 21 21 21 
15 15 15 15 15 19 19 19 19 19 27 27 27 27 27 31 31 31 31 31 32 32 32 32 32 
15 15 15 15 15 
17 17 17 17 17 21 21 21 21 21 26 26 26 26 29 29 29 29 29 33 33 33 33 33 34 34 34 34 34 
17 17 17 17 17 25 25 25 25 
19 19 19 19 19 23 23 23 23 23 31 31 31 31 31 35 35 35 35 35 36 36 36 36 36 
19 19 19 19 19 
21 21 21 21 21 25 25 25 25 25 31 31 31 31 33 33 33 33 33 37 37 37 37 37 38 38 38 38 38 
21 21 21 21 21 
23 23 23 23 23 27 27 27 27 27 29 29 29 29 33 33 33 33 33 35 35 35 35 35 39 39 39 39 39 40 40 40 40 40 
23 23 23 23 23 
25 25 25 25 25 29 29 29 29 29 31 31 31 31 31 35 35 35 35 35 37 37 37 37 37 41 41 41 41 41 42 42 42 42 42 
25 25 25 25 25 35 35 35 35 
27 27 27 27 27 31 31 31 31 31 33 33 33 33 33 34 34 34 34 37 37 37 37 37 39 39 39 39 39 43 43 43 43 43 
27 27 27 27 27 
29 29 29 29 29 33 33 33 33 33 35 35 35 35 35 39 39 39 39 39 41 41 41 41 41 45 45 45 45 45 46 46 46 46 
29 29 29 29 29 
31 31 31 31 31 35 35 35 35 35 37 37 37 37 37 41 41 41 41 41 43 43 43 43 43 47 47 47 47 47 
31 31 31 31 31 
33 33 33 33 33 37 37 37 37 37 39 39 39 39 39 43 43 43 43 43 45 45 45 45 45 49 49 49 49 49 
33 33 33 33 33 
35 35 35 35 35 39 39 39 39 39 41 41 41 41 41 45 45 45 45 45 47 47 47 47 47 51 51 51 51 51 

37 37 37 37 37 41 41 41 41 41 43 43 43 43 43 47 47 47 47 47 49 49 49 49 49 53 53 53 53 53 
37 37 37 37 
39 39 39 39 39 43 43 43 43 43 45 45 45 45 45 49 49 49 49 49 51 51 51 51 51 55 55 55 55 55 

41 41 41 41 41 45 45 45 45 45 47 47 47 47 47 51 51 51 51 51 53 53 53 53 53 57 57 57 57 57 
61 61 61 61 
43 43 43 43 43 47 47 47 47 47 49 49 49 49 49 53 53 53 53 53 55 55 55 55 55 59 59 59 59 59 
53 53 53 53 
45 45 45 45 45 49 49 49 49 49 51 51 51 51 51 52 52 52 52 55 55 55 55 55 61 61 61 61 61 

47 47 47 47 47 51 51 51 51 51 53 53 53 53 53 57 57 57 57 57 63 63 63 63 63 
57 57 57 57 
49 49 49 49 49 55 55 55 55 55 56 56 56 56 59 59 59 59 59 65 65 65 65 65 
59 59 59 59 59 
51 51 51 51 51 57 57 57 57 57 58 58 58 58 58 67 67 67 67 67 
61 61 61 61 61 
50 50 50 50 53 53 53 53 53 60 60 60 60 60 63 63 63 63 69 69 69 69 69 
63 63 63 63 63 72 72 72 72 
55 55 55 55 55 61 61 61 61 62 62 62 62 62 71 71 71 71 71 
65 65 65 65 65 
57 57 57 57 57 64 64 64 64 64 67 67 67 67 73 73 73 73 73 
67 67 67 67 67 
59 59 59 59 59 65 65 65 65 66 66 66 66 66 69 69 69 69 69 72 72 72 72 75 75 75 75 75 
69 69 69 69 69 
61 61 61 61 61 67 67 67 67 67 68 68 68 68 68 71 71 71 71 71 74 74 74 74 74 77 77 77 77 77 
71 71 71 71 71 
63 63 63 63 63 69 69 69 69 69 70 70 70 70 70 73 73 73 73 73 76 76 76 76 76 79 79 79 79 79 
62 62 62 62 67 67 67 67 
65 65 65 65 65 71 71 71 71 71 75 75 75 75 75 78 78 78 78 78 
69 69 69 69 69 84 84 84 84 
67 67 67 67 67 73 73 73 73 73 77 77 77 77 77 80 80 80 80 80 83 83 83 83 
71 71 71 71 71 
69 69 69 69 69 75 75 75 75 75 82 82 82 82 82 
73 73 73 73 73 81 81 81 81 
71 71 71 71 71 84 84 84 84 84 87 87 87 87 
75 75 75 75 75 87 87 87 87 
78 78 78 78 83 83 83 83 86 86 86 86 86 89 89 89 89 89 
77 77 77 77 77 83 83 83 83 85 85 85 85 89 89 89 89 89 
75 75 75 75 81 81 81 81 82 82 82 82 88 88 88 88 88 91 91 91 91 91 
74 74 74 74 79 79 79 79 79 91 91 91 91 91 
82 82 82 82 90 90 90 90 90 93 93 93 93 93 
81 81 81 81 81 93 93 93 93 93 
79 79 79 79 80 80 80 80 92 92 92 92 92 95 95 95 95 95 
83 83 83 83 83 95 95 95 95 95 
81 81 81 81 81 82 82 82 82 82 94 94 94 94 94 97 97 97 97 97 
85 85 85 85 85 97 97 97 97 97 
83 83 83 83 83 84 84 84 84 84 96 96 96 96 96 99 99 99 99 99 
87 87 87 87 87 99 99 99 99 99 
85 85 85 85 85 86 86 86 86 86 98 98 98 98 98 101 101 101 101 101 
89 89 89 89 89 101 101 101 101 101 
87 87 87 87 87 88 88 88 88 88 100 100 100 100 100 103 103 103 103 103 
91 91 91 91 91 103 103 103 103 103 
89 89 89 89 89 90 90 90 90 90 102 102 102 102 102 105 105 105 105 105 
93 93 93 93 93 105 105 105 105 105 
91 91 91 91 91 92 92 92 92 92 104 104 104 104 104 107 107 107 107 107 
95 95 95 95 95 107 107 107 107 107 
93 93 93 93 93 94 94 94 94 94 102 102 102 102 106 106 106 106 106 109 109 109 109 109 
97 97 97 97 97 101 101 101 101 109 109 109 109 109 
95 95 95 95 95 96 96 96 96 96 104 104 104 104 104 108 108 108 108 108 111 111 111 111 111 
99 99 99 99 99 103 103 103 103 103 111 111 111 111 111 
97 97 97 97 97 98 98 98 98 98 106 106 106 106 106 110 110 110 110 110 113 113 113 113 113 
101 101 101 101 101 105 105 105 105 105 113 113 113 113 113 
99 99 99 99 99 100 100 100 100 100 108 108 108 108 108 112 112 112 112 112 115 115 115 115 115 
103 103 103 103 103 107 107 107 107 107 115 115 115 115 115 
101 101 101 101 101 102 102 102 102 102 110 110 110 110 110 114 114 114 114 114 117 117 117 117 117 
105 105 105 105 105 109 109 109 109 109 117 117 117 117 117 
103 103 103 103 103 104 104 104 104 104 116 116 116 116 116 119 119 119 119 119 
107 107 107 107 107 119 119 119 119 119 
105 105 105 105 105 106 106 106 106 106 118 118 118 118 118 121 121 121 121 121 
109 109 109 109 109 116 116 116 116 116 121 121 121 121 121 
107 107 107 107 107 108 108 108 108 108 120 120 120 120 120 123 123 123 123 123 
111 111 111 111 111 114 114 114 114 114 123 123 123 123 123 
109 109 109 109 109 110 110 110 110 110 121 121 121 121 122 122 122 122 122 125 125 125 125 125 
113 113 113 113 113 120 120 120 120 121 121 121 121 125 125 125 125 125 
111 111 111 111 111 112 112 112 112 112 124 124 124 124 124 127 127 127 127 127 
115 115 115 115 115 118 118 118 118 123 123 123 123 123 127 127 127 127 127 
113 113 113 113 113 114 114 114 114 114 117 117 117 117 118 118 118 118 126 126 126 126 126 
117 117 117 117 117 124 124 124 124 125 125 125 125 125 
115 115 115 115 115 116 116 116 116 116 120 120 120 120 120 
119 119 119 119 119 122 122 122 122 127 127 127 127 127 
117 117 117 117 117 118 118 118 118 118 122 122 122 122 122 
121 121 121 121 121 
119 119 119 119 119 120 120 120 120 120 124 124 124 124 124 
