Exp 6: 16 States, 3 Muts
Best Fitness: 1.15177
Representation: directed linked lists, repetition shows integer weight, and blank line before next experiment
Note: if node 0 and 1 share an edge, these appear in both lists
Network Starts on Next Line:
128 296 1181
1 9 9 9 9 14 14 14 14 15 15 15 15 
0 7 7 7 7 11 11 11 11 
5 5 5 5 
12 12 12 12 17 17 17 17 18 18 18 18 
10 10 10 10 14 14 14 14 
2 2 2 2 8 8 8 8 
15 15 15 15 20 20 20 20 21 21 21 21 
1 1 1 1 13 13 13 13 17 17 17 17 
5 5 5 5 11 11 11 11 
0 0 0 0 10 10 10 10 18 18 18 18 23 23 23 23 24 24 24 24 
4 4 4 4 9 9 9 9 16 16 16 16 20 20 20 20 
1 1 1 1 8 8 8 8 14 14 14 14 
3 3 3 3 21 21 21 21 26 26 26 26 27 27 27 27 
7 7 7 7 19 19 19 19 23 23 23 23 26 26 26 26 
0 0 0 0 4 4 4 4 11 11 11 11 17 17 17 17 
0 0 0 0 6 6 6 6 24 24 24 24 29 29 29 29 30 30 30 30 
10 10 10 10 22 22 22 22 26 26 26 26 29 29 29 29 
3 3 3 3 7 7 7 7 14 14 14 14 20 20 20 20 
3 3 3 3 9 9 9 9 27 27 27 27 32 32 32 32 33 33 33 33 
13 13 13 13 25 25 25 25 29 29 29 29 32 32 32 32 
6 6 6 6 10 10 10 10 17 17 17 17 23 23 23 23 24 24 24 24 
6 6 6 6 12 12 12 12 22 22 22 22 30 30 30 30 35 35 35 35 36 36 36 36 
16 16 16 16 21 21 21 21 28 28 28 28 32 32 32 32 35 35 35 35 
9 9 9 9 13 13 13 13 20 20 20 20 26 26 26 26 27 27 27 27 
9 9 9 9 15 15 15 15 20 20 20 20 25 25 25 25 33 33 33 33 38 38 38 38 39 39 39 39 
19 19 19 19 24 24 24 24 31 31 31 31 35 35 35 35 38 38 38 38 
12 12 12 12 13 13 13 13 16 16 16 16 23 23 23 23 29 29 29 29 30 30 30 30 
12 12 12 12 18 18 18 18 23 23 23 23 36 36 36 36 41 41 41 41 42 42 42 42 
22 22 22 22 34 34 34 34 38 38 38 38 41 41 41 41 
15 15 15 15 16 16 16 16 19 19 19 19 26 26 26 26 32 32 32 32 33 33 33 33 
15 15 15 15 21 21 21 21 26 26 26 26 39 39 39 39 44 44 44 44 45 45 45 45 
25 25 25 25 37 37 37 37 41 41 41 41 44 44 44 44 
18 18 18 18 19 19 19 19 22 22 22 22 29 29 29 29 35 35 35 35 36 36 36 36 
18 18 18 18 24 24 24 24 29 29 29 29 42 42 42 42 47 47 47 47 48 48 48 48 
28 28 28 28 40 40 40 40 44 44 44 44 47 47 47 47 
21 21 21 21 22 22 22 22 25 25 25 25 32 32 32 32 38 38 38 38 39 39 39 39 
21 21 21 21 27 27 27 27 32 32 32 32 38 38 38 38 45 45 45 45 50 50 50 50 51 51 51 51 
31 31 31 31 38 38 38 38 43 43 43 43 47 47 47 47 50 50 50 50 
24 24 24 24 25 25 25 25 28 28 28 28 35 35 35 35 36 36 36 36 37 37 37 37 41 41 41 41 42 42 42 42 
24 24 24 24 30 30 30 30 35 35 35 35 41 41 41 41 48 48 48 48 53 53 53 53 54 54 54 54 
34 34 34 34 41 41 41 41 46 46 46 46 50 50 50 50 53 53 53 53 
27 27 27 27 28 28 28 28 31 31 31 31 38 38 38 38 39 39 39 39 40 40 40 40 44 44 44 44 45 45 45 45 
27 27 27 27 33 33 33 33 38 38 38 38 44 44 44 44 51 51 51 51 56 56 56 56 57 57 57 57 
37 37 37 37 44 44 44 44 49 49 49 49 53 53 53 53 56 56 56 56 
30 30 30 30 31 31 31 31 34 34 34 34 41 41 41 41 42 42 42 42 43 43 43 43 47 47 47 47 48 48 48 48 
30 30 30 30 36 36 36 36 41 41 41 41 47 47 47 47 54 54 54 54 59 59 59 59 60 60 60 60 
40 40 40 40 52 52 52 52 56 56 56 56 59 59 59 59 
33 33 33 33 34 34 34 34 37 37 37 37 44 44 44 44 45 45 45 45 50 50 50 50 51 51 51 51 
33 33 33 33 39 39 39 39 44 44 44 44 50 50 50 50 57 57 57 57 62 62 62 62 63 63 63 63 
43 43 43 43 55 55 55 55 59 59 59 59 62 62 62 62 
36 36 36 36 37 37 37 37 40 40 40 40 47 47 47 47 48 48 48 48 53 53 53 53 54 54 54 54 
36 36 36 36 42 42 42 42 47 47 47 47 53 53 53 53 60 60 60 60 65 65 65 65 66 66 66 66 
46 46 46 46 58 58 58 58 65 65 65 65 
39 39 39 39 40 40 40 40 43 43 43 43 50 50 50 50 51 51 51 51 56 56 56 56 57 57 57 57 
39 39 39 39 45 45 45 45 50 50 50 50 56 56 56 56 63 63 63 63 68 68 68 68 69 69 69 69 
49 49 49 49 61 61 61 61 68 68 68 68 
42 42 42 42 43 43 43 43 46 46 46 46 53 53 53 53 54 54 54 54 59 59 59 59 60 60 60 60 
42 42 42 42 48 48 48 48 53 53 53 53 59 59 59 59 66 66 66 66 71 71 71 71 72 72 72 72 
52 52 52 52 64 64 64 64 71 71 71 71 
45 45 45 45 46 46 46 46 49 49 49 49 56 56 56 56 57 57 57 57 63 63 63 63 
45 45 45 45 51 51 51 51 56 56 56 56 62 62 62 62 69 69 69 69 74 74 74 74 75 75 75 75 
55 55 55 55 67 67 67 67 74 74 74 74 
48 48 48 48 49 49 49 49 60 60 60 60 63 63 63 63 66 66 66 66 
48 48 48 48 54 54 54 54 59 59 59 59 62 62 62 62 65 65 65 65 72 72 72 72 77 77 77 77 78 78 78 78 
58 58 58 58 70 70 70 70 77 77 77 77 
51 51 51 51 52 52 52 52 63 63 63 63 66 66 66 66 69 69 69 69 
51 51 51 51 57 57 57 57 62 62 62 62 65 65 65 65 68 68 68 68 75 75 75 75 80 80 80 80 81 81 81 81 
61 61 61 61 73 73 73 73 80 80 80 80 
54 54 54 54 55 55 55 55 66 66 66 66 69 69 69 69 72 72 72 72 
54 54 54 54 60 60 60 60 65 65 65 65 68 68 68 68 71 71 71 71 78 78 78 78 83 83 83 83 84 84 84 84 
64 64 64 64 76 76 76 76 83 83 83 83 
57 57 57 57 58 58 58 58 69 69 69 69 72 72 72 72 75 75 75 75 
57 57 57 57 63 63 63 63 68 68 68 68 71 71 71 71 81 81 81 81 86 86 86 86 87 87 87 87 
67 67 67 67 79 79 79 79 86 86 86 86 
60 60 60 60 61 61 61 61 75 75 75 75 78 78 78 78 
60 60 60 60 66 66 66 66 71 71 71 71 74 74 74 74 84 84 84 84 89 89 89 89 90 90 90 90 
70 70 70 70 82 82 82 82 89 89 89 89 
63 63 63 63 64 64 64 64 81 81 81 81 
63 63 63 63 69 69 69 69 74 74 74 74 87 87 87 87 92 92 92 92 93 93 93 93 
73 73 73 73 85 85 85 85 92 92 92 92 
66 66 66 66 67 67 67 67 84 84 84 84 
66 66 66 66 72 72 72 72 77 77 77 77 90 90 90 90 95 95 95 95 96 96 96 96 
76 76 76 76 88 88 88 88 95 95 95 95 
69 69 69 69 70 70 70 70 87 87 87 87 
69 69 69 69 75 75 75 75 80 80 80 80 93 93 93 93 98 98 98 98 99 99 99 99 
79 79 79 79 91 91 91 91 98 98 98 98 
72 72 72 72 73 73 73 73 90 90 90 90 
72 72 72 72 78 78 78 78 83 83 83 83 95 95 95 95 96 96 96 96 101 101 101 101 102 102 102 102 
82 82 82 82 94 94 94 94 101 101 101 101 
75 75 75 75 76 76 76 76 93 93 93 93 
75 75 75 75 81 81 81 81 86 86 86 86 98 98 98 98 99 99 99 99 104 104 104 104 105 105 105 105 
85 85 85 85 97 97 97 97 104 104 104 104 
78 78 78 78 79 79 79 79 96 96 96 96 
78 78 78 78 84 84 84 84 89 89 89 89 101 101 101 101 102 102 102 102 107 107 107 107 108 108 108 108 
88 88 88 88 100 100 100 100 107 107 107 107 
81 81 81 81 82 82 82 82 87 87 87 87 99 99 99 99 
81 81 81 81 87 87 87 87 92 92 92 92 104 104 104 104 105 105 105 105 110 110 110 110 
91 91 91 91 103 103 103 103 110 110 110 110 
84 84 84 84 85 85 85 85 90 90 90 90 102 102 102 102 
84 84 84 84 90 90 90 90 95 95 95 95 107 107 107 107 108 108 108 108 113 113 113 113 
94 94 94 94 101 101 101 101 106 106 106 106 113 113 113 113 
87 87 87 87 88 88 88 88 93 93 93 93 100 100 100 100 105 105 105 105 
87 87 87 87 93 93 93 93 98 98 98 98 110 110 110 110 111 111 111 111 116 116 116 116 
97 97 97 97 104 104 104 104 109 109 109 109 116 116 116 116 
90 90 90 90 91 91 91 91 96 96 96 96 103 103 103 103 108 108 108 108 
90 90 90 90 96 96 96 96 101 101 101 101 113 113 113 113 114 114 114 114 119 119 119 119 
100 100 100 100 107 107 107 107 112 112 112 112 119 119 119 119 
93 93 93 93 94 94 94 94 99 99 99 99 106 106 106 106 
93 93 93 93 99 99 99 99 104 104 104 104 116 116 116 116 117 117 117 117 122 122 122 122 
103 103 103 103 110 110 110 110 115 115 115 115 122 122 122 122 
96 96 96 96 97 97 97 97 102 102 102 102 109 109 109 109 
102 102 102 102 119 119 119 119 120 120 120 120 125 125 125 125 
106 106 106 106 113 113 113 113 118 118 118 118 125 125 125 125 
99 99 99 99 100 100 100 100 105 105 105 105 112 112 112 112 
105 105 105 105 122 122 122 122 123 123 123 123 
109 109 109 109 116 116 116 116 120 120 120 120 121 121 121 121 
102 102 102 102 103 103 103 103 108 108 108 108 115 115 115 115 
108 108 108 108 125 125 125 125 126 126 126 126 
112 112 112 112 119 119 119 119 123 123 123 123 124 124 124 124 
105 105 105 105 106 106 106 106 111 111 111 111 118 118 118 118 
111 111 111 111 115 115 115 115 
115 115 115 115 122 122 122 122 126 126 126 126 127 127 127 127 
108 108 108 108 109 109 109 109 114 114 114 114 121 121 121 121 
114 114 114 114 118 118 118 118 
118 118 118 118 
111 111 111 111 112 112 112 112 117 117 117 117 
117 117 117 117 121 121 121 121 
121 121 121 121 
