Exp 6: 16 States, 3 Muts
Best Fitness: 2.8105
Representation: directed linked lists, repetition shows integer weight, and blank line before next experiment
Note: if node 0 and 1 share an edge, these appear in both lists
Network Starts on Next Line:
256 898 2696
1 1 1 1 10 10 10 12 12 12 13 13 13 87 87 
0 0 0 0 2 2 12 12 12 13 13 13 14 14 14 
1 1 6 6 6 7 7 7 11 11 11 13 13 13 89 89 89 
7 7 7 8 8 8 12 12 12 13 13 13 90 
5 5 5 5 14 14 14 16 16 16 17 17 17 91 91 
4 4 4 4 16 16 16 17 17 17 18 18 18 92 
2 2 2 10 10 10 11 11 11 15 15 15 17 17 17 93 93 93 93 93 
2 2 2 3 3 3 9 9 9 11 11 11 12 12 12 16 16 16 17 17 17 
3 3 3 10 10 10 18 18 18 20 20 20 21 21 21 
7 7 7 10 10 20 20 20 21 21 21 22 22 22 96 
0 0 0 6 6 6 8 8 8 9 9 14 14 14 15 15 15 19 19 19 21 21 21 
2 2 2 6 6 6 7 7 7 13 13 13 15 15 15 16 16 16 20 20 20 21 21 21 
0 0 0 1 1 1 3 3 3 7 7 7 14 14 14 22 22 22 24 24 24 25 25 25 
0 0 0 1 1 1 2 2 2 3 3 3 11 11 11 24 24 24 25 25 25 26 26 26 
1 1 1 4 4 4 10 10 10 12 12 12 18 18 18 19 19 19 23 23 23 25 25 25 
6 6 6 10 10 10 11 11 11 17 17 17 19 19 19 20 20 20 24 24 24 25 25 25 
4 4 4 5 5 5 7 7 7 11 11 11 18 18 18 26 26 26 28 28 28 29 29 29 
4 4 4 5 5 5 6 6 6 7 7 7 15 15 15 28 28 28 29 29 29 30 30 30 
5 5 5 8 8 8 14 14 14 16 16 16 22 22 22 23 23 23 27 27 27 29 29 29 
10 10 10 14 14 14 15 15 15 21 21 21 23 23 23 24 24 24 28 28 28 29 29 29 
8 8 8 9 9 9 11 11 11 15 15 15 22 22 22 30 30 30 32 32 32 33 33 33 
8 8 8 9 9 9 10 10 10 11 11 11 19 19 19 32 32 32 33 33 33 34 34 34 
9 9 9 12 12 12 18 18 18 20 20 20 26 26 26 27 27 27 31 31 31 33 33 33 
14 14 14 18 18 18 19 19 19 25 25 25 27 27 27 28 28 28 32 32 32 33 33 33 
12 12 12 13 13 13 15 15 15 19 19 19 26 26 26 34 34 34 36 36 36 37 37 37 
12 12 12 13 13 13 14 14 14 15 15 15 23 23 23 36 36 36 37 37 37 38 38 38 
13 13 13 16 16 16 22 22 22 24 24 24 27 27 27 30 30 30 31 31 31 35 35 35 37 37 37 
18 18 18 22 22 22 23 23 23 26 26 26 28 28 28 29 29 29 31 31 31 32 32 32 36 36 36 37 37 37 
16 16 16 17 17 17 19 19 19 23 23 23 27 27 27 30 30 30 38 38 38 40 40 40 41 41 41 
16 16 16 17 17 17 18 18 18 19 19 19 27 27 27 40 40 40 41 41 41 42 42 42 
17 17 17 20 20 20 26 26 26 28 28 28 31 31 31 34 34 34 35 35 35 39 39 39 41 41 41 
22 22 22 26 26 26 27 27 27 30 30 30 32 32 32 33 33 33 35 35 35 36 36 36 40 40 40 41 41 41 
20 20 20 21 21 21 23 23 23 27 27 27 31 31 31 34 34 34 42 42 42 44 44 44 45 45 45 
20 20 20 21 21 21 22 22 22 23 23 23 31 31 31 44 44 44 45 45 45 46 46 46 
21 21 21 24 24 24 30 30 30 32 32 32 35 35 35 38 38 38 39 39 39 43 43 43 45 45 45 
26 26 26 30 30 30 31 31 31 34 34 34 36 36 36 37 37 37 39 39 39 40 40 40 44 44 44 45 45 45 
24 24 24 25 25 25 27 27 27 31 31 31 35 35 35 38 38 38 46 46 46 48 48 48 49 49 49 
24 24 24 25 25 25 26 26 26 27 27 27 35 35 35 48 48 48 49 49 49 50 50 50 
25 25 25 28 28 28 34 34 34 36 36 36 39 39 39 42 42 42 43 43 43 47 47 47 49 49 49 
30 30 30 34 34 34 35 35 35 38 38 38 40 40 40 41 41 41 43 43 43 44 44 44 48 48 48 49 49 49 
28 28 28 29 29 29 31 31 31 35 35 35 39 39 39 42 42 42 50 50 50 52 52 52 53 53 53 
28 28 28 29 29 29 30 30 30 31 31 31 39 39 39 52 52 52 53 53 53 54 54 54 
29 29 29 32 32 32 38 38 38 40 40 40 43 43 43 46 46 46 47 47 47 51 51 51 53 53 53 
34 34 34 38 38 38 39 39 39 42 42 42 45 45 45 47 47 47 48 48 48 52 52 52 53 53 53 
32 32 32 33 33 33 35 35 35 39 39 39 46 46 46 54 54 54 56 56 56 57 57 57 
32 32 32 33 33 33 34 34 34 35 35 35 43 43 43 46 46 56 56 56 57 57 57 58 58 58 
33 33 33 36 36 36 42 42 42 44 44 44 45 45 50 50 50 51 51 51 55 55 55 57 57 57 59 59 59 59 
38 38 38 42 42 42 43 43 43 49 49 49 51 51 51 52 52 52 56 56 56 57 57 57 
36 36 36 37 37 37 39 39 39 43 43 43 50 50 50 58 58 58 60 60 60 
36 36 36 37 37 37 38 38 38 39 39 39 47 47 47 60 60 60 61 61 61 
37 37 37 40 40 40 46 46 46 48 48 48 54 54 54 55 55 55 59 59 59 61 61 61 
42 42 42 46 46 46 47 47 47 53 53 53 55 55 55 56 56 56 60 60 60 61 61 61 
40 40 40 41 41 41 43 43 43 47 47 47 54 54 54 62 62 62 64 64 64 
40 40 40 41 41 41 42 42 42 43 43 43 51 51 51 64 64 64 65 65 65 
41 41 41 44 44 44 50 50 50 52 52 52 58 58 58 59 59 59 63 63 63 65 65 65 
46 46 46 50 50 50 51 51 51 57 57 57 59 59 59 60 60 60 64 64 64 65 65 65 
44 44 44 45 45 45 47 47 47 51 51 51 58 58 58 66 66 66 68 68 68 
44 44 44 45 45 45 46 46 46 47 47 47 55 55 55 68 68 68 69 69 69 
45 45 45 48 48 48 54 54 54 56 56 56 62 62 62 63 63 63 67 67 67 69 69 69 71 71 71 
46 46 46 46 50 50 50 54 54 54 55 55 55 61 61 61 63 63 63 64 64 64 68 68 68 69 69 69 
48 48 48 49 49 49 51 51 51 55 55 55 62 62 62 70 70 70 72 72 72 
49 49 49 50 50 50 51 51 51 59 59 59 72 72 72 73 73 73 74 74 
52 52 52 58 58 58 60 60 60 66 66 66 67 67 67 71 71 71 73 73 73 
54 54 54 58 58 58 59 59 59 65 65 65 67 67 67 68 68 68 72 72 72 73 73 73 
52 52 52 53 53 53 55 55 55 59 59 59 66 66 66 74 74 74 76 76 76 
53 53 53 54 54 54 55 55 55 63 63 63 76 76 76 77 77 77 
56 56 56 62 62 62 64 64 64 70 70 70 71 71 71 75 75 75 77 77 77 88 88 88 
58 58 58 62 62 62 63 63 63 69 69 69 71 71 71 72 72 72 76 76 76 77 77 77 89 89 89 
56 56 56 57 57 57 59 59 59 63 63 63 70 70 70 78 78 78 80 80 80 
57 57 57 58 58 58 59 59 59 67 67 67 80 80 80 81 81 81 
60 60 60 66 66 66 68 68 68 74 74 74 75 75 75 79 79 79 81 81 81 92 92 92 
58 58 58 62 62 62 66 66 66 67 67 67 73 73 73 75 75 75 76 76 76 80 80 80 81 81 81 93 93 93 
60 60 60 61 61 61 63 63 63 67 67 67 74 74 74 82 82 82 84 84 84 
61 61 61 62 62 62 63 63 63 71 71 71 84 84 84 85 85 85 
61 61 64 64 64 70 70 70 72 72 72 78 78 78 79 79 79 83 83 83 85 85 85 96 96 96 
66 66 66 70 70 70 71 71 71 77 77 77 79 79 79 80 80 80 84 84 84 85 85 85 97 97 97 
64 64 64 65 65 65 67 67 67 71 71 71 78 78 78 86 86 86 88 88 88 
65 65 65 66 66 66 67 67 67 75 75 75 88 88 88 89 89 89 
68 68 68 74 74 74 76 76 76 82 82 82 83 83 83 87 87 87 89 89 89 100 100 100 
70 70 70 74 74 74 75 75 75 81 81 81 83 83 83 84 84 84 88 88 88 89 89 89 
68 68 68 69 69 69 71 71 71 75 75 75 82 82 82 90 90 90 92 92 92 
69 69 69 70 70 70 71 71 71 79 79 79 92 92 92 93 93 93 
72 72 72 78 78 78 80 80 80 86 86 86 87 87 87 91 91 91 93 93 93 
74 74 74 78 78 78 79 79 79 85 85 85 87 87 87 88 88 88 92 92 92 93 93 93 
72 72 72 73 73 73 75 75 75 79 79 79 86 86 86 94 94 94 96 96 96 
73 73 73 74 74 74 75 75 75 83 83 83 96 96 96 97 97 97 107 107 107 107 107 
76 76 76 82 82 82 84 84 84 90 90 90 91 91 91 95 95 95 97 97 97 108 108 108 108 108 
0 0 78 78 78 82 82 82 83 83 83 89 89 89 91 91 91 92 92 92 96 96 96 97 97 97 109 109 109 
66 66 66 76 76 76 77 77 77 79 79 79 83 83 83 89 89 89 90 90 90 98 98 98 100 100 100 
2 2 2 67 67 67 77 77 77 78 78 78 79 79 79 87 87 87 88 88 88 90 90 90 100 100 100 101 101 101 
3 80 80 80 86 86 86 88 88 88 89 89 89 94 94 94 95 95 95 99 99 99 101 101 101 
4 4 82 82 82 86 86 86 87 87 87 93 93 93 95 95 95 96 96 96 100 100 100 101 101 101 
5 70 70 70 80 80 80 81 81 81 83 83 83 87 87 87 93 93 93 94 94 94 102 102 102 104 104 104 
6 6 6 6 6 71 71 71 81 81 81 82 82 82 83 83 83 91 91 91 92 92 92 94 94 94 104 104 104 105 105 105 
84 84 84 90 90 90 92 92 92 93 93 93 98 98 98 99 99 99 103 103 103 105 105 105 
86 86 86 90 90 90 91 91 91 97 97 97 99 99 99 100 100 100 104 104 104 105 105 105 
9 74 74 74 84 84 84 85 85 85 87 87 87 91 91 91 97 97 97 98 98 98 106 106 106 108 108 108 
75 75 75 85 85 85 86 86 86 87 87 87 95 95 95 96 96 96 98 98 98 108 108 108 109 109 109 
88 88 88 94 94 94 96 96 96 97 97 97 102 102 102 103 103 103 107 107 107 109 109 109 
90 90 90 94 94 94 95 95 95 101 101 101 103 103 103 104 104 104 108 108 108 109 109 109 
78 78 78 88 88 88 89 89 89 91 91 91 95 95 95 101 101 101 102 102 102 110 110 110 112 112 112 
89 89 89 90 90 90 91 91 91 99 99 99 100 100 100 102 102 102 112 112 112 113 113 113 
92 92 92 98 98 98 100 100 100 101 101 101 106 106 106 107 107 107 111 111 111 113 113 113 
94 94 94 98 98 98 99 99 99 105 105 105 107 107 107 108 108 108 112 112 112 113 113 113 
92 92 92 93 93 93 95 95 95 99 99 99 105 105 105 106 106 106 114 114 114 116 116 116 
93 93 93 94 94 94 95 95 95 103 103 103 104 104 104 106 106 106 116 116 116 117 117 117 
96 96 96 102 102 102 104 104 104 105 105 105 110 110 110 111 111 111 115 115 115 117 117 117 
85 85 85 85 85 98 98 98 102 102 102 103 103 103 109 109 109 111 111 111 112 112 112 116 116 116 117 117 117 
86 86 86 86 86 96 96 96 97 97 97 99 99 99 103 103 103 109 109 109 110 110 110 118 118 118 120 120 120 
87 87 87 97 97 97 98 98 98 99 99 99 107 107 107 108 108 108 110 110 110 120 120 120 121 121 121 
100 100 100 106 106 106 108 108 108 109 109 109 114 114 114 115 115 115 119 119 119 121 121 121 
102 102 102 106 106 106 107 107 107 113 113 113 115 115 115 116 116 116 120 120 120 121 121 121 
100 100 100 101 101 101 103 103 103 107 107 107 113 113 113 114 114 114 122 122 122 124 124 124 
101 101 101 102 102 102 103 103 103 111 111 111 112 112 112 114 114 114 124 124 124 125 125 125 
104 104 104 110 110 110 112 112 112 113 113 113 118 118 118 123 123 123 125 125 125 
106 106 106 110 110 110 111 111 111 117 117 117 119 119 119 124 124 124 125 125 125 
104 104 104 105 105 105 107 107 107 111 111 111 117 117 117 118 118 118 126 126 126 128 128 128 
105 105 105 106 106 106 107 107 107 115 115 115 116 116 116 118 118 118 128 128 128 129 129 129 
108 108 108 114 114 114 116 116 116 117 117 117 122 122 122 123 123 123 127 127 127 129 129 129 
110 110 110 115 115 115 121 121 121 123 123 123 128 128 128 129 129 129 
108 108 108 109 109 109 111 111 111 121 121 121 122 122 122 130 130 130 132 132 132 
109 109 109 110 110 110 111 111 111 119 119 119 120 120 120 122 122 122 126 126 132 132 132 133 133 133 
112 112 112 118 118 118 120 120 120 121 121 121 126 126 126 131 131 131 133 133 133 
114 114 114 118 118 118 119 119 119 125 125 125 127 127 127 132 132 132 133 133 133 
112 112 112 113 113 113 115 115 115 125 125 125 126 126 126 134 134 134 136 136 136 
113 113 113 114 114 114 115 115 115 123 123 123 124 124 124 126 126 126 136 136 136 137 137 137 
116 116 116 121 121 122 122 122 124 124 124 125 125 125 130 130 130 135 135 135 137 137 137 
118 118 118 123 123 123 129 129 129 131 131 131 136 136 136 137 137 137 
116 116 116 117 117 117 119 119 119 129 129 129 130 130 130 138 138 138 140 140 140 
117 117 117 118 118 118 119 119 119 127 127 127 128 128 128 130 130 130 140 140 140 141 141 141 
120 120 120 126 126 126 128 128 128 129 129 129 134 134 134 139 139 139 141 141 141 
122 122 122 127 127 127 133 133 133 135 135 135 140 140 140 141 141 141 
120 120 120 121 121 121 123 123 123 133 133 133 134 134 134 142 142 142 144 144 144 
121 121 121 122 122 122 123 123 123 131 131 131 132 132 132 134 134 134 144 144 144 145 145 145 
124 124 124 130 130 130 132 132 132 133 133 133 138 138 138 143 143 143 145 145 145 
126 126 126 131 131 131 137 137 137 139 139 139 144 144 144 145 145 145 
124 124 124 125 125 125 127 127 127 137 137 137 138 138 138 146 146 146 148 148 148 
125 125 125 126 126 126 127 127 127 135 135 135 136 136 136 138 138 138 148 148 148 149 149 149 
128 128 128 134 134 134 136 136 136 137 137 137 142 142 142 147 147 147 149 149 149 
130 130 130 135 135 135 141 141 141 143 143 143 148 148 148 149 149 149 
128 128 128 129 129 129 131 131 131 142 142 142 150 150 150 152 152 152 
129 129 129 130 130 130 131 131 131 139 139 139 152 152 152 153 153 153 
132 132 132 138 138 138 140 140 140 146 146 146 151 151 151 153 153 153 
134 134 134 139 139 139 145 145 145 147 147 147 152 152 152 153 153 153 
132 132 132 133 133 133 135 135 135 145 145 145 146 146 146 154 154 154 156 156 156 
133 133 133 134 134 134 135 135 135 143 143 143 144 144 144 156 156 156 157 157 157 
136 136 136 142 142 142 144 144 144 150 150 150 155 155 155 157 157 157 
138 138 138 143 143 143 148 148 149 149 149 151 151 151 156 156 156 157 157 157 
136 136 136 137 137 137 139 139 139 147 147 150 150 150 158 158 158 160 160 160 
137 137 137 138 138 138 139 139 139 147 147 147 160 160 160 161 161 161 
140 140 140 146 146 146 148 148 148 154 154 154 159 159 159 161 161 161 
142 142 142 147 147 147 153 153 153 155 155 155 160 160 160 161 161 161 
140 140 140 141 141 141 143 143 143 154 154 154 162 162 162 164 164 164 
141 141 141 142 142 142 143 143 143 151 151 151 164 164 164 165 165 165 
144 144 144 150 150 150 152 152 152 158 158 158 163 163 163 165 165 165 
146 146 146 151 151 151 159 159 159 164 164 164 165 165 165 
144 144 144 145 145 145 147 147 147 166 166 166 168 168 168 
145 145 145 146 146 146 147 147 147 168 168 168 169 169 169 
148 148 148 154 154 154 162 162 162 167 167 167 169 169 169 
150 150 150 155 155 155 161 161 161 163 163 163 168 168 168 169 169 169 200 200 200 200 200 
148 148 148 149 149 149 151 151 151 170 170 170 172 172 172 201 201 201 201 
149 149 149 150 150 150 151 151 151 159 159 159 172 172 172 173 173 173 202 202 202 
152 152 152 158 158 158 164 164 166 166 166 171 171 171 173 173 173 203 203 203 203 
154 154 154 159 159 159 167 167 167 172 172 172 173 173 173 204 
152 152 152 153 153 153 155 155 155 162 162 174 174 174 176 176 176 205 205 205 205 205 
153 153 153 154 154 154 155 155 155 176 176 176 177 177 177 206 206 206 206 
156 156 156 162 162 162 170 170 170 175 175 175 177 177 177 
158 158 158 163 163 163 171 171 171 176 176 176 177 177 177 208 
156 156 156 157 157 157 159 159 159 178 178 178 180 180 180 209 209 209 209 209 254 254 254 254 254 
157 157 157 158 158 158 159 159 159 180 180 180 181 181 181 255 255 255 255 
160 160 160 166 166 166 174 174 174 179 179 179 181 181 181 211 211 211 
162 162 162 167 167 167 175 175 175 180 180 180 181 181 181 
160 160 160 161 161 161 163 163 163 182 182 182 184 184 184 
161 161 161 162 162 162 163 163 163 184 184 184 185 185 185 
164 164 164 170 170 170 178 178 178 183 183 183 185 185 185 
166 166 166 171 171 171 179 179 179 184 184 184 185 185 185 
164 164 164 165 165 165 167 167 167 186 186 186 188 188 188 
165 165 165 166 166 166 167 167 167 188 188 188 189 189 189 
168 168 168 174 174 174 182 182 182 187 187 187 189 189 189 
170 170 170 175 175 175 183 183 183 188 188 188 189 189 189 
168 168 168 169 169 169 171 171 171 190 190 190 192 192 192 
169 169 169 170 170 170 171 171 171 192 192 192 193 193 193 
172 172 172 178 178 178 186 186 186 191 191 191 193 193 193 
174 174 174 179 179 179 187 187 187 192 192 192 193 193 193 
172 172 172 173 173 173 175 175 175 194 194 194 196 196 196 
173 173 173 174 174 174 175 175 175 196 196 196 197 197 197 
176 176 176 182 182 182 190 190 190 195 195 195 197 197 197 
178 178 178 183 183 183 191 191 191 196 196 196 197 197 197 
176 176 176 177 177 177 179 179 179 198 198 198 200 200 200 
177 177 177 178 178 178 179 179 179 200 200 200 201 201 201 
180 180 180 186 186 186 194 194 194 198 198 198 199 199 199 201 201 201 
182 182 182 187 187 187 195 195 195 199 199 199 200 200 200 201 201 201 
180 180 180 181 181 181 183 183 183 202 202 202 204 204 204 
181 181 181 182 182 182 183 183 183 204 204 204 205 205 205 
184 184 184 190 190 190 198 198 198 202 202 202 203 203 203 205 205 205 
186 186 186 191 191 191 199 199 199 203 203 203 204 204 204 205 205 205 
184 184 184 185 185 185 187 187 187 206 206 206 208 208 208 
185 185 185 186 186 186 187 187 187 208 208 208 209 209 209 
188 188 188 190 190 190 194 194 194 202 202 202 206 206 206 207 207 207 209 209 209 
190 190 190 191 191 191 195 195 195 203 203 203 207 207 207 208 208 208 209 209 209 
159 159 159 159 159 188 188 188 189 189 189 191 191 191 210 210 210 212 212 212 
160 160 160 160 189 189 189 190 190 190 191 191 191 212 212 212 213 213 213 
161 161 161 192 192 192 194 194 194 198 198 198 206 206 206 210 210 210 211 211 211 213 213 213 
162 162 162 162 194 194 194 195 195 195 199 199 199 207 207 207 211 211 211 212 212 212 213 213 213 
163 192 192 192 193 193 193 195 195 195 214 214 214 216 216 216 
164 164 164 164 164 193 193 193 194 194 194 195 195 195 216 216 216 217 217 217 
165 165 165 165 196 196 196 198 198 198 202 202 202 210 210 210 214 214 214 215 215 215 217 217 217 
198 198 198 199 199 199 203 203 203 211 211 211 215 215 215 216 216 216 217 217 217 
167 196 196 196 197 197 197 199 199 199 218 218 218 220 220 220 
168 168 168 168 168 197 197 197 198 198 198 199 199 199 220 220 220 221 221 221 
200 200 200 202 202 202 206 206 206 214 214 214 218 218 218 219 219 219 221 221 221 
170 170 170 202 202 202 203 203 203 207 207 207 215 215 215 219 219 219 220 220 220 221 221 221 
200 200 200 201 201 201 203 203 203 222 222 222 224 224 224 
201 201 201 202 202 202 203 203 203 224 224 224 225 225 225 
204 204 204 206 206 206 210 210 210 218 218 218 222 222 222 223 223 223 225 225 225 
206 206 206 207 207 207 211 211 211 218 218 218 219 219 219 223 223 223 224 224 224 225 225 225 
204 204 204 205 205 205 207 207 207 219 219 219 226 226 226 228 228 228 
205 205 205 206 206 206 207 207 207 228 228 228 229 229 229 
208 208 208 210 210 210 214 214 214 215 215 215 222 222 222 226 226 226 227 227 227 229 229 229 
210 210 210 211 211 211 215 215 215 216 216 216 222 222 222 223 223 223 227 227 227 228 228 228 229 229 229 
208 208 208 209 209 209 211 211 211 223 223 223 230 230 230 232 232 232 
209 209 209 210 210 210 211 211 211 232 232 232 233 233 233 
212 212 212 214 214 214 218 218 218 219 219 219 226 226 226 230 230 230 231 231 231 233 233 233 
214 214 214 215 215 215 219 219 219 220 220 220 226 226 226 227 227 227 231 231 231 232 232 232 233 233 233 
212 212 212 213 213 213 215 215 215 227 227 227 234 234 234 236 236 236 
213 213 213 214 214 214 215 215 215 236 236 236 237 237 237 
216 216 216 218 218 218 222 222 222 223 223 223 230 230 230 234 234 234 235 235 235 237 237 237 
218 218 218 219 219 219 223 223 223 224 224 224 230 230 230 231 231 231 235 235 235 236 236 236 237 237 237 
216 216 216 217 217 217 219 219 219 231 231 231 238 238 238 240 240 240 
217 217 217 218 218 218 219 219 219 240 240 240 241 241 241 
220 220 220 222 222 222 226 226 226 227 227 227 234 234 234 238 238 238 239 239 239 241 241 241 
222 222 222 223 223 223 227 227 227 228 228 228 234 234 234 235 235 235 239 239 239 240 240 240 241 241 241 
220 220 220 221 221 221 223 223 223 235 235 235 242 242 242 244 244 244 
221 221 221 222 222 222 223 223 223 244 244 244 245 245 245 
224 224 224 226 226 226 230 230 230 231 231 231 238 238 238 242 242 242 243 243 243 245 245 245 
226 226 226 227 227 227 231 231 231 232 232 232 238 238 238 239 239 239 243 243 243 244 244 244 245 245 245 
224 224 224 225 225 225 227 227 227 239 239 239 246 246 246 248 248 248 
225 225 225 226 226 226 227 227 227 248 248 248 249 249 249 
228 228 228 230 230 230 234 234 234 235 235 235 242 242 242 246 246 246 247 247 247 249 249 249 
230 230 230 231 231 231 235 235 235 236 236 236 242 242 242 243 243 243 247 247 247 248 248 248 249 249 249 
228 228 228 229 229 229 231 231 231 243 243 243 250 250 250 252 252 252 
229 229 229 230 230 230 231 231 231 252 252 252 253 253 253 
232 232 232 234 234 234 238 238 238 239 239 239 246 246 246 250 250 250 251 251 251 253 253 253 
234 234 234 235 235 235 239 239 239 240 240 240 246 246 246 247 247 247 251 251 251 252 252 252 253 253 253 
232 232 232 233 233 233 235 235 235 247 247 247 254 254 254 
233 233 233 234 234 234 235 235 235 
236 236 236 238 238 238 242 242 242 243 243 243 250 250 250 254 254 254 255 255 255 
238 238 238 239 239 239 243 243 243 244 244 244 250 250 250 251 251 251 255 255 255 
236 236 236 237 237 237 239 239 239 251 251 251 
237 237 237 238 238 238 239 239 239 
240 240 240 242 242 242 246 246 246 247 247 247 254 254 254 
242 242 242 243 243 243 247 247 247 248 248 248 254 254 254 255 255 255 
240 240 240 241 241 241 243 243 243 255 255 255 
241 241 241 242 242 242 243 243 243 
168 168 168 168 168 244 244 244 246 246 246 250 250 250 251 251 251 
169 169 169 169 246 246 246 247 247 247 251 251 251 252 252 252 
