Exp 2: 12 States, 2 Muts
Best Fitness: 1.9013
Representation: directed linked lists, repetition shows integer weight, and blank line before next experiment
Note: if node 0 and 1 share an edge, these appear in both lists
Network Starts on Next Line:
256 450 2230
1 1 1 13 13 13 13 13 16 16 16 16 16 17 17 17 17 17 20 20 20 20 20 
0 0 0 16 16 16 16 16 19 19 19 19 19 

14 14 14 14 14 17 17 17 17 17 22 22 22 22 22 
16 16 16 16 16 

19 19 19 19 19 22 22 22 22 22 23 23 23 23 23 26 26 26 26 26 
22 22 22 22 22 25 25 25 25 25 
9 9 9 9 9 
8 8 8 8 8 20 20 20 20 20 23 23 23 23 23 28 28 28 28 28 
22 22 22 22 22 

25 25 25 25 25 28 28 28 28 28 29 29 29 29 29 32 32 32 32 32 
0 0 0 0 0 28 28 28 28 28 31 31 31 31 31 
3 3 3 3 3 15 15 15 15 15 
14 14 14 14 14 26 26 26 26 26 29 29 29 29 29 34 34 34 34 34 
0 0 0 0 0 1 1 1 1 1 4 4 4 4 4 28 28 28 28 28 
0 0 0 0 0 3 3 3 3 3 
19 19 19 19 19 31 31 31 31 31 34 34 34 34 34 35 35 35 35 35 38 38 38 38 38 
1 1 1 1 1 6 6 6 6 6 18 18 18 18 18 34 34 34 34 34 37 37 37 37 37 
0 0 0 0 0 9 9 9 9 9 21 21 21 21 
20 20 20 20 32 32 32 32 32 35 35 35 35 35 40 40 40 40 40 
3 3 3 3 3 6 6 6 6 6 7 7 7 7 7 10 10 10 10 10 23 23 23 23 23 34 34 34 34 34 
6 6 6 6 6 9 9 9 9 9 22 22 22 22 22 
37 37 37 37 37 40 40 40 40 40 41 41 41 41 41 44 44 44 44 44 
7 7 7 7 7 12 12 12 12 12 40 40 40 40 40 43 43 43 43 43 
6 6 6 6 6 15 15 15 15 15 
38 38 38 38 38 41 41 41 41 41 46 46 46 46 46 
9 9 9 9 9 12 12 12 12 12 13 13 13 13 13 16 16 16 16 16 40 40 40 40 40 
12 12 12 12 12 15 15 15 15 15 
43 43 43 43 43 46 46 46 46 46 47 47 47 47 47 50 50 50 50 50 
13 13 13 13 13 18 18 18 18 18 46 46 46 46 46 49 49 49 49 49 
12 12 12 12 12 21 21 21 21 21 
44 44 44 44 44 47 47 47 47 47 52 52 52 52 52 
15 15 15 15 15 18 18 18 18 18 19 19 19 19 19 22 22 22 22 22 46 46 46 46 46 
18 18 18 18 18 21 21 21 21 21 
49 49 49 49 49 52 52 52 52 52 53 53 53 53 53 56 56 56 56 56 
19 19 19 19 19 24 24 24 24 24 52 52 52 52 52 55 55 55 55 55 
18 18 18 18 18 27 27 27 27 27 
50 50 50 50 50 53 53 53 53 53 58 58 58 58 58 
21 21 21 21 21 24 24 24 24 24 25 25 25 25 25 28 28 28 28 28 52 52 52 52 52 
24 24 24 24 24 27 27 27 27 27 42 42 42 42 
41 41 41 41 55 55 55 55 55 58 58 58 58 58 59 59 59 59 59 62 62 62 62 62 
25 25 25 25 25 30 30 30 30 30 58 58 58 58 58 61 61 61 61 61 
24 24 24 24 24 33 33 33 33 33 
56 56 56 56 56 59 59 59 59 59 64 64 64 64 64 
27 27 27 27 27 30 30 30 30 30 31 31 31 31 31 34 34 34 34 34 58 58 58 58 58 
30 30 30 30 30 33 33 33 33 33 
61 61 61 61 61 64 64 64 64 64 65 65 65 65 65 68 68 68 68 68 
31 31 31 31 31 36 36 36 36 36 64 64 64 64 64 67 67 67 67 67 
30 30 30 30 30 39 39 39 39 39 
62 62 62 62 62 65 65 65 65 65 70 70 70 70 70 
33 33 33 33 33 36 36 36 36 36 37 37 37 37 37 40 40 40 40 40 64 64 64 64 64 
36 36 36 36 36 39 39 39 39 39 
67 67 67 67 67 70 70 70 70 70 71 71 71 71 71 74 74 74 74 74 
37 37 37 37 37 42 42 42 42 42 70 70 70 70 70 73 73 73 73 73 
36 36 36 36 36 45 45 45 45 45 
68 68 68 68 68 71 71 71 71 71 76 76 76 76 76 
39 39 39 39 39 42 42 42 42 42 43 43 43 43 43 46 46 46 46 46 70 70 70 70 70 
42 42 42 42 42 45 45 45 45 45 
62 62 62 62 62 73 73 73 73 73 76 76 76 76 76 77 77 77 77 77 80 80 80 80 80 
43 43 43 43 43 48 48 48 48 48 76 76 76 76 76 79 79 79 79 79 
42 42 42 42 42 51 51 51 51 51 60 60 60 60 60 
74 74 74 74 74 77 77 77 77 77 82 82 82 82 82 
45 45 45 45 45 48 48 48 48 48 49 49 49 49 49 52 52 52 52 52 76 76 76 76 76 
48 48 48 48 48 51 51 51 51 51 
79 79 79 79 79 82 82 82 82 82 83 83 83 83 83 86 86 86 86 86 
49 49 49 49 49 54 54 54 54 54 69 69 69 69 82 82 82 82 82 85 85 85 85 85 
48 48 48 48 48 57 57 57 57 57 
67 67 67 67 80 80 80 80 80 83 83 83 83 83 88 88 88 88 88 
51 51 51 51 51 54 54 54 54 54 55 55 55 55 55 58 58 58 58 58 82 82 82 82 82 
54 54 54 54 54 57 57 57 57 57 
85 85 85 85 85 88 88 88 88 88 89 89 89 89 89 92 92 92 92 92 
55 55 55 55 55 60 60 60 60 60 88 88 88 88 88 91 91 91 91 91 
54 54 54 54 54 63 63 63 63 63 
86 86 86 86 86 89 89 89 89 89 94 94 94 94 94 
57 57 57 57 57 60 60 60 60 60 61 61 61 61 61 64 64 64 64 64 88 88 88 88 88 
60 60 60 60 60 63 63 63 63 63 
91 91 91 91 91 94 94 94 94 94 95 95 95 95 95 98 98 98 98 98 
61 61 61 61 61 66 66 66 66 66 94 94 94 94 94 97 97 97 97 97 
60 60 60 60 60 69 69 69 69 69 
92 92 92 92 92 95 95 95 95 95 100 100 100 100 100 
63 63 63 63 63 66 66 66 66 66 67 67 67 67 67 70 70 70 70 70 83 83 83 83 94 94 94 94 94 
66 66 66 66 66 69 69 69 69 69 82 82 82 82 
85 85 85 85 85 97 97 97 97 97 100 100 100 100 100 101 101 101 101 101 104 104 104 104 104 
67 67 67 67 67 72 72 72 72 72 84 84 84 84 84 100 100 100 100 100 103 103 103 103 103 
66 66 66 66 66 75 75 75 75 75 
98 98 98 98 98 101 101 101 101 101 106 106 106 106 106 
69 69 69 69 69 72 72 72 72 72 73 73 73 73 73 76 76 76 76 76 100 100 100 100 100 
72 72 72 72 72 75 75 75 75 75 
91 91 91 91 91 103 103 103 103 103 106 106 106 106 106 107 107 107 107 107 110 110 110 110 110 
73 73 73 73 73 78 78 78 78 78 90 90 90 90 90 106 106 106 106 106 109 109 109 109 109 
72 72 72 72 72 81 81 81 81 81 
104 104 104 104 104 107 107 107 107 107 112 112 112 112 112 
75 75 75 75 75 78 78 78 78 78 79 79 79 79 79 82 82 82 82 82 106 106 106 106 106 
78 78 78 78 78 81 81 81 81 81 
97 97 97 97 97 109 109 109 109 109 112 112 112 112 112 113 113 113 113 113 116 116 116 116 116 
79 79 79 79 79 84 84 84 84 84 96 96 96 96 96 112 112 112 112 112 115 115 115 115 115 
78 78 78 78 78 87 87 87 87 87 100 100 100 100 
110 110 110 110 110 113 113 113 113 113 118 118 118 118 118 
81 81 81 81 81 84 84 84 84 84 85 85 85 85 85 88 88 88 88 88 98 98 98 98 112 112 112 112 112 
84 84 84 84 84 87 87 87 87 87 
103 103 103 103 103 115 115 115 115 115 118 118 118 118 118 119 119 119 119 119 122 122 122 122 122 
85 85 85 85 85 90 90 90 90 90 102 102 102 102 102 118 118 118 118 118 121 121 121 121 121 
84 84 84 84 84 93 93 93 93 93 
116 116 116 116 116 119 119 119 119 119 124 124 124 124 124 
87 87 87 87 87 90 90 90 90 90 91 91 91 91 91 94 94 94 94 94 118 118 118 118 118 
90 90 90 90 90 93 93 93 93 93 
109 109 109 109 109 121 121 121 121 121 124 124 124 124 124 125 125 125 125 125 128 128 128 128 128 
91 91 91 91 91 96 96 96 96 96 108 108 108 108 108 124 124 124 124 124 127 127 127 127 127 
90 90 90 90 90 99 99 99 99 99 
122 122 122 122 122 125 125 125 125 125 130 130 130 130 130 
93 93 93 93 93 96 96 96 96 96 97 97 97 97 97 100 100 100 100 100 124 124 124 124 124 
96 96 96 96 96 99 99 99 99 99 
115 115 115 115 115 127 127 127 127 127 130 130 130 130 130 131 131 131 131 131 134 134 134 134 134 
97 97 97 97 97 102 102 102 102 102 114 114 114 114 114 130 130 130 130 130 133 133 133 133 133 
96 96 96 96 96 105 105 105 105 105 
120 120 120 120 128 128 128 128 128 131 131 131 131 131 136 136 136 136 136 
99 99 99 99 99 102 102 102 102 102 103 103 103 103 103 106 106 106 106 106 130 130 130 130 130 
102 102 102 102 102 105 105 105 105 105 122 122 122 122 122 
117 117 117 117 121 121 121 121 121 133 133 133 133 133 136 136 136 136 136 137 137 137 137 137 140 140 140 140 140 
103 103 103 103 103 108 108 108 108 108 120 120 120 120 120 136 136 136 136 136 139 139 139 139 139 
102 102 102 102 102 111 111 111 111 111 119 119 119 119 119 
134 134 134 134 134 137 137 137 137 137 142 142 142 142 142 
105 105 105 105 105 108 108 108 108 108 109 109 109 109 109 112 112 112 112 112 136 136 136 136 136 
108 108 108 108 108 111 111 111 111 111 128 128 128 128 128 
127 127 127 127 127 139 139 139 139 139 142 142 142 142 142 143 143 143 143 143 146 146 146 146 146 
109 109 109 109 109 114 114 114 114 114 126 126 126 126 126 142 142 142 142 142 145 145 145 145 145 
108 108 108 108 108 117 117 117 117 117 125 125 125 125 125 
140 140 140 140 140 143 143 143 143 143 148 148 148 148 148 
111 111 111 111 111 114 114 114 114 114 115 115 115 115 115 118 118 118 118 118 142 142 142 142 142 
114 114 114 114 114 117 117 117 117 117 134 134 134 134 134 
133 133 133 133 133 145 145 145 145 145 148 148 148 148 148 149 149 149 149 149 152 152 152 152 152 
115 115 115 115 115 120 120 120 120 120 132 132 132 132 132 148 148 148 148 148 151 151 151 151 151 
114 114 114 114 114 123 123 123 123 123 131 131 131 131 131 
146 146 146 146 146 149 149 149 149 149 154 154 154 154 154 
117 117 117 117 117 120 120 120 120 120 121 121 121 121 121 124 124 124 124 124 148 148 148 148 148 
120 120 120 120 120 123 123 123 123 123 140 140 140 140 140 
139 139 139 139 139 151 151 151 151 151 154 154 154 154 154 155 155 155 155 155 158 158 158 158 158 
121 121 121 121 121 126 126 126 126 126 138 138 138 138 138 154 154 154 154 154 157 157 157 157 157 
120 120 120 120 120 129 129 129 129 129 137 137 137 137 137 
152 152 152 152 152 155 155 155 155 155 160 160 160 160 160 
123 123 123 123 123 126 126 126 126 126 127 127 127 127 127 130 130 130 130 130 154 154 154 154 154 
126 126 126 126 126 129 129 129 129 129 146 146 146 146 146 
145 145 145 145 145 157 157 157 157 157 160 160 160 160 160 161 161 161 161 161 164 164 164 164 164 
127 127 127 127 127 132 132 132 132 132 144 144 144 144 144 160 160 160 160 160 163 163 163 163 163 
126 126 126 126 126 135 135 135 135 135 143 143 143 143 143 
158 158 158 158 158 161 161 161 161 161 166 166 166 166 166 
129 129 129 129 129 132 132 132 132 132 133 133 133 133 133 136 136 136 136 136 160 160 160 160 160 
132 132 132 132 132 135 135 135 135 135 152 152 152 152 152 
151 151 151 151 151 163 163 163 163 163 166 166 166 166 166 167 167 167 167 167 170 170 170 170 170 
133 133 133 133 133 138 138 138 138 138 150 150 150 150 150 166 166 166 166 166 169 169 169 169 169 
132 132 132 132 132 141 141 141 141 141 149 149 149 149 149 
164 164 164 164 164 167 167 167 167 167 172 172 172 172 172 
135 135 135 135 135 138 138 138 138 138 139 139 139 139 139 142 142 142 142 142 166 166 166 166 166 
138 138 138 138 138 141 141 141 141 141 158 158 158 158 158 
157 157 157 157 157 169 169 169 169 169 172 172 172 172 172 173 173 173 173 173 176 176 176 176 176 
139 139 139 139 139 144 144 144 144 144 156 156 156 156 156 172 172 172 172 172 175 175 175 175 175 
138 138 138 138 138 147 147 147 147 147 155 155 155 155 155 
170 170 170 170 170 173 173 173 173 173 178 178 178 178 178 
141 141 141 141 141 144 144 144 144 144 145 145 145 145 145 148 148 148 148 148 172 172 172 172 172 
144 144 144 144 144 147 147 147 147 147 164 164 164 164 164 
175 175 175 175 175 178 178 178 178 178 179 179 179 179 179 182 182 182 182 182 
145 145 145 145 145 150 150 150 150 150 164 164 164 164 164 178 178 178 178 178 181 181 181 181 181 
144 144 144 144 144 153 153 153 153 153 161 161 161 161 161 163 163 163 163 163 165 165 
164 164 176 176 176 176 176 179 179 179 179 179 184 184 184 184 184 
147 147 147 147 147 150 150 150 150 150 151 151 151 151 151 154 154 154 154 154 178 178 178 178 178 
150 150 150 150 150 153 153 153 153 153 170 170 170 170 170 
181 181 181 181 181 184 184 184 184 184 185 185 185 185 185 188 188 188 188 188 
151 151 151 151 151 156 156 156 156 156 184 184 184 184 184 187 187 187 187 187 
150 150 150 150 150 159 159 159 159 159 167 167 167 167 167 171 171 171 
170 170 170 172 182 182 182 182 182 185 185 185 185 185 190 190 190 190 190 
153 153 153 153 153 156 156 156 156 156 157 157 157 157 157 160 160 160 160 160 171 184 184 184 184 184 
156 156 156 156 156 159 159 159 159 159 174 174 174 174 174 176 176 176 176 176 
173 173 173 173 173 187 187 187 187 187 190 190 190 190 190 191 191 191 191 191 194 194 194 194 194 
157 157 157 157 157 162 162 162 162 162 190 190 190 190 190 193 193 193 193 193 
156 156 156 156 156 165 165 165 165 165 173 173 173 173 173 
188 188 188 188 188 191 191 191 191 191 196 196 196 196 196 
159 159 159 159 159 162 162 162 162 162 163 163 163 163 163 166 166 166 166 166 190 190 190 190 190 
162 162 162 162 162 165 165 165 165 165 180 180 180 180 180 
179 179 179 179 179 193 193 193 193 193 196 196 196 196 196 197 197 197 197 197 200 200 200 200 200 
163 163 163 163 163 168 168 168 168 168 196 196 196 196 196 199 199 199 199 199 
162 162 162 162 162 171 171 171 171 171 
184 184 184 184 184 194 194 194 194 194 197 197 197 197 197 202 202 202 202 202 
165 165 165 165 165 168 168 168 168 168 169 169 169 169 169 172 172 172 172 172 183 183 183 183 183 196 196 196 196 196 
168 168 168 168 168 171 171 171 171 171 186 186 186 186 
185 185 185 185 199 199 199 199 199 202 202 202 202 202 203 203 203 203 203 206 206 206 206 206 
169 169 169 169 169 174 174 174 174 174 188 188 188 188 188 197 197 197 197 202 202 202 202 202 205 205 205 205 205 
168 168 168 168 168 177 177 177 177 177 187 187 187 187 187 
199 199 199 199 199 200 200 200 200 200 203 203 203 203 203 208 208 208 208 208 
171 171 171 171 171 174 174 174 174 174 175 175 175 175 175 178 178 178 178 178 202 202 202 202 202 
174 174 174 174 174 177 177 177 177 177 
205 205 205 205 205 208 208 208 208 208 209 209 209 209 209 212 212 212 212 212 
175 175 175 175 175 180 180 180 180 180 208 208 208 208 208 211 211 211 211 211 
174 174 174 174 174 183 183 183 183 183 
205 205 205 205 205 206 206 206 206 206 209 209 209 209 209 214 214 214 214 214 
177 177 177 177 177 180 180 180 180 180 181 181 181 181 181 184 184 184 184 184 208 208 208 208 208 
180 180 180 180 180 183 183 183 183 183 187 187 187 187 
211 211 211 211 211 214 214 214 214 214 215 215 215 215 215 
181 181 181 181 181 186 186 186 186 186 189 189 189 189 189 214 214 214 214 214 217 217 217 217 217 
180 180 180 180 180 189 189 189 189 189 
211 211 211 211 211 212 212 212 212 212 215 215 215 215 215 220 220 220 220 220 
183 183 183 183 183 186 186 186 186 186 187 187 187 187 187 190 190 190 190 190 214 214 214 214 214 
186 186 186 186 186 189 189 189 189 189 
217 217 217 217 217 220 220 220 220 220 221 221 221 221 221 
187 187 187 187 187 192 192 192 192 192 195 195 195 195 195 220 220 220 220 220 223 223 223 223 223 
186 186 186 186 186 195 195 195 195 195 
217 217 217 217 217 218 218 218 218 218 221 221 221 221 221 226 226 226 226 226 
189 189 189 189 189 192 192 192 192 192 193 193 193 193 193 196 196 196 196 196 220 220 220 220 220 
192 192 192 192 192 195 195 195 195 195 
223 223 223 223 223 226 226 226 226 226 227 227 227 227 227 
193 193 193 193 193 198 198 198 198 198 201 201 201 201 201 226 226 226 226 226 229 229 229 229 229 
192 192 192 192 192 201 201 201 201 201 
223 223 223 223 223 224 224 224 224 224 227 227 227 227 227 232 232 232 232 232 
195 195 195 195 195 198 198 198 198 198 199 199 199 199 199 202 202 202 202 202 226 226 226 226 226 
198 198 198 198 198 201 201 201 201 201 
229 229 229 229 229 232 232 232 232 232 233 233 233 233 233 
199 199 199 199 199 204 204 204 204 204 207 207 207 207 207 232 232 232 232 232 235 235 235 235 235 
207 207 207 207 207 
224 224 224 224 229 229 229 229 229 230 230 230 230 230 233 233 233 233 233 238 238 238 238 238 
201 201 201 201 201 204 204 204 204 204 205 205 205 205 205 208 208 208 208 208 232 232 232 232 232 
204 204 204 204 204 207 207 207 207 207 
235 235 235 235 235 238 238 238 238 238 239 239 239 239 239 
205 205 205 205 205 210 210 210 210 210 213 213 213 213 213 238 238 238 238 238 241 241 241 241 241 
213 213 213 213 213 219 219 219 219 
235 235 235 235 235 236 236 236 236 236 239 239 239 239 239 244 244 244 244 244 
207 207 207 207 207 210 210 210 210 210 211 211 211 211 211 214 214 214 214 214 238 238 238 238 238 
210 210 210 210 210 213 213 213 213 213 
241 241 241 241 241 244 244 244 244 244 245 245 245 245 245 
211 211 211 211 211 216 216 216 216 216 219 219 219 219 219 244 244 244 244 244 247 247 247 247 247 
219 219 219 219 219 
241 241 241 241 241 242 242 242 242 242 245 245 245 245 245 250 250 250 250 250 
213 213 213 213 213 216 216 216 216 216 217 217 217 217 217 220 220 220 220 220 244 244 244 244 244 
216 216 216 216 216 219 219 219 219 219 
247 247 247 247 247 250 250 250 250 250 251 251 251 251 251 
217 217 217 217 217 222 222 222 222 222 225 225 225 225 225 250 250 250 250 250 253 253 253 253 253 
225 225 225 225 225 
247 247 247 247 247 248 248 248 248 248 251 251 251 251 251 
219 219 219 219 219 222 222 222 222 222 223 223 223 223 223 226 226 226 226 226 250 250 250 250 250 
222 222 222 222 222 225 225 225 225 225 
253 253 253 253 253 
223 223 223 223 223 228 228 228 228 228 231 231 231 231 231 
231 231 231 231 231 
253 253 253 253 253 254 254 254 254 254 
225 225 225 225 225 228 228 228 228 228 229 229 229 229 229 232 232 232 232 232 
228 228 228 228 228 231 231 231 231 231 

229 229 229 229 229 234 234 234 234 234 237 237 237 237 237 
237 237 237 237 237 

231 231 231 231 231 234 234 234 234 234 235 235 235 235 235 238 238 238 238 238 
234 234 234 234 234 237 237 237 237 237 

235 235 235 235 235 240 240 240 240 240 243 243 243 243 243 
243 243 243 243 243 

