Exp 9: 20 States, 3 Muts
Best Fitness: 2.10481
Representation: directed linked lists, repetition shows integer weight, and blank line before next experiment
Note: if node 0 and 1 share an edge, these appear in both lists
Network Starts on Next Line:
256 645 2829
6 6 6 6 7 7 7 7 8 8 8 8 8 13 
7 7 7 7 7 8 8 8 8 8 9 9 9 9 
8 8 8 8 9 9 9 9 10 10 10 10 10 
4 4 4 4 9 9 9 9 9 10 10 10 10 10 11 11 11 11 16 16 16 16 
3 3 3 3 10 10 10 10 11 11 11 11 12 12 12 12 12 17 17 
11 11 11 11 11 12 12 12 12 12 13 13 13 13 
0 0 0 0 12 12 12 12 13 13 13 13 14 14 14 14 14 19 19 
0 0 0 0 1 1 1 1 1 13 13 13 13 13 14 14 14 14 14 15 15 15 15 
0 0 0 0 0 1 1 1 1 1 2 2 2 2 9 9 14 14 14 14 15 15 15 15 16 16 16 16 16 
1 1 1 1 2 2 2 2 3 3 3 3 3 8 8 15 15 15 15 15 16 16 16 16 16 17 17 17 17 
2 2 2 2 2 3 3 3 3 3 4 4 4 4 11 11 16 16 16 16 17 17 17 17 18 18 18 18 18 
3 3 3 3 4 4 4 4 5 5 5 5 5 10 10 17 17 17 17 17 18 18 18 18 18 19 19 19 19 
4 4 4 4 4 5 5 5 5 5 6 6 6 6 13 13 13 18 18 18 18 19 19 19 19 20 20 20 20 20 
0 5 5 5 5 6 6 6 6 7 7 7 7 7 12 12 12 19 19 19 19 19 20 20 20 20 20 21 21 21 21 
6 6 6 6 6 7 7 7 7 7 8 8 8 8 20 20 20 20 21 21 21 21 22 22 22 22 22 
7 7 7 7 8 8 8 8 9 9 9 9 9 16 16 16 21 21 21 21 21 22 22 22 22 22 23 23 23 23 
3 3 3 3 8 8 8 8 8 9 9 9 9 9 10 10 10 10 15 15 15 22 22 22 22 23 23 23 23 24 24 24 24 24 
4 4 9 9 9 9 10 10 10 10 11 11 11 11 11 23 23 23 23 23 24 24 24 24 24 25 25 25 25 
10 10 10 10 10 11 11 11 11 11 12 12 12 12 24 24 24 24 25 25 25 25 26 26 26 26 26 
6 6 11 11 11 11 12 12 12 12 13 13 13 13 13 20 20 20 20 25 25 25 25 25 26 26 26 26 26 27 27 27 27 
12 12 12 12 12 13 13 13 13 13 14 14 14 14 19 19 19 19 26 26 26 26 27 27 27 27 28 28 28 28 28 
13 13 13 13 14 14 14 14 15 15 15 15 15 27 27 27 27 27 28 28 28 28 28 29 29 29 29 
14 14 14 14 14 15 15 15 15 15 16 16 16 16 28 28 28 28 29 29 29 29 30 30 30 30 30 
15 15 15 15 16 16 16 16 17 17 17 17 17 29 29 29 29 29 30 30 30 30 30 31 31 31 31 
16 16 16 16 16 17 17 17 17 17 18 18 18 18 30 30 30 30 31 31 31 31 32 32 32 32 32 
17 17 17 17 18 18 18 18 19 19 19 19 19 26 26 26 26 31 31 31 31 31 32 32 32 32 32 33 33 33 33 
18 18 18 18 18 19 19 19 19 19 20 20 20 20 25 25 25 25 27 27 27 27 27 32 32 32 32 33 33 33 33 34 34 34 34 34 
19 19 19 19 20 20 20 20 21 21 21 21 21 26 26 26 26 26 28 28 28 28 33 33 33 33 33 34 34 34 34 34 35 35 35 35 
20 20 20 20 20 21 21 21 21 21 22 22 22 22 27 27 27 27 34 34 34 34 35 35 35 35 36 36 36 36 36 
21 21 21 21 22 22 22 22 23 23 23 23 23 35 35 35 35 35 36 36 36 36 36 37 37 37 37 73 73 73 73 73 
22 22 22 22 22 23 23 23 23 23 24 24 24 24 36 36 36 36 37 37 37 37 38 38 38 38 38 74 
23 23 23 23 24 24 24 24 25 25 25 25 25 37 37 37 37 37 38 38 38 38 38 39 39 39 39 75 75 75 75 75 
24 24 24 24 24 25 25 25 25 25 26 26 26 26 38 38 38 38 39 39 39 39 40 40 40 40 40 76 76 76 
25 25 25 25 26 26 26 26 27 27 27 27 27 34 34 34 34 39 39 39 39 39 40 40 40 40 40 41 41 41 41 
26 26 26 26 26 27 27 27 27 27 28 28 28 28 33 33 33 33 40 40 40 40 41 41 41 41 42 42 42 42 42 
27 27 27 27 28 28 28 28 29 29 29 29 29 41 41 41 41 41 42 42 42 42 42 43 43 43 43 79 79 79 79 
28 28 28 28 28 29 29 29 29 29 30 30 30 30 42 42 42 42 43 43 43 43 44 44 44 44 44 80 80 80 
29 29 29 29 30 30 30 30 31 31 31 31 31 43 43 43 43 43 44 44 44 44 44 45 45 45 45 81 81 81 81 
30 30 30 30 30 31 31 31 31 31 32 32 32 32 44 44 44 44 45 45 45 45 46 46 46 46 46 82 82 82 
31 31 31 31 32 32 32 32 33 33 33 33 33 45 45 45 45 45 46 46 46 46 46 47 47 47 47 83 83 83 83 
32 32 32 32 32 33 33 33 33 33 34 34 34 34 46 46 46 46 47 47 47 47 48 48 48 48 48 
33 33 33 33 34 34 34 34 35 35 35 35 35 47 47 47 47 47 48 48 48 48 48 49 49 49 49 
34 34 34 34 34 35 35 35 35 35 36 36 36 36 48 48 48 48 49 49 49 49 
35 35 35 35 36 36 36 36 37 37 37 37 37 49 49 49 49 49 50 50 50 50 50 51 51 51 51 51 
36 36 36 36 36 37 37 37 37 37 38 38 38 38 50 50 50 50 51 51 51 51 
37 37 37 37 38 38 38 38 39 39 39 39 39 51 51 51 51 51 52 52 52 52 52 89 89 89 89 
38 38 38 38 38 39 39 39 39 39 40 40 40 40 52 52 52 52 53 53 53 53 
39 39 39 39 40 40 40 40 41 41 41 41 41 53 53 53 53 53 54 54 54 54 54 91 91 91 
40 40 40 40 40 41 41 41 41 41 42 42 42 42 54 54 54 54 55 55 55 55 
41 41 41 41 42 42 42 42 43 43 43 43 43 55 55 55 55 55 56 56 56 56 56 
43 43 43 43 43 44 44 44 44 56 56 56 56 57 57 57 57 
43 43 43 43 43 44 44 44 44 45 45 45 45 45 57 57 57 57 57 58 58 58 58 58 
45 45 45 45 45 46 46 46 46 58 58 58 58 59 59 59 59 
46 46 46 46 47 47 47 47 47 59 59 59 59 59 60 60 60 60 60 
47 47 47 47 47 48 48 48 48 55 55 60 60 60 60 61 61 61 61 
48 48 48 48 49 49 49 49 49 54 54 61 61 61 61 61 62 62 62 62 62 
49 49 49 49 49 50 50 50 50 57 57 62 62 62 62 63 63 63 63 
50 50 50 50 51 51 51 51 51 56 56 63 63 63 63 63 64 64 64 64 64 
51 51 51 51 51 52 52 52 52 64 64 64 64 65 65 65 65 
52 52 52 52 53 53 53 53 53 65 65 65 65 65 66 66 66 66 66 
53 53 53 53 53 54 54 54 54 66 66 66 66 67 67 67 67 
54 54 54 54 55 55 55 55 55 67 67 67 67 67 68 68 68 68 68 
55 55 55 55 55 56 56 56 56 68 68 68 68 69 69 69 69 
56 56 56 56 57 57 57 57 57 65 65 69 69 69 69 69 70 70 70 70 70 
57 57 57 57 57 58 58 58 58 70 70 70 70 71 71 71 71 
58 58 58 58 59 59 59 59 59 63 63 71 71 71 71 71 72 72 72 72 72 
59 59 59 59 59 60 60 60 60 72 72 72 72 73 73 73 73 
60 60 60 60 61 61 61 61 61 73 73 73 73 73 74 74 74 74 74 
61 61 61 61 61 62 62 62 62 74 74 74 74 75 75 75 75 
62 62 62 62 63 63 63 63 63 75 75 75 75 75 76 76 76 76 76 
63 63 63 63 63 64 64 64 64 76 76 76 76 77 77 77 77 
64 64 64 64 65 65 65 65 65 77 77 77 77 77 78 78 78 78 78 
65 65 65 65 65 66 66 66 66 78 78 78 78 79 79 79 79 
29 29 29 29 29 66 66 66 66 67 67 67 67 67 79 79 79 79 79 80 80 80 80 80 
30 67 67 67 67 67 68 68 68 68 80 80 80 80 81 81 81 81 
31 31 31 31 31 68 68 68 68 69 69 69 69 69 81 81 81 81 81 82 82 82 82 82 
32 32 32 69 69 69 69 69 70 70 70 70 82 82 82 82 83 83 83 83 
70 70 70 70 71 71 71 71 71 83 83 83 83 83 84 84 84 84 84 
71 71 71 71 71 72 72 72 72 84 84 84 84 85 85 85 85 
35 35 35 35 72 72 72 72 73 73 73 73 73 85 85 85 85 85 86 86 86 86 86 
36 36 36 73 73 73 73 73 74 74 74 74 86 86 86 86 87 87 87 87 
37 37 37 37 74 74 74 74 75 75 75 75 75 87 87 87 87 87 88 88 88 88 88 
38 38 38 75 75 75 75 75 76 76 76 76 88 88 88 88 89 89 89 89 
39 39 39 39 76 76 76 76 77 77 77 77 77 89 89 89 89 89 90 90 90 90 90 
77 77 77 77 77 78 78 78 78 90 90 90 90 91 91 91 91 
78 78 78 78 79 79 79 79 79 91 91 91 91 91 92 92 92 92 92 
79 79 79 79 79 80 80 80 80 92 92 92 92 93 93 93 93 
80 80 80 80 81 81 81 81 81 93 93 93 93 93 94 94 94 94 94 
81 81 81 81 81 82 82 82 82 94 94 94 94 95 95 95 95 
45 45 45 45 82 82 82 82 83 83 83 83 83 95 95 95 95 95 96 96 96 96 96 
83 83 83 83 83 84 84 84 84 91 91 91 91 91 96 96 96 96 97 97 97 97 
47 47 47 84 84 84 84 85 85 85 85 85 90 90 90 90 90 92 97 97 97 97 97 98 98 98 98 98 
85 85 85 85 85 86 86 86 86 91 98 98 98 98 99 99 99 99 
86 86 86 86 87 87 87 87 87 99 99 99 99 99 100 100 100 100 100 
87 87 87 87 87 88 88 88 88 95 95 95 95 95 100 100 100 100 101 101 101 101 
88 88 88 88 89 89 89 89 89 94 94 94 94 94 96 101 101 101 101 101 102 102 102 102 102 
89 89 89 89 89 90 90 90 90 95 102 102 102 102 103 103 103 103 
90 90 90 90 91 91 91 91 91 103 103 103 103 103 104 104 104 104 104 
91 91 91 91 91 92 92 92 92 104 104 104 104 105 105 105 105 
92 92 92 92 93 93 93 93 93 105 105 105 105 105 106 106 106 106 106 
93 93 93 93 93 94 94 94 94 106 106 106 106 107 107 107 107 
94 94 94 94 95 95 95 95 95 107 107 107 107 107 108 108 108 108 108 
95 95 95 95 95 96 96 96 96 108 108 108 108 109 109 109 109 
96 96 96 96 97 97 97 97 97 109 109 109 109 109 110 110 110 110 110 
97 97 97 97 97 98 98 98 98 110 110 110 110 111 111 111 111 
98 98 98 98 99 99 99 99 99 108 108 108 108 108 111 111 111 111 111 112 112 112 112 112 
99 99 99 99 99 100 100 100 100 109 112 112 112 112 113 113 113 113 
100 100 100 100 101 101 101 101 101 113 113 113 113 113 114 114 114 114 114 
101 101 101 101 101 102 102 102 102 105 105 105 105 105 114 114 114 114 115 115 115 115 
102 102 102 102 103 103 103 103 103 106 115 115 115 115 115 116 116 116 116 116 
103 103 103 103 103 104 104 104 104 116 116 116 116 117 117 117 117 
104 104 104 104 105 105 105 105 105 117 117 117 117 117 118 118 118 118 118 
105 105 105 105 105 106 106 106 106 118 118 118 118 119 119 119 119 
106 106 106 106 107 107 107 107 107 119 119 119 119 119 120 120 120 120 120 207 207 207 207 207 
107 107 107 107 107 108 108 108 108 120 120 120 120 121 121 121 121 208 208 208 208 
108 108 108 108 109 109 109 109 109 121 121 121 121 121 122 122 122 122 122 
109 109 109 109 109 110 110 110 110 122 122 122 122 123 123 123 123 
110 110 110 110 111 111 111 111 111 123 123 123 123 123 124 124 124 124 124 
111 111 111 111 111 112 112 112 112 124 124 124 124 125 125 125 125 
112 112 112 112 113 113 113 113 113 125 125 125 125 125 126 126 126 126 126 
113 113 113 113 113 114 114 114 114 126 126 126 126 127 127 127 127 
114 114 114 114 115 115 115 115 115 127 127 127 127 127 128 128 128 128 128 
115 115 115 115 115 116 116 116 116 128 128 128 128 129 129 129 129 
116 116 116 116 117 117 117 117 117 129 129 129 129 129 130 130 130 130 130 
117 117 117 117 117 118 118 118 118 130 130 130 130 131 131 131 131 
118 118 118 118 119 119 119 119 119 131 131 131 131 131 132 132 132 132 132 
119 119 119 119 119 120 120 120 120 132 132 132 132 133 133 133 133 220 220 220 220 
120 120 120 120 121 121 121 121 121 133 133 133 133 133 134 134 134 134 134 
121 121 121 121 121 122 122 122 122 134 134 134 134 135 135 135 135 
122 122 122 122 123 123 123 123 123 135 135 135 135 135 136 136 136 136 136 
123 123 123 123 123 124 124 124 124 136 136 136 136 137 137 137 137 
124 124 124 124 125 125 125 125 125 137 137 137 137 137 138 138 138 138 138 
125 125 125 125 125 126 126 126 126 138 138 138 138 139 139 139 139 
126 126 126 126 127 127 127 127 127 139 139 139 139 139 140 140 140 140 140 227 227 
127 127 127 127 127 128 128 128 128 140 140 140 140 141 141 141 141 
128 128 128 128 129 129 129 129 129 141 141 141 141 141 142 142 142 142 142 
129 129 129 129 129 130 130 130 130 142 142 142 142 143 143 143 143 
130 130 130 130 131 131 131 131 131 143 143 143 143 143 144 144 144 144 144 231 231 
131 131 131 131 131 132 132 132 132 144 144 144 144 145 145 145 145 
132 132 132 132 133 133 133 133 133 145 145 145 145 145 146 146 146 146 146 
133 133 133 133 133 134 134 134 134 146 146 146 146 147 147 147 147 
134 134 134 134 135 135 135 135 135 147 147 147 147 147 148 148 148 148 148 
135 135 135 135 135 136 136 136 136 148 148 148 148 149 149 149 149 
136 136 136 136 137 137 137 137 137 149 149 149 149 149 150 150 150 150 150 
137 137 137 137 137 138 138 138 138 150 150 150 150 151 151 151 151 
138 138 138 138 139 139 139 139 139 151 151 151 151 151 152 152 152 152 152 
139 139 139 139 139 140 140 140 140 152 152 152 152 153 153 153 153 
140 140 140 140 141 141 141 141 141 153 153 153 153 153 154 154 154 154 154 
141 141 141 141 141 142 142 142 142 154 154 154 154 155 155 155 155 
142 142 142 142 143 143 143 143 143 155 155 155 155 155 156 156 156 156 156 
143 143 143 143 143 144 144 144 144 156 156 156 156 157 157 157 157 
144 144 144 144 145 145 145 145 145 157 157 157 157 157 158 158 158 158 158 
145 145 145 145 145 146 146 146 146 158 158 158 158 159 159 159 159 
146 146 146 146 147 147 147 147 147 159 159 159 159 159 160 160 160 160 160 
147 147 147 147 147 148 148 148 148 160 160 160 160 161 161 161 161 
148 148 148 148 149 149 149 149 149 161 161 161 161 161 162 162 162 162 162 
149 149 149 149 149 150 150 150 150 162 162 162 162 163 163 163 163 
150 150 150 150 151 151 151 151 151 163 163 163 163 163 164 164 164 164 164 
151 151 151 151 151 152 152 152 152 164 164 164 164 165 165 165 165 
152 152 152 152 153 153 153 153 153 165 165 165 165 165 166 166 166 166 166 
153 153 153 153 153 154 154 154 154 166 166 166 166 167 167 167 167 
154 154 154 154 155 155 155 155 155 167 167 167 167 167 168 168 168 168 168 
155 155 155 155 155 156 156 156 156 168 168 168 168 169 169 169 169 
156 156 156 156 157 157 157 157 157 169 169 169 169 169 170 170 170 170 170 
157 157 157 157 157 158 158 158 158 170 170 170 170 171 171 171 171 
158 158 158 158 159 159 159 159 159 171 171 171 171 171 172 172 172 172 172 
159 159 159 159 159 160 160 160 160 172 172 172 172 173 173 173 173 
160 160 160 160 161 161 161 161 161 168 168 168 173 173 173 173 173 174 174 174 174 174 
161 161 161 161 161 162 162 162 162 167 167 167 169 169 169 169 169 174 174 174 174 175 175 175 175 
162 162 162 162 163 163 163 163 163 168 168 168 168 168 175 175 175 175 175 176 176 176 176 176 
163 163 163 163 163 164 164 164 164 176 176 176 176 177 177 177 177 
164 164 164 164 165 165 165 165 165 177 177 177 177 177 178 178 178 178 178 
165 165 165 165 165 166 166 166 166 178 178 178 178 179 179 179 179 
166 166 166 166 167 167 167 167 167 179 179 179 179 179 180 180 180 180 180 
167 167 167 167 167 168 168 168 168 180 180 180 180 181 181 181 181 
168 168 168 168 169 169 169 169 169 181 181 181 181 181 182 182 182 182 182 
169 169 169 169 169 170 170 170 170 182 182 182 182 183 183 183 183 
170 170 170 170 171 171 171 171 171 183 183 183 183 183 184 184 184 184 184 
171 171 171 171 171 172 172 172 172 184 184 184 184 185 185 185 185 
172 172 172 172 173 173 173 173 173 185 185 185 185 185 186 186 186 186 186 
173 173 173 173 173 174 174 174 174 186 186 186 186 187 187 187 187 
174 174 174 174 175 175 175 175 175 187 187 187 187 187 188 188 188 188 188 
175 175 175 175 175 176 176 176 176 188 188 188 188 189 189 189 189 
176 176 176 176 177 177 177 177 177 189 189 189 189 189 190 190 190 190 190 
177 177 177 177 177 178 178 178 178 190 190 190 190 191 191 191 191 
178 178 178 178 179 179 179 179 179 191 191 191 191 191 192 192 192 192 192 
179 179 179 179 179 180 180 180 180 192 192 192 192 193 193 193 193 
180 180 180 180 181 181 181 181 181 193 193 193 193 193 194 194 194 194 194 
181 181 181 181 181 182 182 182 182 194 194 194 194 195 195 195 195 
182 182 182 182 183 183 183 183 183 195 195 195 195 195 196 196 196 196 196 
183 183 183 183 183 184 184 184 184 196 196 196 196 197 197 197 197 
184 184 184 184 185 185 185 185 185 197 197 197 197 197 198 198 198 198 198 
185 185 185 185 185 186 186 186 186 198 198 198 198 199 199 199 199 
186 186 186 186 187 187 187 187 187 199 199 199 199 199 200 200 200 200 200 
187 187 187 187 187 188 188 188 188 200 200 200 200 201 201 201 201 
188 188 188 188 189 189 189 189 189 201 201 201 201 201 202 202 202 202 202 
189 189 189 189 189 190 190 190 190 202 202 202 202 203 203 203 203 
190 190 190 190 191 191 191 191 191 202 202 202 203 203 203 203 203 204 204 204 204 204 
191 191 191 191 191 192 192 192 192 203 203 203 203 203 204 204 204 204 205 205 205 205 
192 192 192 192 193 193 193 193 193 204 204 204 204 205 205 205 205 205 206 206 206 206 206 
193 193 193 193 193 194 194 194 194 205 205 205 205 205 206 206 206 206 207 207 207 207 
194 194 194 194 195 195 195 195 195 206 206 206 206 207 207 207 207 207 208 208 208 208 208 
195 195 195 195 195 196 196 196 196 197 197 197 207 207 207 207 207 208 208 208 208 209 209 209 209 
196 196 196 196 197 197 197 197 197 198 198 198 198 198 208 208 208 208 209 209 209 209 209 210 210 210 210 210 
197 197 197 197 197 198 198 198 198 199 199 199 199 209 209 209 209 209 210 210 210 210 211 211 211 211 
198 198 198 198 199 199 199 199 199 200 200 200 200 200 210 210 210 210 211 211 211 211 211 212 212 212 212 212 
199 199 199 199 199 200 200 200 200 201 201 201 201 211 211 211 211 211 212 212 212 212 213 213 213 213 
113 113 113 113 113 200 200 200 200 201 201 201 201 201 202 202 202 202 202 212 212 212 212 213 213 213 213 213 214 214 214 214 214 
114 114 114 114 201 201 201 201 201 202 202 202 202 203 203 203 203 213 213 213 213 213 214 214 214 214 215 215 215 215 
202 202 202 202 203 203 203 203 203 204 204 204 204 204 214 214 214 214 215 215 215 215 215 216 216 216 216 216 
203 203 203 203 203 204 204 204 204 205 205 205 205 215 215 215 215 215 216 216 216 216 217 217 217 217 
204 204 204 204 205 205 205 205 205 206 206 206 206 206 216 216 216 216 217 217 217 217 217 218 218 218 218 218 
205 205 205 205 205 206 206 206 206 207 207 207 207 217 217 217 217 217 218 218 218 218 219 219 219 219 
206 206 206 206 207 207 207 207 207 208 208 208 208 208 218 218 218 218 219 219 219 219 219 220 220 220 220 220 
207 207 207 207 207 208 208 208 208 209 209 209 209 219 219 219 219 219 220 220 220 220 221 221 221 221 
208 208 208 208 209 209 209 209 209 210 210 210 210 210 220 220 220 220 221 221 221 221 221 222 222 222 222 222 
209 209 209 209 209 210 210 210 210 211 211 211 211 221 221 221 221 221 222 222 222 222 223 223 223 223 
210 210 210 210 211 211 211 211 211 212 212 212 212 212 222 222 222 222 223 223 223 223 223 224 224 224 224 224 239 239 
211 211 211 211 211 212 212 212 212 213 213 213 213 223 223 223 223 223 224 224 224 224 225 225 225 225 240 
212 212 212 212 213 213 213 213 213 214 214 214 214 214 224 224 224 224 225 225 225 225 225 226 226 226 226 226 241 241 
126 126 126 126 213 213 213 213 213 214 214 214 214 215 215 215 215 225 225 225 225 225 226 226 226 226 227 227 227 227 
214 214 214 214 215 215 215 215 215 216 216 216 216 216 226 226 226 226 227 227 227 227 227 228 228 228 228 228 243 243 
215 215 215 215 215 216 216 216 216 217 217 217 217 227 227 227 227 227 228 228 228 228 229 229 229 229 
216 216 216 216 217 217 217 217 217 218 218 218 218 218 228 228 228 228 229 229 229 229 229 230 230 230 230 230 
217 217 217 217 217 218 218 218 218 219 219 219 219 229 229 229 229 229 230 230 230 230 231 231 231 231 246 246 
218 218 218 218 219 219 219 219 219 220 220 220 220 220 230 230 230 230 231 231 231 231 231 232 232 232 232 232 247 
219 219 219 219 219 220 220 220 220 221 221 221 221 231 231 231 231 231 232 232 232 232 233 233 233 233 248 248 248 248 
133 133 220 220 220 220 221 221 221 221 221 222 222 222 222 222 232 232 232 232 233 233 233 233 233 234 234 234 234 234 
221 221 221 221 221 222 222 222 222 223 223 223 223 233 233 233 233 233 234 234 234 234 235 235 235 235 250 250 
222 222 222 222 223 223 223 223 223 224 224 224 224 224 234 234 234 234 235 235 235 235 235 236 236 236 236 236 
223 223 223 223 223 224 224 224 224 225 225 225 225 235 235 235 235 235 236 236 236 236 237 237 237 237 
137 137 224 224 224 224 225 225 225 225 225 226 226 226 226 226 236 236 236 236 237 237 237 237 237 238 238 238 238 238 
225 225 225 225 225 226 226 226 226 227 227 227 227 237 237 237 237 237 238 238 238 238 239 239 239 239 
226 226 226 226 227 227 227 227 227 228 228 228 228 228 238 238 238 238 239 239 239 239 239 240 240 240 240 240 
227 227 227 227 227 228 228 228 228 229 229 229 229 239 239 239 239 239 240 240 240 240 241 241 241 241 
228 228 228 228 229 229 229 229 229 230 230 230 230 230 240 240 240 240 241 241 241 241 241 242 242 242 242 242 
229 229 229 229 229 230 230 230 230 231 231 231 231 241 241 241 241 241 242 242 242 242 243 243 243 243 
230 230 230 230 231 231 231 231 231 232 232 232 232 232 242 242 242 242 243 243 243 243 243 244 244 244 244 244 
231 231 231 231 231 232 232 232 232 233 233 233 233 243 243 243 243 243 244 244 244 244 245 245 245 245 
217 217 232 232 232 232 233 233 233 233 233 234 234 234 234 234 244 244 244 244 245 245 245 245 245 246 246 246 246 246 
218 233 233 233 233 233 234 234 234 234 235 235 235 235 245 245 245 245 245 246 246 246 246 247 247 247 247 
219 219 234 234 234 234 235 235 235 235 235 236 236 236 236 236 246 246 246 246 247 247 247 247 247 248 248 248 248 248 
235 235 235 235 235 236 236 236 236 237 237 237 237 247 247 247 247 247 248 248 248 248 249 249 249 249 
221 221 236 236 236 236 237 237 237 237 237 238 238 238 238 238 248 248 248 248 249 249 249 249 249 250 250 250 250 250 
237 237 237 237 237 238 238 238 238 239 239 239 239 249 249 249 249 249 250 250 250 250 251 251 251 251 
238 238 238 238 239 239 239 239 239 240 240 240 240 240 250 250 250 250 251 251 251 251 251 252 252 252 252 252 
224 224 239 239 239 239 239 240 240 240 240 241 241 241 241 251 251 251 251 251 252 252 252 252 253 253 253 253 
225 240 240 240 240 241 241 241 241 241 242 242 242 242 242 252 252 252 252 253 253 253 253 253 254 254 254 254 254 
226 226 226 226 241 241 241 241 241 242 242 242 242 243 243 243 243 253 253 253 253 253 254 254 254 254 255 255 255 255 
242 242 242 242 243 243 243 243 243 244 244 244 244 244 254 254 254 254 255 255 255 255 255 
228 228 243 243 243 243 243 244 244 244 244 245 245 245 245 255 255 255 255 255 
244 244 244 244 245 245 245 245 245 246 246 246 246 246 
245 245 245 245 245 246 246 246 246 247 247 247 247 
246 246 246 246 247 247 247 247 247 248 248 248 248 248 
247 247 247 247 247 248 248 248 248 249 249 249 249 
248 248 248 248 249 249 249 249 249 250 250 250 250 250 
