Exp 1: 12 States, 1 Muts
Best Fitness: 0.637702
Representation: directed linked lists, repetition shows integer weight, and blank line before next experiment
Note: if node 0 and 1 share an edge, these appear in both lists
Network Starts on Next Line:
200 328 1615
1 1 1 
0 0 0 2 4 4 4 4 4 5 5 5 5 5 6 6 6 6 6 8 8 8 8 8 
1 
4 4 6 6 6 6 6 7 7 7 7 7 8 8 8 8 8 10 10 10 10 10 
1 1 1 1 1 3 3 
1 1 1 1 1 6 6 6 8 8 8 8 8 9 9 9 9 9 10 10 10 10 10 12 12 12 12 12 
1 1 1 1 1 3 3 3 3 3 5 5 5 7 
3 3 3 3 3 6 10 10 10 10 10 11 11 11 11 11 12 12 12 12 12 14 14 14 14 14 
1 1 1 1 1 3 3 3 3 3 5 5 5 5 5 9 9 9 9 
5 5 5 5 5 8 8 8 8 10 12 12 12 12 12 13 13 13 13 13 14 14 14 14 14 16 16 16 16 16 
3 3 3 3 3 5 5 5 5 5 7 7 7 7 7 9 
7 7 7 7 7 12 12 14 14 14 14 14 15 15 15 15 15 16 16 16 16 16 18 18 18 18 18 
5 5 5 5 5 7 7 7 7 7 9 9 9 9 9 11 11 
9 9 9 9 9 14 14 14 16 16 16 16 16 17 17 17 17 17 18 18 18 18 18 20 20 20 20 20 
7 7 7 7 7 9 9 9 9 9 11 11 11 11 11 13 13 13 16 16 16 16 16 
11 11 11 11 11 18 18 18 18 18 19 19 19 19 19 20 20 20 20 20 22 22 22 22 22 
9 9 9 9 9 11 11 11 11 11 13 13 13 13 13 14 14 14 14 14 18 18 18 18 18 
13 13 13 13 13 20 20 20 20 20 21 21 21 21 21 22 22 22 22 22 24 24 24 24 24 
11 11 11 11 11 13 13 13 13 13 15 15 15 15 15 16 16 16 16 16 19 19 19 19 19 20 20 20 20 20 
15 15 15 15 15 18 18 18 18 18 22 22 22 22 22 23 23 23 23 23 24 24 24 24 24 26 26 26 26 26 
13 13 13 13 13 15 15 15 15 15 17 17 17 17 17 18 18 18 18 18 22 22 22 22 22 
17 17 17 17 17 24 24 24 24 24 25 25 25 25 25 26 26 26 26 26 28 28 28 28 28 
15 15 15 15 15 17 17 17 17 17 19 19 19 19 19 20 20 20 20 20 24 24 24 24 24 
19 19 19 19 19 26 26 26 26 26 27 27 27 27 27 28 28 28 28 28 30 30 30 30 30 
17 17 17 17 17 19 19 19 19 19 21 21 21 21 21 22 22 22 22 22 26 26 26 26 26 
21 21 21 21 21 29 29 29 29 29 30 30 30 30 30 32 32 32 32 32 
19 19 19 19 19 21 21 21 21 21 23 23 23 23 23 24 24 24 24 24 28 28 28 28 28 
23 23 23 23 23 31 31 31 31 31 32 32 32 32 32 34 34 34 34 34 
21 21 21 21 21 23 23 23 23 23 26 26 26 26 26 30 30 30 30 30 
25 25 25 25 25 33 33 33 33 33 34 34 34 34 34 36 36 36 36 36 
23 23 23 23 23 25 25 25 25 25 28 28 28 28 28 32 32 32 32 32 
27 27 27 27 27 35 35 35 35 35 36 36 36 36 36 38 38 38 38 38 
25 25 25 25 25 27 27 27 27 27 30 30 30 30 30 34 34 34 34 34 
29 29 29 29 29 37 37 37 37 37 38 38 38 38 38 40 40 40 40 40 
27 27 27 27 27 29 29 29 29 29 32 32 32 32 32 36 36 36 36 36 
31 31 31 31 31 36 36 36 36 36 39 39 39 39 39 40 40 40 40 40 42 42 42 42 42 
29 29 29 29 29 31 31 31 31 31 34 34 34 34 34 35 35 35 35 35 38 38 38 38 38 
33 33 33 33 33 38 38 38 38 38 41 41 41 41 41 42 42 42 42 42 44 44 44 44 44 
31 31 31 31 31 33 33 33 33 33 36 36 36 36 36 37 37 37 37 37 40 40 40 40 40 
35 35 35 35 35 40 40 40 40 40 43 43 43 43 43 44 44 44 44 44 46 46 46 46 46 
33 33 33 33 33 35 35 35 35 35 38 38 38 38 38 39 39 39 39 39 42 42 42 42 42 
37 37 37 37 37 42 42 42 42 42 46 46 46 46 46 48 48 48 48 48 
35 35 35 35 35 37 37 37 37 37 40 40 40 40 40 41 41 41 41 41 44 44 44 44 44 
39 39 39 39 39 44 44 44 44 44 48 48 48 48 48 50 50 50 50 50 
37 37 37 37 37 39 39 39 39 39 42 42 42 42 42 43 43 43 43 43 46 46 46 46 46 
46 46 46 46 46 50 50 50 50 50 52 52 52 52 52 
39 39 39 39 39 41 41 41 41 41 44 44 44 44 44 45 45 45 45 45 48 48 48 48 48 
52 52 52 52 52 54 54 54 54 54 
41 41 41 41 41 43 43 43 43 43 46 46 46 46 46 50 50 50 50 50 
54 54 54 54 54 56 56 56 56 56 
43 43 43 43 43 45 45 45 45 45 48 48 48 48 48 52 52 52 52 52 
56 56 56 56 56 58 58 58 58 58 
45 45 45 45 45 47 47 47 47 47 50 50 50 50 50 54 54 54 54 54 
58 58 58 58 58 60 60 60 60 60 
47 47 47 47 47 49 49 49 49 49 52 52 52 52 52 56 56 56 56 56 
60 60 60 60 60 62 62 62 62 62 
49 49 49 49 49 51 51 51 51 51 54 54 54 54 54 58 58 58 58 58 
62 62 62 62 62 64 64 64 64 64 
51 51 51 51 51 53 53 53 53 53 56 56 56 56 56 60 60 60 60 60 
64 64 64 64 64 66 66 66 66 66 
53 53 53 53 53 55 55 55 55 55 58 58 58 58 58 62 62 62 62 62 
66 66 66 66 66 68 68 68 68 68 
55 55 55 55 55 57 57 57 57 57 60 60 60 60 60 64 64 64 64 64 
68 68 68 68 68 70 70 70 70 70 
57 57 57 57 57 59 59 59 59 59 62 62 62 62 62 
70 70 70 70 70 72 72 72 72 72 
59 59 59 59 59 61 61 61 61 61 
72 72 72 72 72 74 74 74 74 74 
61 61 61 61 61 63 63 63 63 63 
74 74 74 74 74 76 76 76 76 76 
63 63 63 63 63 65 65 65 65 65 
72 72 72 72 72 76 76 76 76 76 78 78 78 78 78 
65 65 65 65 65 67 67 67 67 67 71 71 71 71 71 
74 74 74 74 74 78 78 78 78 78 80 80 80 80 80 
67 67 67 67 67 69 69 69 69 69 73 73 73 73 73 
76 76 76 76 76 80 80 80 80 80 82 82 82 82 82 
69 69 69 69 69 71 71 71 71 71 75 75 75 75 75 
78 78 78 78 78 82 82 82 82 82 84 84 84 84 84 
71 71 71 71 71 73 73 73 73 73 77 77 77 77 77 
80 80 80 80 80 84 84 84 84 84 86 86 86 86 86 
73 73 73 73 73 75 75 75 75 75 79 79 79 79 79 
82 82 82 82 82 86 86 86 86 86 88 88 88 88 88 
75 75 75 75 75 77 77 77 77 77 81 81 81 81 81 
84 84 84 84 84 88 88 88 88 88 90 90 90 90 90 
77 77 77 77 77 79 79 79 79 79 83 83 83 83 83 
86 86 86 86 86 90 90 90 90 90 92 92 92 92 92 
79 79 79 79 79 81 81 81 81 81 85 85 85 85 85 
88 88 88 88 88 92 92 92 92 92 94 94 94 94 94 
81 81 81 81 81 83 83 83 83 83 87 87 87 87 87 
90 90 90 90 90 94 94 94 94 94 96 96 96 96 96 
83 83 83 83 83 85 85 85 85 85 89 89 89 89 89 
96 96 96 96 96 98 98 98 98 98 
85 85 85 85 85 87 87 87 87 87 
98 98 98 98 98 100 100 100 100 100 
87 87 87 87 87 89 89 89 89 89 
100 100 100 100 100 102 102 102 102 102 
89 89 89 89 89 91 91 91 91 91 
102 102 102 102 102 104 104 104 104 104 
91 91 91 91 91 93 93 93 93 93 
104 104 104 104 104 106 106 106 106 106 
93 93 93 93 93 95 95 95 95 95 
106 106 106 106 106 108 108 108 108 108 
95 95 95 95 95 97 97 97 97 97 
108 108 108 108 108 110 110 110 110 110 
97 97 97 97 97 99 99 99 99 99 
110 110 110 110 110 112 112 112 112 112 
99 99 99 99 99 101 101 101 101 101 
112 112 112 112 112 114 114 114 114 114 
101 101 101 101 101 103 103 103 103 103 
114 114 114 114 114 116 116 116 116 116 
103 103 103 103 103 105 105 105 105 105 
116 116 116 116 116 118 118 118 118 118 
105 105 105 105 105 107 107 107 107 107 
118 118 118 118 118 120 120 120 120 120 
107 107 107 107 107 109 109 109 109 109 
120 120 120 120 120 122 122 122 122 122 
109 109 109 109 109 111 111 111 111 111 
122 122 122 122 122 124 124 124 124 124 
111 111 111 111 111 113 113 113 113 113 
124 124 124 124 124 126 126 126 126 126 
113 113 113 113 113 115 115 115 115 115 
126 126 126 126 126 128 128 128 128 128 
115 115 115 115 115 117 117 117 117 117 
128 128 128 128 128 130 130 130 130 130 
117 117 117 117 117 119 119 119 119 119 
130 130 130 130 130 132 132 132 132 132 
119 119 119 119 119 121 121 121 121 121 
128 128 128 128 128 132 132 132 132 132 134 134 134 134 134 
121 121 121 121 121 123 123 123 123 123 127 127 127 127 127 
130 130 130 130 130 134 134 134 134 134 136 136 136 136 136 
123 123 123 123 123 125 125 125 125 125 129 129 129 129 129 
132 132 132 132 132 136 136 136 136 136 138 138 138 138 138 
125 125 125 125 125 127 127 127 127 127 131 131 131 131 131 135 135 135 135 135 
134 134 134 134 134 138 138 138 138 138 140 140 140 140 140 
127 127 127 127 127 129 129 129 129 129 133 133 133 133 133 137 137 137 137 137 
132 132 132 132 132 136 136 136 136 136 141 141 141 141 141 
129 129 129 129 129 131 131 131 131 131 135 135 135 135 135 139 139 139 139 139 
134 134 134 134 134 138 138 138 138 138 143 143 143 143 143 
131 131 131 131 131 133 133 133 133 133 137 137 137 137 137 141 141 141 141 141 
136 136 136 136 136 140 140 140 140 140 145 145 145 145 145 
133 133 133 133 133 139 139 139 139 139 143 143 143 143 143 
135 135 135 135 135 138 138 138 138 138 142 142 142 142 142 147 147 147 147 147 
141 141 141 141 141 145 145 145 145 145 
137 137 137 137 137 140 140 140 140 140 144 144 144 144 144 149 149 149 149 149 
143 143 143 143 143 147 147 147 147 147 
139 139 139 139 139 142 142 142 142 142 146 146 146 146 146 147 147 147 147 147 151 151 151 151 151 
145 145 145 145 145 149 149 149 149 149 
141 141 141 141 141 144 144 144 144 144 145 145 145 145 145 148 148 148 148 148 149 149 149 149 149 153 153 153 153 153 
147 147 147 147 147 151 151 151 151 151 
143 143 143 143 143 146 146 146 146 146 147 147 147 147 147 150 150 150 150 150 151 151 151 151 151 155 155 155 155 155 
149 149 149 149 149 153 153 153 153 153 
145 145 145 145 145 148 148 148 148 148 149 149 149 149 149 152 152 152 152 152 153 153 153 153 153 157 157 157 157 157 
151 151 151 151 151 155 155 155 155 155 
147 147 147 147 147 150 150 150 150 150 151 151 151 151 151 154 154 154 154 154 155 155 155 155 155 159 159 159 159 159 
153 153 153 153 153 157 157 157 157 157 
149 149 149 149 149 152 152 152 152 152 153 153 153 153 153 156 156 156 156 156 157 157 157 157 157 161 161 161 161 161 
155 155 155 155 155 159 159 159 159 159 
151 151 151 151 151 154 154 154 154 154 155 155 155 155 155 158 158 158 158 158 159 159 159 159 159 163 163 163 163 163 
157 157 157 157 157 161 161 161 161 161 
153 153 153 153 153 156 156 156 156 156 157 157 157 157 157 161 161 161 161 161 165 165 165 165 165 
163 163 163 163 163 
155 155 155 155 155 158 158 158 158 158 159 159 159 159 159 163 163 163 163 163 167 167 167 167 167 
165 165 165 165 165 
157 157 157 157 157 160 160 160 160 160 161 161 161 161 161 165 165 165 165 165 169 169 169 169 169 
167 167 167 167 167 
159 159 159 159 159 162 162 162 162 162 163 163 163 163 163 167 167 167 167 167 171 171 171 171 171 
169 169 169 169 169 
161 161 161 161 161 164 164 164 164 164 165 165 165 165 165 169 169 169 169 169 173 173 173 173 173 
171 171 171 171 171 
163 163 163 163 163 166 166 166 166 166 167 167 167 167 167 171 171 171 171 171 175 175 175 175 175 
173 173 173 173 173 
165 165 165 165 165 168 168 168 168 168 169 169 169 169 169 173 173 173 173 173 177 177 177 177 177 
175 175 175 175 175 
167 167 167 167 167 170 170 170 170 170 171 171 171 171 171 175 175 175 175 175 179 179 179 179 179 
177 177 177 177 177 
169 169 169 169 169 172 172 172 172 172 173 173 173 173 173 177 177 177 177 177 181 181 181 181 181 
179 179 179 179 179 
171 171 171 171 171 174 174 174 174 174 175 175 175 175 175 179 179 179 179 179 183 183 183 183 183 
181 181 181 181 181 
173 173 173 173 173 176 176 176 176 176 177 177 177 177 177 181 181 181 181 181 185 185 185 185 185 
183 183 183 183 183 
175 175 175 175 175 178 178 178 178 178 179 179 179 179 179 183 183 183 183 183 187 187 187 187 187 
185 185 185 185 185 
177 177 177 177 177 180 180 180 180 180 181 181 181 181 181 185 185 185 185 185 189 189 189 189 189 
187 187 187 187 187 
179 179 179 179 179 182 182 182 182 182 183 183 183 183 183 187 187 187 187 187 191 191 191 191 191 
189 189 189 189 189 
181 181 181 181 181 184 184 184 184 184 185 185 185 185 185 189 189 189 189 189 191 191 191 191 191 193 193 193 193 193 
191 191 191 191 191 
183 183 183 183 183 186 186 186 186 186 187 187 187 187 187 191 191 191 191 191 193 193 193 193 193 195 195 195 195 195 
193 193 193 193 193 
185 185 185 185 185 187 187 187 187 187 188 188 188 188 188 189 189 189 189 189 193 193 193 193 193 195 195 195 195 195 197 197 197 197 197 
195 195 195 195 195 
187 187 187 187 187 189 189 189 189 189 190 190 190 190 190 191 191 191 191 191 195 195 195 195 195 197 197 197 197 197 199 199 199 199 199 
197 197 197 197 197 
189 189 189 189 189 191 191 191 191 191 192 192 192 192 192 193 193 193 193 193 197 197 197 197 197 199 199 199 199 199 
199 199 199 199 199 
191 191 191 191 191 193 193 193 193 193 194 194 194 194 194 195 195 195 195 195 199 199 199 199 199 

193 193 193 193 193 195 195 195 195 195 196 196 196 196 196 197 197 197 197 197 
