0   4202.31   3.28811     53.0241   4063    	Dead: 0
1   4083.4    2.69508     43.4609   3953    	Dead: 0
2   4036.31   2.7808      44.8431   3932    	Dead: 0
3   4003.94   2.93712     47.3639   3901    	Dead: 0
4   3980.18   2.84708     45.912    3862    	Dead: 0
5   3958.45   2.97368     47.9536   3848    	Dead: 0
6   3943.4    3.12125     50.3333   3830    	Dead: 0
7   3925.11   3.08105     49.685    3817    	Dead: 0
8   3909.51   3.06128     49.3661   3807    	Dead: 0
9   3889.24   2.88213     46.4772   3801    	Dead: 0
10  3875.01   2.97247     47.9341   3776    	Dead: 0
11  3860.65   2.9299      47.2475   3753    	Dead: 0
12  3843.43   3.0115      48.5634   3728    	Dead: 0
13  3828.71   3.07874     49.6478   3728    	Dead: 0
14  3814.58   3.04272     49.067    3707    	Dead: 0
15  3802.15   3.23663     52.1939   3702    	Dead: 0
16  3790.22   3.42433     55.2207   3670    	Dead: 0
17  3777.91   3.4544      55.7057   3662    	Dead: 0
18  3770.52   3.60661     58.1603   3653    	Dead: 0
19  3766.36   3.85219     62.1203   3653    	Dead: 0
20  3759.54   3.75761     60.5952   3640    	Dead: 0
21  3754.29   3.78014     60.9586   3640    	Dead: 0
22  3751.23   3.84906     62.07     3640    	Dead: 0
23  3752.53   4.1981      67.6985   3640    	Dead: 0
24  3747.58   4.22134     68.0733   3638    	Dead: 0
25  3743.8    4.26539     68.7837   3638    	Dead: 0
26  3744      4.34117     70.0057   3638    	Dead: 0
27  3742.03   4.43088     71.4524   3630    	Dead: 0
28  3739.27   4.39833     70.9274   3630    	Dead: 0
29  3736.95   4.47561     72.1737   3616    	Dead: 0
30  3736.02   4.52294     72.937    3616    	Dead: 0
31  3733.33   4.5621      73.5685   3616    	Dead: 0
32  3725.41   4.39436     70.8634   3599    	Dead: 0
33  3722.62   4.50186     72.597    3599    	Dead: 0
34  3722.92   4.45054     71.7694   3599    	Dead: 0
35  3722.1    4.55403     73.4382   3599    	Dead: 0
36  3717.49   4.58091     73.8717   3599    	Dead: 0
37  3714.86   4.73151     76.3003   3599    	Dead: 0
38  3712.01   4.77457     76.9948   3599    	Dead: 0
39  3709.64   4.85724     78.3278   3599    	Dead: 0
40  3710.78   5.1145      82.4764   3599    	Dead: 0
41  3707.53   5.09822     82.2139   3599    	Dead: 0
42  3702.63   5.03166     81.1405   3597    	Dead: 0
43  3702.47   5.22063     84.1878   3589    	Dead: 0
44  3700.7    5.22531     84.2633   3585    	Dead: 0
45  3696.75   5.16883     83.3525   3585    	Dead: 0
46  3696.95   5.32883     85.9328   3585    	Dead: 0
47  3696.43   5.4351      87.6465   3585    	Dead: 0
48  3695.94   5.65391     91.1749   3568    	Dead: 0
49  3697.61   5.67665     91.5417   3568    	Dead: 0
50  3689.47   5.44154     87.7502   3568    	Dead: 0
51  3695.37   5.85459     94.4111   3568    	Dead: 0
52  3690.48   5.92777     95.5913   3565    	Dead: 0
53  3688.1    5.99705     96.7085   3561    	Dead: 0
54  3691.46   6.25845     100.924   3561    	Dead: 0
55  3684.51   5.9141      95.3707   3554    	Dead: 0
56  3684.32   6.11296     98.5777   3554    	Dead: 0
57  3680.88   6.14564     99.1046   3554    	Dead: 0
58  3679.28   6.13015     98.8548   3554    	Dead: 0
59  3681.41   6.28454     101.345   3553    	Dead: 0
60  3677.14   6.25663     100.894   3553    	Dead: 0
61  3677.67   6.26251     100.989   3553    	Dead: 0
62  3680.78   6.36542     102.649   3553    	Dead: 0
63  3681.14   6.45935     104.163   3553    	Dead: 0
64  3677.72   6.48915     104.644   3538    	Dead: 0
65  3676.2    6.40587     103.301   3538    	Dead: 0
66  3674.84   6.49241     104.697   3538    	Dead: 0
67  3673.67   6.52248     105.182   3536    	Dead: 0
68  3672.48   6.56472     105.863   3536    	Dead: 0
69  3667.04   6.37942     102.874   3536    	Dead: 0
70  3670.36   6.74161     108.715   3523    	Dead: 0
71  3668.17   6.73693     108.64    3523    	Dead: 0
72  3665.84   6.7591      108.997   3523    	Dead: 0
73  3668.16   6.82739     110.098   3523    	Dead: 0
74  3663.29   6.87148     110.809   3523    	Dead: 0
75  3665.05   7.12364     114.876   3523    	Dead: 0
76  3658.42   6.93865     111.893   3523    	Dead: 0
77  3664.14   7.23168     116.618   3523    	Dead: 0
78  3657.1    7.06393     113.913   3520    	Dead: 0
79  3652.78   6.90556     111.359   3520    	Dead: 0
80  3650.81   7.03612     113.465   3520    	Dead: 0
81  3643.18   6.83096     110.156   3493    	Dead: 0
82  3651.4    7.43577     119.909   3493    	Dead: 0
83  3643.74   7.23289     116.638   3493    	Dead: 0
84  3641.71   7.2202      116.433   3493    	Dead: 0
85  3640.43   7.42663     119.762   3493    	Dead: 0
86  3637.95   7.35682     118.636   3493    	Dead: 0
87  3638.21   7.32756     118.164   3493    	Dead: 0
88  3640.71   7.4883      120.756   3493    	Dead: 0
89  3637.75   7.52254     121.309   3493    	Dead: 0
90  3631.66   7.5676      122.035   3493    	Dead: 0
91  3633.16   7.37244     118.888   3493    	Dead: 0
92  3629.9    7.45512     120.221   3493    	Dead: 0
93  3628.21   7.42721     119.771   3485    	Dead: 0
94  3626.77   7.59453     122.469   3485    	Dead: 0
95  3626.78   7.47582     120.555   3485    	Dead: 0
96  3629.25   7.73929     124.804   3485    	Dead: 0
97  3621.94   7.60136     122.58    3484    	Dead: 0
98  3629.57   7.71937     124.482   3476    	Dead: 0
99  3622.25   7.61223     122.755   3476    	Dead: 0
100 3626.19   7.79808     125.752   3476    	Dead: 0
