0   4201.32   3.22694     52.0376   4032    	Dead: 0
1   4088.91   2.70882     43.6825   3969    	Dead: 0
2   4045.35   2.90877     46.9068   3931    	Dead: 0
3   4013.67   2.90579     46.8587   3885    	Dead: 0
4   3982.76   2.92845     47.2241   3859    	Dead: 0
5   3949.81   2.73325     44.0764   3831    	Dead: 0
6   3918.41   2.75434     44.4165   3820    	Dead: 0
7   3889.04   2.70053     43.5488   3786    	Dead: 0
8   3871.99   2.78277     44.8749   3779    	Dead: 0
9   3856      2.81153     45.3388   3766    	Dead: 0
10  3845.06   2.98186     48.0855   3749    	Dead: 0
11  3839.45   3.12391     50.3763   3737    	Dead: 0
12  3829.41   3.29092     53.0693   3723    	Dead: 0
13  3824.36   3.31257     53.4185   3719    	Dead: 0
14  3813.83   3.19225     51.4782   3704    	Dead: 0
15  3805.21   3.29565     53.1456   3704    	Dead: 0
16  3795.39   3.33193     53.7307   3691    	Dead: 0
17  3791.06   3.61899     58.3598   3690    	Dead: 0
18  3787.04   3.63152     58.562    3669    	Dead: 0
19  3784.74   3.83798     61.8913   3669    	Dead: 0
20  3778.56   3.78464     61.0311   3661    	Dead: 0
21  3771.85   3.90054     62.9001   3661    	Dead: 0
22  3769.21   4.05835     65.4449   3661    	Dead: 0
23  3763.22   4.08751     65.9153   3659    	Dead: 0
24  3760.25   4.14887     66.9047   3659    	Dead: 0
25  3756.16   4.28396     69.0831   3657    	Dead: 0
26  3751.56   4.34858     70.1252   3648    	Dead: 0
27  3746.86   4.45337     71.8151   3641    	Dead: 0
28  3740.85   4.38546     70.7199   3613    	Dead: 0
29  3736.75   4.62598     74.5985   3598    	Dead: 0
30  3733.74   4.83737     78.0075   3598    	Dead: 0
31  3723.92   4.5593      73.5233   3598    	Dead: 0
32  3723.35   4.83267     77.9316   3598    	Dead: 0
33  3720.47   5.03957     81.268    3598    	Dead: 0
34  3710      4.89738     78.9752   3598    	Dead: 0
35  3706.14   5.05197     81.4681   3590    	Dead: 0
36  3709.43   5.21787     84.1434   3590    	Dead: 0
37  3706.68   5.43013     87.5662   3588    	Dead: 0
38  3703.73   5.42794     87.531    3564    	Dead: 0
39  3696.3    5.40277     87.1251   3564    	Dead: 0
40  3691.62   5.35419     86.3417   3549    	Dead: 0
41  3689.38   5.53781     89.3027   3549    	Dead: 0
42  3687.88   5.55806     89.6293   3549    	Dead: 0
43  3684.21   5.63706     90.9032   3549    	Dead: 0
44  3681.15   5.61817     90.5986   3549    	Dead: 0
45  3678.19   5.72108     92.2581   3549    	Dead: 0
46  3675.3    5.70413     91.9847   3549    	Dead: 0
47  3672.78   5.70745     92.0383   3549    	Dead: 0
48  3668.94   5.87457     94.7333   3545    	Dead: 0
49  3664.27   5.86284     94.5441   3535    	Dead: 0
50  3664.45   6.00019     96.759    3535    	Dead: 0
51  3663.09   6.04202     97.4337   3535    	Dead: 0
52  3666.08   6.12929     98.841    3535    	Dead: 0
53  3659.9    6.13948     99.0053   3531    	Dead: 0
54  3655.71   6.01764     97.0405   3531    	Dead: 0
55  3652.76   6.09941     98.3591   3523    	Dead: 0
56  3654.65   6.24795     100.754   3523    	Dead: 0
57  3652.08   6.21333     100.196   3523    	Dead: 0
58  3651.52   6.24284     100.672   3523    	Dead: 0
59  3648.07   6.24701     100.739   3523    	Dead: 0
60  3648.59   6.28199     101.303   3521    	Dead: 0
61  3647.21   6.16033     99.3415   3515    	Dead: 0
62  3646.34   6.31549     101.844   3515    	Dead: 0
63  3648.17   6.52089     105.156   3510    	Dead: 0
64  3641.49   6.34362     102.297   3510    	Dead: 0
65  3644.51   6.42391     103.592   3509    	Dead: 0
66  3638.44   6.27484     101.188   3509    	Dead: 0
67  3636.93   6.41        103.368   3500    	Dead: 0
68  3639.23   6.48344     104.552   3500    	Dead: 0
69  3639.68   6.57757     106.07    3500    	Dead: 0
70  3636.08   6.34853     102.376   3500    	Dead: 0
71  3634.22   6.54477     105.541   3500    	Dead: 0
72  3633.91   6.60219     106.467   3500    	Dead: 0
73  3631.11   6.62764     106.877   3486    	Dead: 0
74  3636.86   6.68453     107.795   3486    	Dead: 0
75  3635.49   6.80033     109.662   3486    	Dead: 0
76  3631.57   6.79585     109.59    3486    	Dead: 0
77  3630.6    6.85757     110.585   3486    	Dead: 0
78  3627.85   6.98276     112.604   3486    	Dead: 0
79  3630.99   7.08601     114.269   3486    	Dead: 0
80  3627.73   7.04227     113.564   3486    	Dead: 0
81  3628.41   7.0293      113.354   3486    	Dead: 0
82  3627.84   7.22175     116.458   3486    	Dead: 0
83  3625.53   7.06307     113.899   3484    	Dead: 0
84  3619.23   6.94536     112.001   3481    	Dead: 0
85  3624.17   7.29686     117.669   3480    	Dead: 0
86  3620.04   7.23538     116.678   3480    	Dead: 0
87  3623      7.43299     119.864   3480    	Dead: 0
88  3621.41   7.38967     119.166   3475    	Dead: 0
89  3621.22   7.4006      119.342   3465    	Dead: 0
90  3618.57   7.41421     119.562   3465    	Dead: 0
91  3616.49   7.50217     120.98    3465    	Dead: 0
92  3616.64   7.421       119.671   3465    	Dead: 0
93  3614.85   7.652       123.396   3465    	Dead: 0
94  3612.22   7.61189     122.749   3465    	Dead: 0
95  3615.43   7.75667     125.084   3465    	Dead: 0
96  3615.97   7.70059     124.18    3451    	Dead: 0
97  3611.58   7.76925     125.287   3451    	Dead: 0
98  3614.19   7.75602     125.074   3451    	Dead: 0
99  3617.35   8.03313     129.542   3451    	Dead: 0
100 3612.89   7.82545     126.193   3451    	Dead: 0
