0   4198.4    3.27588     52.8268   4008    	Dead: 0
1   4076.41   2.65973     42.8909   3931    	Dead: 0
2   4019.44   2.81226     45.3505   3870    	Dead: 0
3   3967.16   2.51499     40.5568   3865    	Dead: 0
4   3934.21   2.5966      41.8728   3828    	Dead: 0
5   3901.15   2.49623     40.2542   3769    	Dead: 0
6   3878.09   2.5405      40.9681   3769    	Dead: 0
7   3857.79   2.66474     42.9716   3758    	Dead: 0
8   3838.33   2.59631     41.8681   3742    	Dead: 0
9   3825.39   2.78535     44.9165   3704    	Dead: 0
10  3812.18   2.71523     43.7859   3704    	Dead: 0
11  3802.73   2.83141     45.6594   3691    	Dead: 0
12  3795.51   2.8862      46.5428   3691    	Dead: 0
13  3787.79   2.97266     47.9371   3689    	Dead: 0
14  3784.09   3.08685     49.7785   3689    	Dead: 0
15  3777.22   3.0273      48.8183   3689    	Dead: 0
16  3770.94   2.97269     47.9375   3677    	Dead: 0
17  3766.46   2.94759     47.5328   3674    	Dead: 0
18  3761.79   3.02555     48.7899   3659    	Dead: 0
19  3754.19   2.99329     48.2698   3659    	Dead: 0
20  3747.51   2.91134     46.9483   3644    	Dead: 0
21  3741.57   2.90616     46.8648   3638    	Dead: 0
22  3734.4    2.79019     44.9946   3638    	Dead: 0
23  3728.94   2.86156     46.1455   3638    	Dead: 0
24  3717.92   2.82202     45.5079   3607    	Dead: 0
25  3705.62   2.77523     44.7534   3602    	Dead: 0
26  3694.83   2.84735     45.9163   3595    	Dead: 0
27  3685.1    2.86604     46.2177   3591    	Dead: 0
28  3675.6    2.99031     48.2217   3590    	Dead: 0
29  3664.89   3.03221     48.8974   3551    	Dead: 0
30  3654.44   3.03506     48.9433   3551    	Dead: 0
31  3646.46   3.16765     51.0814   3545    	Dead: 0
32  3637.88   3.3002      53.219    3539    	Dead: 0
33  3634.46   3.39095     54.6825   3539    	Dead: 0
34  3630.12   3.43241     55.3511   3539    	Dead: 0
35  3628.88   3.56816     57.5402   3539    	Dead: 0
36  3624.62   3.47038     55.9633   3539    	Dead: 0
37  3622.75   3.5047      56.5168   3524    	Dead: 0
38  3624.26   3.7496      60.4661   3524    	Dead: 0
39  3618.24   3.52566     56.8548   3524    	Dead: 0
40  3617.96   3.63152     58.5618   3508    	Dead: 0
41  3614.68   3.63795     58.6657   3505    	Dead: 0
42  3613.62   3.78658     61.0624   3505    	Dead: 0
43  3609.83   3.7778      60.9208   3504    	Dead: 0
44  3609.86   3.97232     64.0577   3504    	Dead: 0
45  3606.09   3.86406     62.3119   3504    	Dead: 0
46  3604.19   3.99529     64.428    3504    	Dead: 0
47  3599.2    3.88565     62.66     3498    	Dead: 0
48  3600.67   4.07464     65.7077   3498    	Dead: 0
49  3597.22   4.10773     66.2413   3487    	Dead: 0
50  3593.96   4.10303     66.1654   3487    	Dead: 0
51  3588.8    3.93232     63.4125   3487    	Dead: 0
52  3588.32   4.07162     65.659    3487    	Dead: 0
53  3587.6    4.02144     64.8498   3487    	Dead: 0
54  3589.41   4.2644      68.7677   3487    	Dead: 0
55  3587.5    4.2834      69.074    3487    	Dead: 0
56  3585.63   4.22479     68.1289   3487    	Dead: 0
57  3582.03   4.16209     67.1178   3487    	Dead: 0
58  3580.23   4.271       68.8742   3487    	Dead: 0
59  3578.47   4.25477     68.6124   3468    	Dead: 0
60  3576.14   4.33728     69.943    3468    	Dead: 0
61  3574.86   4.36927     70.4588   3465    	Dead: 0
62  3572.41   4.54777     73.3373   3465    	Dead: 0
63  3566.42   4.35979     70.3059   3465    	Dead: 0
64  3567      4.54739     73.3312   3465    	Dead: 0
65  3563.14   4.65244     75.0253   3465    	Dead: 0
66  3558.16   4.63321     74.7151   3463    	Dead: 0
67  3552.47   4.55427     73.4421   3454    	Dead: 0
68  3548.86   4.4582      71.893    3452    	Dead: 0
69  3545.97   4.32285     69.7102   3452    	Dead: 0
70  3548.72   4.79975     77.4008   3451    	Dead: 0
71  3544.02   4.55654     73.4788   3451    	Dead: 0
72  3544.38   4.79589     77.3385   3451    	Dead: 0
73  3542.95   4.81391     77.6292   3444    	Dead: 0
74  3541.49   4.78396     77.1461   3426    	Dead: 0
75  3542.74   4.89569     78.948    3426    	Dead: 0
76  3536.88   4.67957     75.4628   3426    	Dead: 0
77  3538.03   4.87636     78.6362   3426    	Dead: 0
78  3534.14   4.75988     76.7578   3426    	Dead: 0
79  3536.02   4.87294     78.581    3413    	Dead: 0
80  3533.77   4.86279     78.4174   3413    	Dead: 0
81  3534.78   5.08685     82.0305   3413    	Dead: 0
82  3534.72   5.04484     81.3531   3413    	Dead: 0
83  3532.08   4.96488     80.0636   3409    	Dead: 0
84  3529.13   4.99227     80.5054   3396    	Dead: 0
85  3527.54   5.08846     82.0565   3396    	Dead: 0
86  3529.48   5.24302     84.5489   3396    	Dead: 0
87  3531.46   5.30609     85.566    3396    	Dead: 0
88  3525.93   5.1559      83.1441   3396    	Dead: 0
89  3523.05   5.15268     83.0922   3396    	Dead: 0
90  3523.06   5.24175     84.5284   3389    	Dead: 0
91  3520.63   5.16095     83.2255   3389    	Dead: 0
92  3522.09   5.48596     88.4666   3389    	Dead: 0
93  3517.3    5.3411      86.1306   3389    	Dead: 0
94  3520.07   5.51329     88.9072   3389    	Dead: 0
95  3516.88   5.57554     89.9112   3389    	Dead: 0
96  3516.49   5.53849     89.3137   3389    	Dead: 0
97  3515.72   5.70913     92.0655   3389    	Dead: 0
98  3512.11   5.58156     90.0082   3389    	Dead: 0
99  3510.03   5.69074     91.7689   3389    	Dead: 0
100 3510.52   5.69567     91.8484   3386    	Dead: 0
