0   4203.23   3.13892     50.6182   4040    	Dead: 0
1   4130.11   2.6372      42.5275   4001    	Dead: 0
2   4092.36   2.68129     43.2385   3927    	Dead: 0
3   4065.55   2.70465     43.6152   3927    	Dead: 0
4   4035.95   2.79542     45.0789   3916    	Dead: 0
5   4008.72   2.72245     43.9022   3892    	Dead: 0
6   3991.02   2.76421     44.5756   3876    	Dead: 0
7   3972.43   2.68379     43.2788   3876    	Dead: 0
8   3957.49   2.66266     42.938    3859    	Dead: 0
9   3948.73   2.75412     44.413    3846    	Dead: 0
10  3940.36   2.81612     45.4127   3835    	Dead: 0
11  3928.96   2.71034     43.707    3825    	Dead: 0
12  3918.24   2.76781     44.6337   3825    	Dead: 0
13  3910.44   2.81407     45.3798   3805    	Dead: 0
14  3902.04   2.82542     45.5628   3805    	Dead: 0
15  3897.61   2.89489     46.683    3795    	Dead: 0
16  3889.71   2.92827     47.2214   3795    	Dead: 0
17  3884.55   2.89013     46.6062   3795    	Dead: 0
18  3875.29   2.91625     47.0274   3766    	Dead: 0
19  3869.85   2.87975     46.4389   3766    	Dead: 0
20  3864.42   3.01676     48.6483   3766    	Dead: 0
21  3859.75   3.06816     49.4771   3763    	Dead: 0
22  3854.29   3.05274     49.2286   3745    	Dead: 0
23  3849.76   3.03608     48.9599   3745    	Dead: 0
24  3844.86   3.13507     50.5562   3745    	Dead: 0
25  3838.01   2.9748      47.9716   3745    	Dead: 0
26  3835.32   3.06445     49.4173   3745    	Dead: 0
27  3834.31   3.20138     51.6254   3738    	Dead: 0
28  3829.32   3.24748     52.3689   3726    	Dead: 0
29  3827.18   3.24292     52.2954   3726    	Dead: 0
30  3825.95   3.34638     53.9638   3726    	Dead: 0
31  3823.31   3.31172     53.4047   3713    	Dead: 0
32  3822.83   3.278       52.8611   3713    	Dead: 0
33  3819.37   3.32651     53.6433   3713    	Dead: 0
34  3817      3.43792     55.4398   3713    	Dead: 0
35  3814.45   3.42388     55.2134   3713    	Dead: 0
36  3815.53   3.5358      57.0183   3713    	Dead: 0
37  3809.52   3.41936     55.1406   3686    	Dead: 0
38  3808.95   3.53704     57.0383   3686    	Dead: 0
39  3801.87   3.49175     56.308    3686    	Dead: 0
40  3795.66   3.48458     56.1923   3686    	Dead: 0
41  3789.54   3.54272     57.13     3686    	Dead: 0
42  3779.36   3.31124     53.397    3676    	Dead: 0
43  3773.06   3.29016     53.0572   3676    	Dead: 0
44  3768.28   3.29117     53.0734   3666    	Dead: 0
45  3760.7    3.13922     50.6231   3652    	Dead: 0
46  3755.27   3.14796     50.7639   3652    	Dead: 0
47  3751.72   3.25609     52.5077   3652    	Dead: 0
48  3745.56   3.16989     51.1177   3652    	Dead: 0
49  3746.53   3.39117     54.686    3652    	Dead: 0
50  3741.87   3.32771     53.6627   3628    	Dead: 0
51  3737.98   3.29716     53.17     3628    	Dead: 0
52  3738.59   3.55534     57.3335   3628    	Dead: 0
53  3734.25   3.42653     55.2563   3628    	Dead: 0
54  3734.24   3.55684     57.3576   3628    	Dead: 0
55  3733.57   3.61588     58.3097   3628    	Dead: 0
56  3729.11   3.53267     56.9679   3628    	Dead: 0
57  3727.43   3.67272     59.2262   3628    	Dead: 0
58  3726.33   3.62569     58.4679   3628    	Dead: 0
59  3725.43   3.76476     60.7106   3628    	Dead: 0
60  3725.63   3.81272     61.484    3628    	Dead: 0
61  3722.76   3.76325     60.6861   3619    	Dead: 0
62  3722.29   3.82293     61.6485   3619    	Dead: 0
63  3719.51   3.79812     61.2484   3619    	Dead: 0
64  3717.78   3.82529     61.6866   3617    	Dead: 0
65  3715.32   3.81694     61.5519   3617    	Dead: 0
66  3715.49   3.92653     63.3192   3617    	Dead: 0
67  3713.29   3.98862     64.3204   3603    	Dead: 0
68  3712.84   4.09405     66.0206   3603    	Dead: 0
69  3712.15   4.07183     65.6623   3603    	Dead: 0
70  3713.63   4.286       69.1161   3603    	Dead: 0
71  3709.49   4.08139     65.8165   3603    	Dead: 0
72  3710.03   4.11442     66.3492   3603    	Dead: 0
73  3707.88   4.13939     66.7518   3603    	Dead: 0
74  3703.72   4.11547     66.366    3603    	Dead: 0
75  3703.17   4.14302     66.8104   3603    	Dead: 0
76  3704.94   4.26964     68.8522   3603    	Dead: 0
77  3703.13   4.12643     66.5428   3587    	Dead: 0
78  3701.76   4.23353     68.2699   3587    	Dead: 0
79  3703.08   4.30641     69.4451   3587    	Dead: 0
80  3701.84   4.38598     70.7283   3587    	Dead: 0
81  3701.28   4.43663     71.5452   3587    	Dead: 0
82  3696.33   4.36235     70.3473   3587    	Dead: 0
83  3697.22   4.52917     73.0374   3587    	Dead: 0
84  3697.78   4.5741      73.762    3587    	Dead: 0
85  3695.07   4.57483     73.7736   3586    	Dead: 0
86  3695.14   4.58105     73.8741   3577    	Dead: 0
87  3691.63   4.46107     71.9392   3577    	Dead: 0
88  3690.68   4.57903     73.8414   3577    	Dead: 0
89  3688.2    4.61857     74.4791   3577    	Dead: 0
90  3688.51   4.76217     76.7948   3569    	Dead: 0
91  3687.04   4.81359     77.624    3569    	Dead: 0
92  3688.91   4.85526     78.2959   3569    	Dead: 0
93  3685.61   4.86679     78.4819   3565    	Dead: 0
94  3686.79   4.9685      80.122    3565    	Dead: 0
95  3683.63   4.9367      79.6093   3560    	Dead: 0
96  3684.53   4.99419     80.5364   3560    	Dead: 0
97  3685.09   5.20675     83.964    3560    	Dead: 0
98  3678.57   5.13798     82.8551   3560    	Dead: 0
99  3679.81   5.19466     83.7692   3560    	Dead: 0
100 3678.7    5.09267     82.1244   3560    	Dead: 0
