0   4201.26   3.38853     54.6435   4053    	Dead: 0
1   4074.96   2.68754     43.3392   3958    	Dead: 0
2   4018.17   2.74464     44.26     3896    	Dead: 0
3   3985.98   2.84647     45.9021   3873    	Dead: 0
4   3966.22   2.95839     47.707    3852    	Dead: 0
5   3948.11   3.04105     49.0399   3837    	Dead: 0
6   3929.29   3.06214     49.38     3819    	Dead: 0
7   3901.95   2.99864     48.3561   3790    	Dead: 0
8   3868.79   2.81116     45.3328   3768    	Dead: 0
9   3844.93   2.73614     44.123    3735    	Dead: 0
10  3833.27   2.84586     45.8923   3711    	Dead: 0
11  3823.87   2.8919      46.6348   3711    	Dead: 0
12  3817.06   2.97649     47.9989   3706    	Dead: 0
13  3809.32   2.99426     48.2854   3702    	Dead: 0
14  3800.37   3.32659     53.6445   3678    	Dead: 0
15  3786.96   3.36667     54.2909   3678    	Dead: 0
16  3778.46   3.40681     54.9383   3670    	Dead: 0
17  3767.22   3.20648     51.7077   3651    	Dead: 0
18  3763.16   3.43601     55.409    3651    	Dead: 0
19  3752.33   3.25569     52.5013   3651    	Dead: 0
20  3752.45   3.67025     59.1864   3642    	Dead: 0
21  3748.92   3.85842     62.2209   3640    	Dead: 0
22  3745.2    3.85387     62.1476   3625    	Dead: 0
23  3737.76   3.68154     59.3685   3623    	Dead: 0
24  3737.41   3.87359     62.4655   3622    	Dead: 0
25  3736.16   3.95024     63.7016   3619    	Dead: 0
26  3731.97   3.81653     61.5454   3619    	Dead: 0
27  3730.3    4.01255     64.7064   3619    	Dead: 0
28  3726.02   3.96163     63.8852   3619    	Dead: 0
29  3726.13   4.02864     64.9659   3614    	Dead: 0
30  3723.01   4.1104      66.2843   3606    	Dead: 0
31  3720.82   4.27557     68.9478   3606    	Dead: 0
32  3718.34   4.20589     67.8242   3606    	Dead: 0
33  3716.72   4.23056     68.222    3606    	Dead: 0
34  3715.02   4.36444     70.381    3606    	Dead: 0
35  3711.34   4.37029     70.4753   3606    	Dead: 0
36  3711.05   4.44723     71.7161   3589    	Dead: 0
37  3710.03   4.39102     70.8096   3588    	Dead: 0
38  3708.89   4.50116     72.5858   3588    	Dead: 0
39  3703.61   4.38602     70.7289   3588    	Dead: 0
40  3705.89   4.4556      71.851    3584    	Dead: 0
41  3704.19   4.78887     77.2253   3584    	Dead: 0
42  3702.37   4.81211     77.6001   3584    	Dead: 0
43  3699.67   4.69587     75.7256   3584    	Dead: 0
44  3698.81   4.72724     76.2315   3584    	Dead: 0
45  3697.13   4.80815     77.5362   3571    	Dead: 0
46  3698.61   4.82921     77.8759   3571    	Dead: 0
47  3699.31   4.92115     79.3584   3571    	Dead: 0
48  3698.83   4.95588     79.9185   3570    	Dead: 0
49  3696.99   5.12938     82.7164   3570    	Dead: 0
50  3697.82   5.17417     83.4387   3570    	Dead: 0
51  3696.06   5.27955     85.138    3570    	Dead: 0
52  3694.45   5.1378      82.8522   3569    	Dead: 0
53  3691.95   5.00115     80.6486   3569    	Dead: 0
54  3693.34   5.12973     82.722    3569    	Dead: 0
55  3691.82   5.2037      83.9149   3564    	Dead: 0
56  3691.12   5.16134     83.2318   3564    	Dead: 0
57  3690.7    5.22938     84.3291   3564    	Dead: 0
58  3690.27   5.45284     87.9325   3563    	Dead: 0
59  3690.5    5.4031      87.1303   3555    	Dead: 0
60  3688.86   5.29393     85.37     3555    	Dead: 0
61  3686.9    5.30302     85.5165   3555    	Dead: 0
62  3686.01   5.20771     83.9796   3555    	Dead: 0
63  3687.07   5.3794      86.7483   3555    	Dead: 0
64  3686.12   5.37563     86.6874   3554    	Dead: 0
65  3681.4    5.4276      87.5255   3554    	Dead: 0
66  3684.47   5.48855     88.5083   3554    	Dead: 0
67  3684.86   5.54513     89.4208   3554    	Dead: 0
68  3685.34   5.43743     87.684    3554    	Dead: 0
69  3683.23   5.44016     87.728    3554    	Dead: 0
70  3683.86   5.5407      89.3494   3554    	Dead: 0
71  3678.88   5.54962     89.4932   3554    	Dead: 0
72  3680.32   5.79392     93.4328   3548    	Dead: 0
73  3681.45   5.59724     90.2611   3548    	Dead: 0
74  3677.71   5.32405     85.8556   3548    	Dead: 0
75  3684.24   5.76111     92.9037   3548    	Dead: 0
76  3678.87   5.63883     90.9318   3548    	Dead: 0
77  3676.71   5.59941     90.296    3540    	Dead: 0
78  3679.29   5.79784     93.4959   3540    	Dead: 0
79  3674.94   5.73199     92.434    3538    	Dead: 0
80  3677.24   5.70973     92.0752   3537    	Dead: 0
81  3675.35   5.76468     92.9612   3528    	Dead: 0
82  3675.19   5.86255     94.5395   3528    	Dead: 0
83  3673.07   5.87106     94.6767   3528    	Dead: 0
84  3671.77   5.78796     93.3367   3528    	Dead: 0
85  3667.17   5.64486     91.0291   3528    	Dead: 0
86  3667.5    5.68561     91.6862   3523    	Dead: 0
87  3663.66   5.6815      91.6199   3523    	Dead: 0
88  3667.08   5.81726     93.8091   3519    	Dead: 0
89  3660.1    5.89356     95.0396   3519    	Dead: 0
90  3661.57   5.82096     93.8688   3519    	Dead: 0
91  3657.67   5.92356     95.5233   3519    	Dead: 0
92  3657.16   5.88605     94.9184   3519    	Dead: 0
93  3657.86   6.08845     98.1824   3519    	Dead: 0
94  3652.07   5.74446     92.6352   3510    	Dead: 0
95  3649.79   5.92212     95.5002   3510    	Dead: 0
96  3649.22   5.89124     95.0021   3510    	Dead: 0
97  3646.49   5.8828      94.8661   3510    	Dead: 0
98  3647.49   6.1318      98.8813   3510    	Dead: 0
99  3644.32   6.15346     99.2308   3504    	Dead: 0
100 3644.53   6.00687     96.8668   3504    	Dead: 0
