0   5770.58   4.32689     69.7754   5453    	Dead: 0
1   5403.02   3.72413     60.0553   5229    	Dead: 0
2   5148.84   2.70563     43.631    4988    	Dead: 0
3   4956.52   2.22633     35.9018   4847    	Dead: 0
4   4805.84   2.25779     36.4092   4689    	Dead: 0
5   4661.54   2.21496     35.7185   4556    	Dead: 0
6   4522.93   2.03952     32.8893   4406    	Dead: 0
7   4420.91   1.61303     26.0117   4347    	Dead: 0
8   4349.39   1.51515     24.4333   4272    	Dead: 0
9   4287.3    1.5506      25.005    4195    	Dead: 0
10  4231.39   1.4868      23.9761   4151    	Dead: 0
11  4177.44   1.49082     24.041    4113    	Dead: 0
12  4134.5    1.35734     21.8884   4069    	Dead: 0
13  4093.57   1.37578     22.1858   4029    	Dead: 0
14  4053.79   1.32456     21.3599   3999    	Dead: 0
15  4007.96   1.38592     22.3493   3942    	Dead: 0
16  3968.76   1.40074     22.5884   3901    	Dead: 0
17  3924.86   1.32133     21.3078   3856    	Dead: 0
18  3888.16   1.32264     21.329    3823    	Dead: 0
19  3858.64   1.35386     21.8324   3801    	Dead: 0
20  3833.36   1.30826     21.0969   3773    	Dead: 0
21  3806.41   1.30481     21.0413   3751    	Dead: 0
22  3786.15   1.42685     23.0094   3732    	Dead: 0
23  3767.82   1.39803     22.5446   3719    	Dead: 0
24  3754.93   1.45156     23.4079   3697    	Dead: 0
25  3739.33   1.3573      21.8879   3688    	Dead: 0
26  3726.08   1.43976     23.2175   3663    	Dead: 0
27  3712.47   1.31435     21.1952   3663    	Dead: 0
28  3701.93   1.33916     21.5954   3657    	Dead: 0
29  3693.05   1.38364     22.3126   3641    	Dead: 0
30  3682.26   1.41111     22.7556   3624    	Dead: 0
31  3666.57   1.49799     24.1566   3607    	Dead: 0
32  3647.8    1.50773     24.3136   3602    	Dead: 0
33  3631.35   1.52236     24.5496   3570    	Dead: 0
34  3618.63   1.52679     24.621    3566    	Dead: 0
35  3608.49   1.54175     24.8623   3553    	Dead: 0
36  3601.06   1.58306     25.5285   3553    	Dead: 0
37  3595.93   1.5221      24.5454   3553    	Dead: 0
38  3592.17   1.66937     26.9202   3540    	Dead: 0
39  3587.96   1.68177     27.1202   3540    	Dead: 0
40  3581.1    1.63068     26.2963   3532    	Dead: 0
41  3576.4    1.69556     27.3426   3529    	Dead: 0
42  3570.26   1.7503      28.2253   3521    	Dead: 0
43  3565.3    1.80559     29.1169   3521    	Dead: 0
44  3557.53   1.64451     26.5194   3499    	Dead: 0
45  3554.45   1.79842     29.0013   3499    	Dead: 0
46  3546.81   1.70116     27.4328   3492    	Dead: 0
47  3540.74   1.69099     27.2689   3492    	Dead: 0
48  3534.67   1.74098     28.075    3492    	Dead: 0
49  3530.55   1.77705     28.6567   3484    	Dead: 0
50  3525.4    1.83012     29.5126   3481    	Dead: 0
51  3519.68   1.73916     28.0456   3465    	Dead: 0
52  3516.37   1.80477     29.1037   3465    	Dead: 0
53  3511.6    1.85193     29.8642   3465    	Dead: 0
54  3507.06   1.75359     28.2784   3465    	Dead: 0
55  3503.16   1.76979     28.5397   3458    	Dead: 0
56  3498.57   1.76933     28.5322   3454    	Dead: 0
57  3493.78   1.71616     27.6748   3444    	Dead: 0
58  3489.26   1.80023     29.0305   3444    	Dead: 0
59  3483.28   1.7924      28.9042   3433    	Dead: 0
60  3479.66   1.83295     29.5582   3428    	Dead: 0
61  3474.21   1.80651     29.1317   3411    	Dead: 0
62  3471.23   1.85029     29.8377   3411    	Dead: 0
63  3464.54   1.82683     29.4595   3411    	Dead: 0
64  3458.07   1.76041     28.3884   3402    	Dead: 0
65  3452.39   1.82882     29.4916   3402    	Dead: 0
66  3445.59   1.74922     28.2078   3398    	Dead: 0
67  3442.58   1.75232     28.2579   3398    	Dead: 0
68  3437.22   1.81329     29.2411   3394    	Dead: 0
69  3432.59   1.76126     28.4021   3393    	Dead: 0
70  3430.16   1.75424     28.2889   3385    	Dead: 0
71  3428.14   1.76864     28.521    3385    	Dead: 0
72  3426.18   1.80917     29.1747   3379    	Dead: 0
73  3422.72   1.74302     28.1079   3379    	Dead: 0
74  3420.91   1.74853     28.1968   3379    	Dead: 0
75  3418.9    1.72642     27.8402   3379    	Dead: 0
76  3418.37   1.82198     29.3813   3376    	Dead: 0
77  3417.59   1.86998     30.1553   3373    	Dead: 0
78  3415.55   1.8522      29.8686   3368    	Dead: 0
79  3412.65   1.80642     29.1303   3368    	Dead: 0
80  3408.82   1.73118     27.917    3367    	Dead: 0
81  3407.31   1.8282      29.4815   3367    	Dead: 0
82  3405.39   1.81974     29.3452   3360    	Dead: 0
83  3401.24   1.78847     28.8409   3360    	Dead: 0
84  3397.98   1.71554     27.6649   3356    	Dead: 0
85  3398.3    1.89554     30.5674   3355    	Dead: 0
86  3393.57   1.77532     28.6288   3354    	Dead: 0
87  3392.47   1.79452     28.9385   3352    	Dead: 0
88  3389.97   1.83922     29.6593   3333    	Dead: 0
89  3385.78   1.78696     28.8165   3333    	Dead: 0
90  3381.45   1.8101      29.1897   3332    	Dead: 0
91  3376.71   1.83831     29.6446   3327    	Dead: 0
92  3371.5    1.81874     29.329    3327    	Dead: 0
93  3368.95   1.86978     30.152    3321    	Dead: 0
94  3365.76   1.852       29.8654   3314    	Dead: 0
95  3363.72   1.84661     29.7785   3314    	Dead: 0
96  3361.98   1.85616     29.9324   3314    	Dead: 0
97  3360.31   1.91792     30.9284   3314    	Dead: 0
98  3359.86   1.93791     31.2508   3314    	Dead: 0
99  3357.17   1.88269     30.3602   3311    	Dead: 0
100 3355.31   1.95012     31.4476   3309    	Dead: 0
