0   5768.99   4.35231     70.1853   5562    	Dead: 0
1   5421.95   3.39318     54.7184   5240    	Dead: 0
2   5180.23   2.73555     44.1136   5036    	Dead: 0
3   4981.34   2.40257     38.7439   4811    	Dead: 0
4   4792.18   2.26742     36.5644   4670    	Dead: 0
5   4651.47   2.0585      33.1954   4557    	Dead: 0
6   4541      1.93614     31.2222   4439    	Dead: 0
7   4433.92   1.842       29.704    4340    	Dead: 0
8   4339.71   1.61587     26.0575   4254    	Dead: 0
9   4262.54   1.57729     25.4354   4193    	Dead: 0
10  4194.1    1.48508     23.9484   4118    	Dead: 0
11  4139.64   1.53899     24.8178   4065    	Dead: 0
12  4095.53   1.4757      23.7971   4016    	Dead: 0
13  4056.45   1.54339     24.8887   3971    	Dead: 0
14  4016.1    1.54115     24.8526   3926    	Dead: 0
15  3971.09   1.3944      22.4862   3892    	Dead: 0
16  3936.01   1.47485     23.7834   3878    	Dead: 0
17  3902.17   1.34464     21.6836   3836    	Dead: 0
18  3867.43   1.32408     21.3522   3809    	Dead: 0
19  3840.89   1.27437     20.5504   3786    	Dead: 0
20  3813.35   1.28858     20.7797   3762    	Dead: 0
21  3786.27   1.3238      21.3476   3717    	Dead: 0
22  3766.7    1.30759     21.0862   3714    	Dead: 0
23  3748.31   1.26555     20.4082   3696    	Dead: 0
24  3732.64   1.35255     21.8113   3674    	Dead: 0
25  3717.19   1.33229     21.4845   3667    	Dead: 0
26  3701.06   1.35204     21.803    3640    	Dead: 0
27  3683.87   1.38692     22.3655   3631    	Dead: 0
28  3666.75   1.39861     22.554    3619    	Dead: 0
29  3647.95   1.28311     20.6914   3601    	Dead: 0
30  3631.91   1.36117     21.9503   3584    	Dead: 0
31  3616.33   1.31193     21.1561   3558    	Dead: 0
32  3599.57   1.26017     20.3215   3556    	Dead: 0
33  3584.69   1.27913     20.6272   3536    	Dead: 0
34  3571      1.30734     21.0821   3520    	Dead: 0
35  3555.49   1.31382     21.1866   3508    	Dead: 0
36  3539.92   1.40348     22.6325   3492    	Dead: 0
37  3525.36   1.35519     21.8538   3484    	Dead: 0
38  3513.61   1.42471     22.9748   3455    	Dead: 0
39  3495.2    1.38411     22.3201   3451    	Dead: 0
40  3480.08   1.37583     22.1866   3433    	Dead: 0
41  3469.14   1.40799     22.7053   3420    	Dead: 0
42  3459.97   1.49789     24.155    3416    	Dead: 0
43  3450.16   1.37979     22.2504   3407    	Dead: 0
44  3443.04   1.34626     21.7097   3401    	Dead: 0
45  3437.31   1.44565     23.3126   3395    	Dead: 0
46  3431.71   1.43216     23.0951   3386    	Dead: 0
47  3426.97   1.50066     24.1996   3386    	Dead: 0
48  3422.47   1.67067     26.9412   3379    	Dead: 0
49  3416.51   1.60215     25.8362   3370    	Dead: 0
50  3412.79   1.7259      27.8319   3368    	Dead: 0
51  3406.6    1.64022     26.4501   3362    	Dead: 0
52  3403.71   1.77447     28.6151   3354    	Dead: 0
53  3398.36   1.72442     27.808    3353    	Dead: 0
54  3390.53   1.64252     26.4873   3339    	Dead: 0
55  3384.55   1.63501     26.3662   3339    	Dead: 0
56  3376.12   1.55624     25.096    3333    	Dead: 0
57  3368.88   1.52708     24.6257   3329    	Dead: 0
58  3362.02   1.49307     24.0773   3320    	Dead: 0
59  3355.03   1.5011      24.2068   3312    	Dead: 0
60  3346.86   1.42779     23.0245   3306    	Dead: 0
61  3341.49   1.46765     23.6674   3295    	Dead: 0
62  3335.87   1.53638     24.7757   3291    	Dead: 0
63  3331.72   1.57492     25.3972   3291    	Dead: 0
64  3327.24   1.56577     25.2496   3283    	Dead: 0
65  3321.58   1.62138     26.1464   3273    	Dead: 0
66  3316.03   1.66415     26.836    3264    	Dead: 0
67  3309.93   1.73422     27.966    3262    	Dead: 0
68  3302.4    1.76011     28.3835   3243    	Dead: 0
69  3295.86   1.85674     29.9418   3240    	Dead: 0
70  3287.42   1.85949     29.9861   3240    	Dead: 0
71  3282.16   1.97493     31.8477   3235    	Dead: 0
72  3275.91   1.88476     30.3936   3226    	Dead: 0
73  3272.26   1.97389     31.831    3216    	Dead: 0
74  3268.71   2.03747     32.8562   3216    	Dead: 0
75  3263.68   1.94909     31.431    3216    	Dead: 0
76  3261.19   2.0302      32.739    3208    	Dead: 0
77  3258.08   2.0052      32.3358   3208    	Dead: 0
78  3253.72   2.06361     33.2778   3208    	Dead: 0
79  3251.77   2.07582     33.4746   3201    	Dead: 0
80  3249.97   2.19552     35.405    3199    	Dead: 0
81  3246.48   2.15512     34.7534   3193    	Dead: 0
82  3241.23   2.0811      33.5598   3192    	Dead: 0
83  3238.56   2.01931     32.5634   3192    	Dead: 0
84  3237.48   2.05389     33.1211   3188    	Dead: 0
85  3235.28   2.16647     34.9366   3188    	Dead: 0
86  3230.35   1.99102     32.1071   3180    	Dead: 0
87  3229.72   2.15904     34.8166   3180    	Dead: 0
88  3227.03   2.15038     34.677    3180    	Dead: 0
89  3223.09   2.11356     34.0833   3179    	Dead: 0
90  3219.75   2.03336     32.79     3179    	Dead: 0
91  3217.41   1.99477     32.1677   3175    	Dead: 0
92  3214.87   2.03471     32.8117   3175    	Dead: 0
93  3213.04   2.13419     34.4159   3169    	Dead: 0
94  3209.14   2.04435     32.9673   3169    	Dead: 0
95  3205.8    1.9827      31.9731   3167    	Dead: 0
96  3203.34   1.95383     31.5075   3165    	Dead: 0
97  3202.46   2.01621     32.5134   3159    	Dead: 0
98  3198.72   1.96465     31.682    3159    	Dead: 0
99  3197.9    2.00702     32.3652   3159    	Dead: 0
100 3198.5    2.14886     34.6524   3154    	Dead: 0
