0   5770.26   4.61804     74.4705   5505    	Dead: 0
1   5392.44   3.76082     60.647    5213    	Dead: 0
2   5118.25   3.05833     49.3187   4969    	Dead: 0
3   4925.17   2.28206     36.8004   4803    	Dead: 0
4   4770.06   2.07941     33.5325   4663    	Dead: 0
5   4617.2    2.01511     32.4956   4483    	Dead: 0
6   4478.29   1.72666     27.8442   4383    	Dead: 0
7   4378.16   1.59541     25.7276   4293    	Dead: 0
8   4288.7    1.55383     25.0571   4214    	Dead: 0
9   4220.87   1.37373     22.1527   4143    	Dead: 0
10  4167.47   1.29887     20.9455   4095    	Dead: 0
11  4113.19   1.42002     22.8993   4033    	Dead: 0
12  4052.39   1.20697     19.4636   3991    	Dead: 0
13  4012.08   1.15484     18.623    3960    	Dead: 0
14  3980.71   1.16315     18.757    3932    	Dead: 0
15  3944.39   1.20988     19.5105   3878    	Dead: 0
16  3908.9    1.21244     19.5517   3840    	Dead: 0
17  3869.04   1.24698     20.1088   3814    	Dead: 0
18  3835.19   1.2108      19.5254   3782    	Dead: 0
19  3806.7    1.1167      18.008    3760    	Dead: 0
20  3782.1    1.15779     18.6705   3733    	Dead: 0
21  3759.95   1.13956     18.3765   3714    	Dead: 0
22  3741.52   1.17398     18.9317   3694    	Dead: 0
23  3719.23   1.24602     20.0933   3658    	Dead: 0
24  3694.38   1.24473     20.0726   3643    	Dead: 0
25  3676.21   1.32694     21.3982   3627    	Dead: 0
26  3654.76   1.26281     20.3641   3606    	Dead: 0
27  3641.6    1.36405     21.9967   3594    	Dead: 0
28  3630.09   1.40454     22.6496   3576    	Dead: 0
29  3618.82   1.38662     22.3607   3570    	Dead: 0
30  3606.91   1.44405     23.2867   3551    	Dead: 0
31  3594.94   1.4248      22.9763   3548    	Dead: 0
32  3586.81   1.4709      23.7197   3539    	Dead: 0
33  3577.51   1.51929     24.5      3525    	Dead: 0
34  3565.93   1.46466     23.6191   3520    	Dead: 0
35  3552.84   1.53957     24.8271   3486    	Dead: 0
36  3535.41   1.49666     24.1351   3482    	Dead: 0
37  3522.03   1.5014      24.2117   3462    	Dead: 0
38  3507.8    1.43708     23.1744   3450    	Dead: 0
39  3498.05   1.50606     24.2867   3438    	Dead: 0
40  3488.07   1.48732     23.9845   3438    	Dead: 0
41  3480.81   1.50448     24.2612   3433    	Dead: 0
42  3475.38   1.56711     25.2712   3422    	Dead: 0
43  3468.28   1.53482     24.7506   3415    	Dead: 0
44  3463.54   1.49682     24.1377   3415    	Dead: 0
45  3459.99   1.58686     25.5898   3411    	Dead: 0
46  3455.24   1.62789     26.2513   3410    	Dead: 0
47  3451.84   1.65522     26.692    3402    	Dead: 0
48  3446.45   1.57361     25.376    3390    	Dead: 0
49  3445.21   1.68694     27.2036   3390    	Dead: 0
50  3440.35   1.69428     27.3219   3390    	Dead: 0
51  3434.66   1.67551     27.0193   3384    	Dead: 0
52  3430.24   1.85426     29.9018   3376    	Dead: 0
53  3426.38   1.81401     29.2527   3375    	Dead: 0
54  3423.09   1.84985     29.8307   3365    	Dead: 0
55  3419.38   1.8463      29.7735   3364    	Dead: 0
56  3418.02   1.97938     31.9195   3359    	Dead: 0
57  3413.25   1.96865     31.7464   3359    	Dead: 0
58  3409.78   1.91469     30.8763   3357    	Dead: 0
59  3408.27   1.97991     31.928    3357    	Dead: 0
60  3406.32   2.0196      32.568    3357    	Dead: 0
61  3403.51   1.97464     31.8431   3355    	Dead: 0
62  3402.75   2.07035     33.3865   3339    	Dead: 0
63  3401.3    2.13452     34.4212   3339    	Dead: 0
64  3398.16   2.15649     34.7756   3336    	Dead: 0
65  3397.06   2.23204     35.9938   3336    	Dead: 0
66  3394.47   2.17728     35.1108   3336    	Dead: 0
67  3391.51   2.20058     35.4866   3336    	Dead: 0
68  3389.23   2.1864      35.2579   3336    	Dead: 0
69  3388.95   2.25868     36.4234   3336    	Dead: 0
70  3386.35   2.2281      35.9304   3333    	Dead: 0
71  3384.28   2.22946     35.9522   3326    	Dead: 0
72  3383.44   2.29215     36.9632   3326    	Dead: 0
73  3384.07   2.40053     38.711    3326    	Dead: 0
74  3381.14   2.31856     37.3892   3325    	Dead: 0
75  3378.83   2.30977     37.2473   3317    	Dead: 0
76  3376.62   2.34421     37.8028   3317    	Dead: 0
77  3373.68   2.33179     37.6025   3317    	Dead: 0
78  3370.93   2.32823     37.545    3314    	Dead: 0
79  3365.99   2.32789     37.5396   3304    	Dead: 0
80  3360.86   2.26095     36.4601   3304    	Dead: 0
81  3355.54   2.29641     37.0319   3301    	Dead: 0
82  3349.25   2.2017      35.5046   3294    	Dead: 0
83  3344.39   2.2172      35.7546   3292    	Dead: 0
84  3340.45   2.23474     36.0374   3285    	Dead: 0
85  3336.27   2.23604     36.0584   3278    	Dead: 0
86  3332.52   2.36827     38.1907   3278    	Dead: 0
87  3329.56   2.34592     37.8303   3274    	Dead: 0
88  3326.18   2.40333     38.7561   3268    	Dead: 0
89  3323.97   2.45745     39.6289   3268    	Dead: 0
90  3320.51   2.58314     41.6558   3265    	Dead: 0
91  3319.17   2.67712     43.1713   3258    	Dead: 0
92  3316.24   2.69478     43.4561   3258    	Dead: 0
93  3311.82   2.7566      44.453    3247    	Dead: 0
94  3309.46   2.85356     46.0165   3247    	Dead: 0
95  3305.98   2.87122     46.3014   3243    	Dead: 0
96  3303.04   2.92493     47.1674   3234    	Dead: 0
97  3297.77   2.92632     47.1898   3234    	Dead: 0
98  3295.67   2.99        48.2167   3232    	Dead: 0
99  3295.69   3.15893     50.9409   3232    	Dead: 0
100 3291.95   3.26162     52.5968   3226    	Dead: 0
