0   5766.37   4.71696     76.0657   5556    	Dead: 0
1   5423.16   3.74076     60.3235   5173    	Dead: 0
2   5120.52   2.93013     47.2512   4963    	Dead: 0
3   4922.1    2.62377     42.3109   4795    	Dead: 0
4   4759.59   2.16532     34.918    4665    	Dead: 0
5   4645.52   2.19172     35.3437   4527    	Dead: 0
6   4521.71   1.97602     31.8653   4433    	Dead: 0
7   4441.7    1.94212     31.3186   4340    	Dead: 0
8   4363.03   1.85784     29.9595   4281    	Dead: 0
9   4300.98   1.8638      30.0556   4207    	Dead: 0
10  4251.53   1.7189      27.719    4150    	Dead: 0
11  4203.55   1.86405     30.0596   4122    	Dead: 0
12  4163.52   1.84762     29.7947   4079    	Dead: 0
13  4123.5    1.77239     28.5816   4053    	Dead: 0
14  4090.09   1.68082     27.1049   4024    	Dead: 0
15  4062.01   1.7222      27.7721   3991    	Dead: 0
16  4039.1    1.85183     29.8627   3972    	Dead: 0
17  4015.8    1.76527     28.4668   3939    	Dead: 0
18  3984.14   1.686       27.1885   3916    	Dead: 0
19  3958.22   1.71642     27.6789   3893    	Dead: 0
20  3931.89   1.77741     28.6626   3843    	Dead: 0
21  3908.89   1.66817     26.9009   3843    	Dead: 0
22  3889.37   1.56928     25.3063   3835    	Dead: 0
23  3875.42   1.60511     25.884    3821    	Dead: 0
24  3863.32   1.65054     26.6166   3809    	Dead: 0
25  3851.97   1.6481      26.5773   3797    	Dead: 0
26  3838.31   1.58784     25.6055   3786    	Dead: 0
27  3824.6    1.50922     24.3376   3774    	Dead: 0
28  3812.51   1.60828     25.9351   3758    	Dead: 0
29  3799.42   1.52049     24.5194   3750    	Dead: 0
30  3789.2    1.68729     27.2093   3724    	Dead: 0
31  3774.02   1.54632     24.9359   3713    	Dead: 0
32  3766.16   1.79962     29.0207   3702    	Dead: 0
33  3756.53   1.80356     29.0842   3692    	Dead: 0
34  3748.7    1.9112      30.82     3691    	Dead: 0
35  3743.5    2.068       33.3486   3665    	Dead: 0
36  3735.08   2.13429     34.4175   3665    	Dead: 0
37  3725.57   2.2584      36.4189   3660    	Dead: 0
38  3714.81   2.14757     34.6318   3652    	Dead: 0
39  3706.15   2.09382     33.765    3649    	Dead: 0
40  3698.06   2.12925     34.3362   3644    	Dead: 0
41  3694.1    2.16718     34.948    3639    	Dead: 0
42  3689.03   2.21127     35.659    3631    	Dead: 0
43  3684.86   2.22016     35.8024   3629    	Dead: 0
44  3679.68   2.21293     35.6857   3613    	Dead: 0
45  3671.97   2.19519     35.3996   3603    	Dead: 0
46  3666.02   2.31096     37.2665   3601    	Dead: 0
47  3658.63   2.32583     37.5063   3596    	Dead: 0
48  3653.67   2.53549     40.8873   3591    	Dead: 0
49  3649.64   2.73448     44.0962   3582    	Dead: 0
50  3644.98   2.65465     42.809    3582    	Dead: 0
51  3643.77   2.77928     44.8187   3572    	Dead: 0
52  3637.86   2.69391     43.442    3572    	Dead: 0
53  3635.43   2.80728     45.2702   3572    	Dead: 0
54  3631.84   2.7704      44.6754   3572    	Dead: 0
55  3628.43   2.74819     44.3173   3563    	Dead: 0
56  3623.66   2.71951     43.8548   3563    	Dead: 0
57  3621.23   2.75221     44.3822   3563    	Dead: 0
58  3617.32   2.72521     43.9468   3561    	Dead: 0
59  3616.56   2.80993     45.3129   3558    	Dead: 0
60  3612.33   2.75637     44.4492   3548    	Dead: 0
61  3606.24   2.66527     42.9802   3519    	Dead: 0
62  3602.31   2.77894     44.8131   3519    	Dead: 0
63  3597.69   2.84653     45.9031   3519    	Dead: 0
64  3594.9    2.89197     46.6359   3519    	Dead: 0
65  3588.45   2.82608     45.5734   3517    	Dead: 0
66  3584.92   2.96431     47.8025   3511    	Dead: 0
67  3579.06   3.00689     48.4892   3511    	Dead: 0
68  3573.9    3.11467     50.2271   3495    	Dead: 0
69  3567.4    3.19796     51.5702   3487    	Dead: 0
70  3557.44   3.0656      49.4359   3481    	Dead: 0
71  3550.44   3.13897     50.6191   3481    	Dead: 0
72  3546.73   3.22858     52.0641   3478    	Dead: 0
73  3543.22   3.21882     51.9067   3468    	Dead: 0
74  3537.35   3.32503     53.6194   3460    	Dead: 0
75  3534.73   3.3201      53.54     3460    	Dead: 0
76  3527.77   3.2994      53.206    3460    	Dead: 0
77  3525.73   3.29472     53.1306   3460    	Dead: 0
78  3521.64   3.35826     54.1554   3455    	Dead: 0
79  3523.47   3.40257     54.8698   3455    	Dead: 0
80  3522.15   3.5012      56.4603   3447    	Dead: 0
81  3514.05   3.31338     53.4316   3445    	Dead: 0
82  3511.99   3.2588      52.5513   3444    	Dead: 0
83  3508.19   3.40986     54.9874   3443    	Dead: 0
84  3504.41   3.43705     55.4258   3434    	Dead: 0
85  3502.39   3.42808     55.2812   3415    	Dead: 0
86  3495.25   3.33139     53.722    3415    	Dead: 0
87  3493.87   3.51724     56.7191   3415    	Dead: 0
88  3488.67   3.47924     56.1062   3415    	Dead: 0
89  3485.45   3.55412     57.3137   3407    	Dead: 0
90  3480.18   3.55557     57.3372   3400    	Dead: 0
91  3474.8    3.55056     57.2564   3400    	Dead: 0
92  3471.76   3.58838     57.8662   3395    	Dead: 0
93  3468.32   3.5608      57.4215   3390    	Dead: 0
94  3464.25   3.72773     60.1134   3388    	Dead: 0
95  3464.7    3.70184     59.6958   3388    	Dead: 0
96  3461.78   3.73615     60.2492   3380    	Dead: 0
97  3457.56   3.73582     60.2439   3380    	Dead: 0
98  3452.3    3.68688     59.4546   3380    	Dead: 0
99  3448.5    3.70643     59.7699   3376    	Dead: 0
100 3448.52   3.76072     60.6453   3372    	Dead: 0
