0   5769.17   4.657       75.0988   5542    	Dead: 0
1   5422.53   4.33743     69.9454   5209    	Dead: 0
2   5115.35   2.92164     47.1143   4977    	Dead: 0
3   4898.18   2.70498     43.6204   4775    	Dead: 0
4   4740.1    2.10577     33.9576   4611    	Dead: 0
5   4624.34   1.76591     28.4771   4541    	Dead: 0
6   4522.52   1.81599     29.2846   4435    	Dead: 0
7   4422.38   1.70975     27.5714   4321    	Dead: 0
8   4345.16   1.56629     25.2579   4272    	Dead: 0
9   4296.24   1.52544     24.5993   4224    	Dead: 0
10  4233.5    1.66176     26.7975   4149    	Dead: 0
11  4160.09   1.64122     26.4664   4066    	Dead: 0
12  4093.16   1.55002     24.9957   4018    	Dead: 0
13  4048.08   1.51788     24.4773   3984    	Dead: 0
14  4004.86   1.4937      24.0875   3936    	Dead: 0
15  3974.94   1.5183      24.4841   3918    	Dead: 0
16  3953.48   1.47542     23.7926   3890    	Dead: 0
17  3933.02   1.44315     23.2722   3870    	Dead: 0
18  3915.24   1.44891     23.3651   3855    	Dead: 0
19  3896.69   1.53216     24.7075   3839    	Dead: 0
20  3876.51   1.49816     24.1593   3824    	Dead: 0
21  3856.89   1.51069     24.3614   3807    	Dead: 0
22  3841.92   1.55602     25.0924   3782    	Dead: 0
23  3826.58   1.5584      25.1308   3770    	Dead: 0
24  3813.58   1.60824     25.9345   3761    	Dead: 0
25  3803.13   1.62143     26.1471   3748    	Dead: 0
26  3787.93   1.53141     24.6955   3709    	Dead: 0
27  3776.01   1.54743     24.9538   3709    	Dead: 0
28  3763.9    1.52765     24.6349   3705    	Dead: 0
29  3747.99   1.4099      22.7361   3671    	Dead: 0
30  3731.67   1.52294     24.559    3663    	Dead: 0
31  3717.47   1.57789     25.445    3663    	Dead: 0
32  3704.57   1.59978     25.7981   3640    	Dead: 0
33  3691.87   1.58664     25.5862   3630    	Dead: 0
34  3678.31   1.55741     25.1147   3624    	Dead: 0
35  3664.88   1.48851     24.0038   3614    	Dead: 0
36  3654.94   1.53305     24.7219   3599    	Dead: 0
37  3646.32   1.54134     24.8557   3590    	Dead: 0
38  3637      1.50114     24.2074   3572    	Dead: 0
39  3628.17   1.46929     23.6938   3572    	Dead: 0
40  3616.13   1.42245     22.9385   3562    	Dead: 0
41  3605.96   1.39947     22.5679   3551    	Dead: 0
42  3596.47   1.48104     23.8832   3551    	Dead: 0
43  3587.55   1.49754     24.1494   3539    	Dead: 0
44  3581.2    1.53448     24.7451   3534    	Dead: 0
45  3575.61   1.56355     25.2138   3518    	Dead: 0
46  3570.24   1.60839     25.9369   3518    	Dead: 0
47  3561.97   1.65613     26.7067   3501    	Dead: 0
48  3557.63   1.73542     27.9854   3501    	Dead: 0
49  3552.63   1.80255     29.0678   3492    	Dead: 0
50  3547.46   1.81865     29.3275   3487    	Dead: 0
51  3544.42   2.00793     32.3798   3487    	Dead: 0
52  3539.67   2.01092     32.4282   3481    	Dead: 0
53  3533.53   2.02504     32.6557   3475    	Dead: 0
54  3532.51   2.17893     35.1374   3464    	Dead: 0
55  3528.14   2.10145     33.888    3464    	Dead: 0
56  3522.53   2.04059     32.9065   3453    	Dead: 0
57  3518.88   2.14312     34.5599   3453    	Dead: 0
58  3515.95   2.217       35.7513   3453    	Dead: 0
59  3511.84   2.19057     35.3251   3453    	Dead: 0
60  3508.73   2.22848     35.9365   3447    	Dead: 0
61  3506.74   2.26125     36.4648   3443    	Dead: 0
62  3502.79   2.29008     36.9299   3441    	Dead: 0
63  3499.16   2.34851     37.872    3435    	Dead: 0
64  3496.08   2.42205     39.0579   3435    	Dead: 0
65  3491.16   2.36676     38.1664   3431    	Dead: 0
66  3487.97   2.4598      39.6667   3422    	Dead: 0
67  3485.87   2.52284     40.6834   3415    	Dead: 0
68  3481.86   2.53077     40.8112   3415    	Dead: 0
69  3476.99   2.51192     40.5072   3415    	Dead: 0
70  3475.42   2.59185     41.7961   3415    	Dead: 0
71  3469.75   2.58275     41.6495   3400    	Dead: 0
72  3468.8    2.61392     42.1521   3400    	Dead: 0
73  3466.05   2.64578     42.6658   3400    	Dead: 0
74  3463.88   2.71256     43.7428   3400    	Dead: 0
75  3458.08   2.60705     42.0413   3398    	Dead: 0
76  3453.93   2.54827     41.0935   3393    	Dead: 0
77  3450.01   2.56032     41.2877   3387    	Dead: 0
78  3444.5    2.44279     39.3924   3387    	Dead: 0
79  3440.6    2.41374     38.924    3387    	Dead: 0
80  3437.02   2.42471     39.1009   3381    	Dead: 0
81  3431.1    2.2117      35.6658   3378    	Dead: 0
82  3425.18   2.08394     33.6056   3375    	Dead: 0
83  3422.93   2.19361     35.3741   3374    	Dead: 0
84  3417.43   2.13172     34.3762   3360    	Dead: 0
85  3414.16   2.11176     34.0542   3355    	Dead: 0
86  3409.47   2.07476     33.4576   3355    	Dead: 0
87  3406.67   2.12641     34.2906   3354    	Dead: 0
88  3400.07   2.06728     33.3369   3352    	Dead: 0
89  3397.37   2.09169     33.7306   3339    	Dead: 0
90  3397.55   2.17838     35.1286   3339    	Dead: 0
91  3391.62   2.07352     33.4376   3339    	Dead: 0
92  3388.85   2.11349     34.0822   3339    	Dead: 0
93  3386.76   2.20569     35.5689   3335    	Dead: 0
94  3382.26   2.14805     34.6395   3334    	Dead: 0
95  3378.55   2.10998     34.0256   3330    	Dead: 0
96  3375.14   2.07323     33.433    3314    	Dead: 0
97  3371.95   2.19872     35.4566   3314    	Dead: 0
98  3368.44   2.19981     35.4741   3314    	Dead: 0
99  3366.34   2.2439      36.1851   3314    	Dead: 0
100 3362.25   2.30928     37.2395   3310    	Dead: 0
