0   5773.31   4.61146     74.3643   5553    	Dead: 0
1   5404.74   3.68069     59.3548   5188    	Dead: 0
2   5142.71   2.83415     45.7036   5012    	Dead: 0
3   4922.47   2.53288     40.8452   4821    	Dead: 0
4   4749.1    2.36242     38.0963   4636    	Dead: 0
5   4609.88   1.76525     28.4665   4515    	Dead: 0
6   4523.62   1.69633     27.3551   4445    	Dead: 0
7   4447.48   1.71759     27.6978   4368    	Dead: 0
8   4365.58   1.68971     27.2483   4278    	Dead: 0
9   4304.77   1.60776     25.9268   4241    	Dead: 0
10  4259.47   1.57198     25.3498   4180    	Dead: 0
11  4208.27   1.46516     23.6271   4137    	Dead: 0
12  4166.46   1.48639     23.9696   4087    	Dead: 0
13  4123.5    1.36294     21.9788   4068    	Dead: 0
14  4084.33   1.37095     22.1079   4007    	Dead: 0
15  4044.48   1.38226     22.2904   3971    	Dead: 0
16  4009.23   1.40687     22.6871   3946    	Dead: 0
17  3976.77   1.34533     21.6948   3920    	Dead: 0
18  3948.89   1.39152     22.4397   3879    	Dead: 0
19  3916.03   1.37744     22.2126   3860    	Dead: 0
20  3886.94   1.45203     23.4154   3829    	Dead: 0
21  3862.89   1.4631      23.594    3801    	Dead: 0
22  3842.88   1.4616      23.5697   3789    	Dead: 0
23  3827.26   1.579       25.463    3770    	Dead: 0
24  3807.31   1.50755     24.3108   3752    	Dead: 0
25  3789.92   1.4791      23.8519   3735    	Dead: 0
26  3774.36   1.47922     23.8538   3716    	Dead: 0
27  3763.1    1.44413     23.288    3713    	Dead: 0
28  3750.42   1.37051     22.1009   3703    	Dead: 0
29  3739.35   1.40636     22.6789   3684    	Dead: 0
30  3728.27   1.3642      21.9991   3673    	Dead: 0
31  3714.74   1.38071     22.2653   3662    	Dead: 0
32  3701.1    1.49695     24.1399   3634    	Dead: 0
33  3680.07   1.35554     21.8594   3612    	Dead: 0
34  3662.35   1.45364     23.4414   3612    	Dead: 0
35  3649.4    1.39895     22.5595   3600    	Dead: 0
36  3639.18   1.40656     22.6822   3577    	Dead: 0
37  3631.38   1.51223     24.3862   3574    	Dead: 0
38  3624.09   1.50286     24.2352   3574    	Dead: 0
39  3616.58   1.49187     24.0579   3574    	Dead: 0
40  3609.44   1.45831     23.5167   3566    	Dead: 0
41  3604.21   1.44271     23.2651   3556    	Dead: 0
42  3597.68   1.4549      23.4617   3556    	Dead: 0
43  3587.55   1.42548     22.9872   3531    	Dead: 0
44  3574.6    1.43252     23.1008   3528    	Dead: 0
45  3564.35   1.54415     24.9009   3515    	Dead: 0
46  3555.42   1.5503      25.0001   3505    	Dead: 0
47  3547.19   1.51591     24.4456   3491    	Dead: 0
48  3542.56   1.57363     25.3763   3491    	Dead: 0
49  3538.11   1.64408     26.5125   3491    	Dead: 0
50  3532.73   1.67155     26.9555   3488    	Dead: 0
51  3527.93   1.70265     27.4569   3483    	Dead: 0
52  3520.79   1.5436      24.892    3468    	Dead: 0
53  3515.01   1.5548      25.0728   3468    	Dead: 0
54  3509.8    1.59052     25.6487   3468    	Dead: 0
55  3503.92   1.56757     25.2787   3452    	Dead: 0
56  3495.01   1.50236     24.2271   3435    	Dead: 0
57  3486.12   1.44324     23.2737   3435    	Dead: 0
58  3480.58   1.64532     26.5324   3433    	Dead: 0
59  3473.96   1.73703     28.0113   3430    	Dead: 0
60  3468.74   1.75631     28.3223   3425    	Dead: 0
61  3464.29   1.90146     30.663    3414    	Dead: 0
62  3460.7    1.93794     31.2513   3414    	Dead: 0
63  3456.62   1.9936      32.1488   3394    	Dead: 0
64  3448.04   1.90003     30.6398   3391    	Dead: 0
65  3443.76   1.93889     31.2665   3390    	Dead: 0
66  3438.05   2.09647     33.8077   3390    	Dead: 0
67  3432.84   2.05535     33.1446   3387    	Dead: 0
68  3427.12   2.00477     32.329    3375    	Dead: 0
69  3424.46   2.17969     35.1497   3375    	Dead: 0
70  3419.74   2.11619     34.1257   3371    	Dead: 0
71  3416.85   2.19782     35.442    3368    	Dead: 0
72  3414.28   2.32398     37.4765   3368    	Dead: 0
73  3408.74   2.16333     34.8858   3360    	Dead: 0
74  3404.15   2.32225     37.4487   3350    	Dead: 0
75  3397.12   2.17886     35.1363   3350    	Dead: 0
76  3396.19   2.35365     37.9549   3348    	Dead: 0
77  3389.91   2.19515     35.399    3347    	Dead: 0
78  3387.67   2.2972      37.0446   3337    	Dead: 0
79  3383.92   2.28835     36.9019   3328    	Dead: 0
80  3380.79   2.34918     37.8828   3328    	Dead: 0
81  3377.1    2.34179     37.7637   3321    	Dead: 0
82  3374.93   2.456       39.6054   3321    	Dead: 0
83  3368.85   2.30174     37.1179   3321    	Dead: 0
84  3366.99   2.34549     37.8234   3321    	Dead: 0
85  3362.47   2.33735     37.6921   3314    	Dead: 0
86  3358.95   2.24243     36.1615   3314    	Dead: 0
87  3356.26   2.26944     36.597    3308    	Dead: 0
88  3354.89   2.24183     36.1517   3308    	Dead: 0
89  3354.95   2.38332     38.4334   3308    	Dead: 0
90  3352.71   2.26355     36.502    3308    	Dead: 0
91  3352.09   2.30126     37.1101   3308    	Dead: 0
92  3350.35   2.23826     36.0942   3303    	Dead: 0
93  3349.17   2.35467     37.9714   3303    	Dead: 0
94  3349.99   2.38236     38.418    3299    	Dead: 0
95  3346.98   2.33635     37.6761   3299    	Dead: 0
96  3346.54   2.353       37.9444   3299    	Dead: 0
97  3345.63   2.43374     39.2465   3298    	Dead: 0
98  3346.5    2.49887     40.2967   3298    	Dead: 0
99  3341.87   2.37061     38.2284   3296    	Dead: 0
100 3341.11   2.45045     39.5159   3296    	Dead: 0
