0   5777.91   4.46583     72.016    5561    	Dead: 0
1   5433.94   3.96224     63.8951   5192    	Dead: 0
2   5138.47   2.96663     47.8398   4992    	Dead: 0
3   4937.28   2.2594      36.4351   4821    	Dead: 0
4   4784.06   2.09461     33.7776   4650    	Dead: 0
5   4641.39   2.22366     35.8587   4543    	Dead: 0
6   4516.02   1.73613     27.9968   4420    	Dead: 0
7   4417.6    1.59999     25.8015   4332    	Dead: 0
8   4342.75   1.62337     26.1785   4264    	Dead: 0
9   4269.4    1.5055      24.2777   4188    	Dead: 0
10  4196.94   1.42817     23.0306   4117    	Dead: 0
11  4133.42   1.4924      24.0664   4040    	Dead: 0
12  4078.72   1.5014      24.2117   4004    	Dead: 0
13  4026.59   1.46871     23.6844   3967    	Dead: 0
14  3977.75   1.3626      21.9733   3902    	Dead: 0
15  3941.03   1.34517     21.6922   3880    	Dead: 0
16  3913.39   1.30119     20.983    3861    	Dead: 0
17  3886.72   1.36758     22.0535   3823    	Dead: 0
18  3855.93   1.44661     23.328    3788    	Dead: 0
19  3823.94   1.38524     22.3384   3763    	Dead: 0
20  3790.92   1.30131     20.9849   3742    	Dead: 0
21  3767.44   1.28835     20.7759   3706    	Dead: 0
22  3746.38   1.28115     20.6598   3695    	Dead: 0
23  3725.39   1.22403     19.7387   3676    	Dead: 0
24  3709.66   1.19639     19.293    3663    	Dead: 0
25  3697.89   1.30411     21.0301   3646    	Dead: 0
26  3684.72   1.28767     20.765    3646    	Dead: 0
27  3674.17   1.3042      21.0315   3630    	Dead: 0
28  3663.11   1.3059      21.059    3616    	Dead: 0
29  3654.32   1.35666     21.8774   3599    	Dead: 0
30  3647.41   1.3513      21.791    3599    	Dead: 0
31  3640.14   1.46375     23.6044   3580    	Dead: 0
32  3628.94   1.4065      22.6812   3571    	Dead: 0
33  3616.85   1.45065     23.3932   3563    	Dead: 0
34  3606.45   1.45495     23.4626   3553    	Dead: 0
35  3594.58   1.47796     23.8336   3549    	Dead: 0
36  3583.57   1.50052     24.1974   3527    	Dead: 0
37  3575.53   1.46887     23.687    3527    	Dead: 0
38  3569.76   1.54697     24.9464   3527    	Dead: 0
39  3564.2    1.5588      25.1372   3518    	Dead: 0
40  3561.63   1.67398     26.9946   3515    	Dead: 0
41  3556.63   1.70151     27.4386   3502    	Dead: 0
42  3550.76   1.63948     26.4383   3502    	Dead: 0
43  3543.95   1.67087     26.9444   3492    	Dead: 0
44  3537.89   1.75518     28.3041   3488    	Dead: 0
45  3531.68   1.72271     27.7804   3484    	Dead: 0
46  3526.55   1.78048     28.7121   3478    	Dead: 0
47  3522.77   1.79295     28.9131   3472    	Dead: 0
48  3518.28   1.75499     28.301    3468    	Dead: 0
49  3515.14   1.8685      30.1314   3456    	Dead: 0
50  3511.34   1.88335     30.3709   3456    	Dead: 0
51  3506.88   1.95162     31.4718   3450    	Dead: 0
52  3503.47   2.03827     32.8691   3448    	Dead: 0
53  3499.96   2.09209     33.737    3436    	Dead: 0
54  3497.34   2.17218     35.0286   3436    	Dead: 0
55  3494.24   2.20151     35.5015   3436    	Dead: 0
56  3492.55   2.2582      36.4157   3436    	Dead: 0
57  3490.32   2.27487     36.6846   3436    	Dead: 0
58  3490.39   2.32363     37.4709   3436    	Dead: 0
59  3488.93   2.26059     36.4543   3436    	Dead: 0
60  3488.2    2.38393     38.4433   3435    	Dead: 0
61  3487.64   2.2985      37.0656   3435    	Dead: 0
62  3487.21   2.46088     39.6842   3431    	Dead: 0
63  3485.76   2.38392     38.4431   3431    	Dead: 0
64  3485.64   2.41944     39.0159   3431    	Dead: 0
65  3484.07   2.40762     38.8253   3426    	Dead: 0
66  3483.86   2.3746      38.2928   3426    	Dead: 0
67  3481.73   2.41925     39.0128   3420    	Dead: 0
68  3480.52   2.40144     38.7257   3420    	Dead: 0
69  3480.14   2.41657     38.9697   3420    	Dead: 0
70  3479.59   2.49155     40.1788   3420    	Dead: 0
71  3477.96   2.45411     39.575    3420    	Dead: 0
72  3477.51   2.50935     40.4658   3418    	Dead: 0
73  3476.64   2.47189     39.8617   3418    	Dead: 0
74  3474.18   2.45623     39.6092   3414    	Dead: 0
75  3472.31   2.48812     40.1234   3413    	Dead: 0
76  3471.03   2.48229     40.0294   3413    	Dead: 0
77  3470.73   2.54285     41.006    3413    	Dead: 0
78  3467.37   2.44348     39.4036   3411    	Dead: 0
79  3465.67   2.42177     39.0535   3408    	Dead: 0
80  3465.74   2.50727     40.4323   3408    	Dead: 0
81  3464.04   2.50766     40.4386   3408    	Dead: 0
82  3461.63   2.49447     40.2259   3403    	Dead: 0
83  3459.29   2.46845     39.8062   3401    	Dead: 0
84  3460.39   2.56378     41.3435   3396    	Dead: 0
85  3457.12   2.55258     41.163    3396    	Dead: 0
86  3454.62   2.54332     41.0135   3396    	Dead: 0
87  3453.28   2.51666     40.5837   3393    	Dead: 0
88  3453.33   2.548       41.089    3393    	Dead: 0
89  3451.45   2.56375     41.343    3393    	Dead: 0
90  3451.2    2.6139      42.1517   3393    	Dead: 0
91  3449.02   2.51201     40.5087   3393    	Dead: 0
92  3449.81   2.6853      43.3032   3392    	Dead: 0
93  3446.74   2.61851     42.2262   3388    	Dead: 0
94  3445.24   2.63884     42.5539   3388    	Dead: 0
95  3441.95   2.57464     41.5186   3384    	Dead: 0
96  3439.72   2.5522      41.1568   3378    	Dead: 0
97  3439.25   2.65612     42.8326   3378    	Dead: 0
98  3437.03   2.6788      43.1984   3376    	Dead: 0
99  3432.01   2.60358     41.9853   3369    	Dead: 0
100 3430.87   2.6469      42.6839   3369    	Dead: 0
