0   5769.57   4.637       74.7762   5508    	Dead: 0
1   5424.65   3.7164      59.9306   5230    	Dead: 0
2   5153.93   3.03652     48.9669   4968    	Dead: 0
3   4939.82   2.54178     40.9887   4819    	Dead: 0
4   4772.4    2.20175     35.5054   4668    	Dead: 0
5   4639      2.02791     32.702    4513    	Dead: 0
6   4521.34   1.67877     27.0719   4426    	Dead: 0
7   4415.91   1.77685     28.6535   4316    	Dead: 0
8   4337.76   1.63663     26.3923   4257    	Dead: 0
9   4274.54   1.46294     23.5913   4200    	Dead: 0
10  4212.88   1.46631     23.6457   4135    	Dead: 0
11  4158.98   1.38759     22.3763   4090    	Dead: 0
12  4109.78   1.51196     24.3819   4049    	Dead: 0
13  4064.75   1.5776      25.4404   3982    	Dead: 0
14  4000.92   1.54697     24.9465   3934    	Dead: 0
15  3955.71   1.42847     23.0354   3897    	Dead: 0
16  3915.33   1.32431     21.3559   3850    	Dead: 0
17  3884.13   1.36784     22.0578   3815    	Dead: 0
18  3848.88   1.26568     20.4103   3782    	Dead: 0
19  3822.13   1.22314     19.7243   3761    	Dead: 0
20  3801.73   1.32132     21.3076   3745    	Dead: 0
21  3782.39   1.34489     21.6877   3723    	Dead: 0
22  3761.13   1.20596     19.4473   3714    	Dead: 0
23  3745.79   1.24737     20.115    3698    	Dead: 0
24  3730.72   1.32271     21.33     3682    	Dead: 0
25  3714.46   1.30074     20.9757   3663    	Dead: 0
26  3697.88   1.3213      21.3073   3648    	Dead: 0
27  3679.05   1.27144     20.5032   3626    	Dead: 0
28  3663.87   1.16787     18.833    3622    	Dead: 0
29  3651.01   1.27162     20.5061   3606    	Dead: 0
30  3638.61   1.24922     20.1449   3590    	Dead: 0
31  3628.79   1.24046     20.0037   3588    	Dead: 0
32  3621.04   1.31679     21.2346   3570    	Dead: 0
33  3614.01   1.44041     23.228    3565    	Dead: 0
34  3607.5    1.51781     24.4762   3561    	Dead: 0
35  3599.43   1.54536     24.9205   3553    	Dead: 0
36  3590.63   1.68732     27.2097   3536    	Dead: 0
37  3579.54   1.65097     26.6235   3523    	Dead: 0
38  3569.44   1.69097     27.2686   3513    	Dead: 0
39  3559.15   1.74846     28.1956   3503    	Dead: 0
40  3547.41   1.73196     27.9296   3499    	Dead: 0
41  3539.05   1.79742     28.9851   3483    	Dead: 0
42  3532.19   1.84745     29.792    3483    	Dead: 0
43  3526.21   1.84141     29.6946   3472    	Dead: 0
44  3522.93   1.91341     30.8556   3472    	Dead: 0
45  3517.42   1.90952     30.7928   3471    	Dead: 0
46  3513.26   1.84951     29.8251   3461    	Dead: 0
47  3513.58   2.01601     32.5101   3461    	Dead: 0
48  3508.88   1.9718      31.7972   3456    	Dead: 0
49  3506.79   1.98935     32.0803   3456    	Dead: 0
50  3503.34   2.09404     33.7684   3454    	Dead: 0
51  3498.18   2.05453     33.1313   3440    	Dead: 0
52  3489.87   2.02925     32.7237   3439    	Dead: 0
53  3481.36   1.96283     31.6526   3429    	Dead: 0
54  3478.53   2.03771     32.8602   3420    	Dead: 0
55  3472.28   1.93488     31.2019   3420    	Dead: 0
56  3469.97   1.98471     32.0055   3420    	Dead: 0
57  3466.95   2.00568     32.3436   3417    	Dead: 0
58  3464.17   2.00546     32.34     3417    	Dead: 0
59  3463.75   2.15361     34.7291   3414    	Dead: 0
60  3461.16   2.17503     35.0746   3414    	Dead: 0
61  3457.84   2.09244     33.7427   3406    	Dead: 0
62  3457.9    2.25957     36.4378   3399    	Dead: 0
63  3454.34   2.19773     35.4406   3399    	Dead: 0
64  3454.05   2.24908     36.2686   3399    	Dead: 0
65  3452.27   2.30256     37.1311   3399    	Dead: 0
66  3447.99   2.19915     35.4635   3396    	Dead: 0
67  3446.95   2.1883      35.2886   3396    	Dead: 0
68  3445.13   2.2603      36.4496   3392    	Dead: 0
69  3444.79   2.38041     38.3865   3392    	Dead: 0
70  3441.42   2.33144     37.5968   3378    	Dead: 0
71  3438.52   2.31043     37.258    3378    	Dead: 0
72  3435.46   2.33272     37.6174   3378    	Dead: 0
73  3432.45   2.37462     38.2931   3378    	Dead: 0
74  3428.84   2.40352     38.7592   3374    	Dead: 0
75  3426.96   2.44845     39.4837   3374    	Dead: 0
76  3423.54   2.4045      38.7749   3372    	Dead: 0
77  3420.38   2.3395      37.7267   3367    	Dead: 0
78  3418.2    2.42526     39.1097   3367    	Dead: 0
79  3414.77   2.43313     39.2367   3367    	Dead: 0
80  3415.31   2.4704      39.8376   3364    	Dead: 0
81  3410.97   2.34824     37.8678   3357    	Dead: 0
82  3407.82   2.36015     38.0598   3357    	Dead: 0
83  3407.78   2.4478      39.4733   3357    	Dead: 0
84  3405.73   2.49353     40.2107   3356    	Dead: 0
85  3403.79   2.47329     39.8843   3350    	Dead: 0
86  3400.24   2.43745     39.3063   3350    	Dead: 0
87  3398.45   2.40646     38.8066   3342    	Dead: 0
88  3394.2    2.35295     37.9436   3342    	Dead: 0
89  3390.54   2.28701     36.8803   3341    	Dead: 0
90  3388.93   2.35929     38.0459   3341    	Dead: 0
91  3388.39   2.43982     39.3446   3338    	Dead: 0
92  3384.17   2.31966     37.4068   3334    	Dead: 0
93  3379.53   2.30789     37.217    3330    	Dead: 0
94  3380.19   2.46309     39.7198   3330    	Dead: 0
95  3380.01   2.41957     39.018    3326    	Dead: 0
96  3374.82   2.35811     38.0268   3326    	Dead: 0
97  3372.58   2.39688     38.6522   3325    	Dead: 0
98  3370.98   2.41962     39.0187   3322    	Dead: 0
99  3367.7    2.31091     37.2657   3315    	Dead: 0
100 3366.06   2.32946     37.5649   3315    	Dead: 0
