0   25.0268   0.253943    4.09509   44.8    
1   34.6548   0.358261    5.77732   57      
2   37.8876   0.423291    6.82599   60      
3   38.8284   0.496367    8.00441   61.4    
4   39.3204   0.532279    8.58354   61.4    
5   40.1748   0.536157    8.64606   61.4    
6   40.644    0.564471    9.10266   61.4    
7   40.9764   0.579675    9.34783   61.4    
8   41.1172   0.59117     9.53321   61.4    
9   41.3876   0.613917    9.90003   61.4    
10  41.9606   0.604539    9.74879   61.4    
11  41.8062   0.628988    10.1431   61.4    
12  41.7068   0.649472    10.4734   61.4    
13  41.9162   0.639884    10.3188   61.4    
14  42.1572   0.642083    10.3542   61.4    
15  42.2638   0.662127    10.6775   65      
16  42.5086   0.640586    10.3301   65      
17  42.6272   0.643916    10.3838   65      
18  42.206    0.681947    10.9971   65.4    
19  42.7952   0.668534    10.7808   65.4    
20  42.7438   0.671488    10.8284   65.4    
21  42.9724   0.681185    10.9848   65.4    
22  43.3442   0.686112    11.0642   65.4    
23  43.5272   0.692812    11.1723   66.8    
24  43.4114   0.706374    11.391    66.8    
25  43.1248   0.712362    11.4875   66.8    
26  43.7092   0.71231     11.4867   66.8    
27  44.1994   0.682718    11.0095   66.8    
28  44.0544   0.707292    11.4058   66.8    
29  43.6968   0.738131    11.9031   67.2    
30  44.239    0.730608    11.7818   67.2    
31  44.4588   0.71656     11.5552   67.4    
32  44.9508   0.712831    11.4951   67.4    
33  44.8928   0.718354    11.5842   67.4    
34  44.919    0.734966    11.8521   67.4    
35  44.9634   0.726201    11.7107   67.4    
36  45.6348   0.732371    11.8102   72.8    
37  45.045    0.760776    12.2683   72.8    
38  45.4372   0.734255    11.8406   72.8    
39  45.5772   0.74892     12.0771   72.8    
40  45.771    0.743341    11.9871   72.8    
41  46.192    0.736379    11.8748   72.8    
42  45.6308   0.750649    12.105    72.8    
43  45.8444   0.760548    12.2646   72.8    
44  45.4412   0.766757    12.3647   72.8    
45  46.1752   0.75022     12.098    72.8    
46  46.445    0.736901    11.8833   72.8    
47  46.5834   0.741382    11.9555   72.8    
48  46.408    0.753374    12.1489   72.8    
49  46.4312   0.769025    12.4013   72.8    
50  46.6336   0.749099    12.08     72.8    
51  46.595    0.781093    12.5959   72.8    
52  47.1442   0.744624    12.0078   72.8    
53  46.8104   0.762995    12.3041   72.8    
54  46.5208   0.782976    12.6263   72.8    
55  46.8628   0.781416    12.6011   72.8    
56  47.5912   0.754662    12.1697   72.8    
57  47.6072   0.768334    12.3902   72.8    
58  47.0076   0.781788    12.6071   72.8    
59  47.6734   0.756724    12.2029   72.8    
60  47.164    0.787       12.6912   72.8    
61  47.4992   0.761561    12.2809   72.8    
62  47.2374   0.783151    12.6291   72.8    
63  47.3908   0.782093    12.612    72.8    
64  47.356    0.770357    12.4228   72.8    
65  47.1058   0.781452    12.6017   72.8    
66  47.818    0.763564    12.3132   72.8    
67  47.7012   0.784422    12.6496   72.8    
68  47.9236   0.789431    12.7304   74.4    
69  47.9454   0.798818    12.8817   74.4    
70  47.7902   0.790598    12.7492   74.4    
71  48.2974   0.784042    12.6435   74.4    
72  48.1872   0.78718     12.6941   74.4    
73  47.6358   0.811171    13.0809   74.4    
74  48.1738   0.783946    12.6419   74.4    
75  48.5314   0.767523    12.3771   74.4    
76  48.5138   0.776187    12.5168   74.4    
77  48.9844   0.772574    12.4585   74.4    
78  48.6414   0.780063    12.5793   74.4    
79  48.098    0.808296    13.0346   77.8    
80  48.471    0.795769    12.8326   77.8    
81  48.2216   0.808885    13.0441   77.8    
82  48.507    0.786703    12.6864   77.8    
83  48.1574   0.822003    13.2556   77.8    
84  48.5348   0.81762     13.1849   77.8    
85  48.452    0.802686    12.9441   77.8    
86  48.8716   0.79372     12.7995   77.8    
87  48.65     0.816753    13.171    77.8    
88  48.8958   0.805269    12.9858   77.8    
89  48.7292   0.811695    13.0894   77.8    
90  48.9172   0.821871    13.2535   77.8    
91  49.0646   0.8309      13.3991   77.8    
92  49.0616   0.831291    13.4054   77.8    
93  48.9002   0.802798    12.9459   77.8    
94  49.3332   0.818154    13.1936   77.8    
95  48.9394   0.833528    13.4415   77.8    
96  48.8326   0.82614     13.3223   77.8    
97  48.7082   0.833535    13.4416   77.8    
98  49.313    0.815229    13.1464   77.8    
99  49.0918   0.823964    13.2872   77.8    
100 49.5218   0.811521    13.0866   77.8    
