0   24.6426   0.262978    4.24078   43.4    
1   34.0702   0.351899    5.67473   49.4    
2   36.4932   0.39822     6.4217    54      
3   37.628    0.450162    7.25931   59      
4   38.2958   0.480307    7.74544   59      
5   39.0076   0.490524    7.9102    59.2    
6   39.3188   0.519375    8.37545   60.8    
7   39.6154   0.53168     8.57387   60.8    
8   39.943    0.544825    8.78586   60.8    
9   39.8962   0.569624    9.18575   60.8    
10  40.59     0.563852    9.09268   60.8    
11  40.5108   0.583969    9.41708   60.8    
12  40.6718   0.57462     9.26632   60.8    
13  40.8464   0.595673    9.60583   61      
14  41.4516   0.583724    9.41313   61      
15  41.5808   0.592656    9.55716   61      
16  41.5516   0.609797    9.83359   62.4    
17  41.4062   0.62503     10.0792   62.4    
18  41.1838   0.648367    10.4556   62.4    
19  41.976    0.629179    10.1461   62.4    
20  41.894    0.638707    10.2998   67      
21  41.8034   0.640901    10.3352   67      
22  41.9546   0.654925    10.5613   67      
23  42.4818   0.647242    10.4374   67      
24  42.3214   0.659094    10.6286   67      
25  42.5536   0.636718    10.2677   67      
26  42.7752   0.65983     10.6404   67      
27  42.8068   0.649872    10.4798   67      
28  42.4746   0.679979    10.9653   67      
29  42.8748   0.650909    10.4966   67      
30  42.9632   0.66277     10.6878   67      
31  43.006    0.681971    10.9975   67      
32  43.215    0.657415    10.6015   67      
33  43.3656   0.667264    10.7603   67      
34  43.5812   0.673132    10.8549   72.4    
35  43.7608   0.664633    10.7179   72.4    
36  43.1818   0.69378     11.1879   72.4    
37  43.985    0.647509    10.4417   72.4    
38  43.3818   0.674274    10.8733   72.4    
39  44.0516   0.682083    10.9993   72.4    
40  44.2584   0.672618    10.8466   72.4    
41  44.153    0.696372    11.2297   72.4    
42  44.3262   0.702515    11.3288   72.4    
43  44.1666   0.728861    11.7536   72.4    
44  44.487    0.713458    11.5052   72.4    
45  44.6964   0.727243    11.7275   72.4    
46  44.8114   0.723925    11.674    72.4    
47  45.506    0.72601     11.7076   72.4    
48  45.244    0.73852     11.9094   72.4    
49  45.5404   0.720938    11.6258   72.4    
50  45.2444   0.74989     12.0927   72.4    
51  45.6088   0.732203    11.8075   72.4    
52  45.6608   0.74229     11.9702   72.4    
53  46.1892   0.703336    11.342    72.4    
54  45.8992   0.72468     11.6862   72.4    
55  45.6378   0.729652    11.7664   72.4    
56  45.8762   0.739565    11.9262   72.4    
57  46.1684   0.736583    11.8781   72.4    
58  46.105    0.729118    11.7578   72.4    
59  46.3164   0.739213    11.9205   72.4    
60  46.6292   0.756456    12.1986   72.4    
61  46.8496   0.728966    11.7553   72.4    
62  46.6422   0.753994    12.1589   72.4    
63  46.6172   0.764124    12.3223   72.4    
64  46.6546   0.77436     12.4873   72.4    
65  46.8534   0.761519    12.2803   72.4    
66  47.0038   0.756903    12.2058   72.4    
67  47.2162   0.751573    12.1199   72.4    
68  47.3946   0.744939    12.0129   72.4    
69  47.8884   0.739288    11.9218   72.4    
70  47.0872   0.773078    12.4667   77      
71  47.3044   0.768099    12.3864   77      
72  47.3036   0.777386    12.5361   77      
73  47.564    0.774988    12.4975   77      
74  47.8498   0.779278    12.5666   77      
75  47.5912   0.777422    12.5367   77      
76  47.9832   0.775685    12.5087   77      
77  48.2112   0.773788    12.4781   77      
78  48.2408   0.759788    12.2523   77      
79  48.1798   0.77611     12.5156   77      
80  48.1086   0.78981     12.7365   77      
81  48.0172   0.78421     12.6462   77      
82  48.4122   0.793116    12.7898   77      
83  48.6932   0.757802    12.2203   77      
84  48.787    0.767941    12.3838   77      
85  48.6376   0.787576    12.7005   77      
86  48.5796   0.801842    12.9305   77      
87  48.967    0.772681    12.4603   77      
88  48.1464   0.813499    13.1185   77      
89  48.8284   0.793267    12.7922   77      
90  48.4158   0.802803    12.946    77      
91  48.669    0.789957    12.7388   77      
92  48.9328   0.780531    12.5868   77      
93  48.9064   0.792567    12.7809   77      
94  49.3736   0.790717    12.7511   77      
95  49.2542   0.785991    12.6749   77      
96  49.1324   0.785156    12.6614   77      
97  49.6364   0.780774    12.5908   77      
98  49.1054   0.808025    13.0302   77      
99  49.8864   0.781342    12.5999   77      
100 49.1532   0.808389    13.0361   77      
