0   25.032    0.25115     4.05004   42.6    
1   34.5502   0.331589    5.34721   51      
2   37.0976   0.413229    6.66373   56      
3   38.4884   0.45889     7.40007   56      
4   38.8234   0.500571    8.0722    56      
5   39.1332   0.553858    8.93152   58      
6   40.1164   0.532085    8.5804    62.4    
7   40.3276   0.566695    9.13853   64.8    
8   40.5174   0.577961    9.32019   64.8    
9   40.7568   0.585415    9.44041   64.8    
10  40.495    0.623432    10.0535   64.8    
11  41.6346   0.578343    9.32636   64.8    
12  41.6362   0.600113    9.67743   64.8    
13  41.2288   0.63606     10.2571   64.8    
14  41.1204   0.665869    10.7378   69      
15  41.8436   0.62113     10.0163   69      
16  41.799    0.64778     10.4461   69      
17  42.0718   0.666779    10.7525   69      
18  42.3182   0.658031    10.6114   69      
19  42.0552   0.650781    10.4945   69      
20  41.9146   0.691088    11.1445   69      
21  42.6058   0.648258    10.4538   69      
22  42.3052   0.683299    11.0189   69      
23  42.4848   0.669181    10.7912   69      
24  42.7232   0.685001    11.0463   69      
25  42.7504   0.688739    11.1066   69      
26  42.7912   0.699182    11.275    69      
27  43.417    0.670537    10.8131   69      
28  42.8996   0.690721    11.1386   69      
29  42.8246   0.70118     11.3072   69      
30  43.5118   0.685306    11.0512   69      
31  43.0276   0.715547    11.5389   69      
32  43.4706   0.691765    11.1554   69      
33  42.984    0.71494     11.5291   69      
34  43.4058   0.690086    11.1283   69      
35  43.7566   0.70043     11.2951   71.2    
36  43.2342   0.721875    11.641    71.2    
37  43.6358   0.71684     11.5598   71.2    
38  44.265    0.700966    11.3038   71.2    
39  43.364    0.729576    11.7651   71.2    
40  43.579    0.728774    11.7522   71.2    
41  43.9464   0.713054    11.4987   71.2    
42  44.0452   0.717847    11.576    71.2    
43  43.6374   0.717039    11.563    71.2    
44  43.7812   0.715296    11.5349   71.2    
45  43.6594   0.72911     11.7576   71.2    
46  43.7976   0.732648    11.8147   71.2    
47  44.0554   0.730719    11.7836   71.2    
48  44.283    0.726727    11.7192   71.2    
49  44.2954   0.728344    11.7453   71.2    
50  44.026    0.730773    11.7844   71.2    
51  44.271    0.715704    11.5415   71.2    
52  44.4868   0.717387    11.5686   71.2    
53  44.2612   0.715043    11.5308   71.2    
54  44.145    0.73192     11.8029   71.2    
55  44.1166   0.734917    11.8513   71.2    
56  44.5578   0.723034    11.6596   71.2    
57  44.3788   0.721131    11.629    71.2    
58  44.0584   0.746955    12.0454   71.2    
59  44.3286   0.737822    11.8981   71.2    
60  44.2842   0.736298    11.8736   71.2    
61  44.449    0.739691    11.9283   71.2    
62  44.6962   0.729106    11.7576   71.2    
63  44.6112   0.747207    12.0495   71.2    
64  44.4214   0.752592    12.1363   71.2    
65  44.647    0.740627    11.9434   71.2    
66  44.9518   0.731678    11.799    71.2    
67  44.9692   0.733501    11.8284   71.2    
68  44.2752   0.747498    12.0542   71.2    
69  44.9362   0.723883    11.6733   71.2    
70  44.5598   0.741531    11.9579   71.2    
71  44.9276   0.748857    12.0761   71.2    
72  44.6638   0.75738     12.2135   71.2    
73  44.9174   0.736716    11.8803   71.2    
74  44.9978   0.731653    11.7986   71.2    
75  45.0514   0.742696    11.9767   71.2    
76  44.8484   0.752955    12.1421   72.4    
77  45.0852   0.75191     12.1253   72.4    
78  44.8958   0.747012    12.0463   72.4    
79  44.899    0.745729    12.0256   72.4    
80  44.9934   0.745141    12.0161   72.4    
81  44.9696   0.749379    12.0845   72.4    
82  44.7078   0.762413    12.2947   72.4    
83  44.9852   0.768022    12.3851   72.4    
84  45.4922   0.735577    11.8619   72.4    
85  45.1528   0.7554      12.1816   72.4    
86  45.3398   0.770714    12.4285   72.4    
87  44.8154   0.768345    12.3903   72.4    
88  45.3008   0.748081    12.0636   72.4    
89  45.7576   0.728467    11.7473   72.4    
90  45.4868   0.761082    12.2732   77      
91  45.6686   0.74703     12.0466   77      
92  45.5946   0.763483    12.3119   77      
93  45.2982   0.769707    12.4123   77      
94  45.5882   0.773733    12.4772   77      
95  45.2046   0.788336    12.7127   77      
96  45.6038   0.762867    12.302    77      
97  45.737    0.759602    12.2493   77      
98  45.579    0.768429    12.3917   77      
99  45.5898   0.771573    12.4424   77      
100 44.9666   0.80305     12.95     77      
