0   25.4246   0.246195    3.97015   41.4    
1   34.6206   0.349201    5.63122   57      
2   37.0982   0.425096    6.8551    57      
3   38.4732   0.470147    7.58159   57      
4   39.469    0.488435    7.8765    58.8    
5   39.9718   0.533673    8.60601   58.8    
6   40.5444   0.55117     8.88817   58.8    
7   40.937    0.579517    9.34529   63.2    
8   41.2612   0.593254    9.56682   63.6    
9   41.5242   0.609998    9.83682   63.6    
10  41.542    0.628077    10.1284   63.6    
11  41.65     0.628244    10.1311   63.6    
12  41.9452   0.636521    10.2645   64.6    
13  41.9936   0.641576    10.3461   64.6    
14  42.2562   0.639938    10.3196   64.6    
15  42.7112   0.635079    10.2413   64.6    
16  42.533    0.646578    10.4267   64.6    
17  42.3542   0.648047    10.4504   64.6    
18  42.9592   0.645429    10.4082   65.4    
19  42.6162   0.66275     10.6875   65.4    
20  42.7422   0.678673    10.9443   67.8    
21  42.6698   0.684041    11.0308   67.8    
22  42.8584   0.667974    10.7717   67.8    
23  43.0222   0.680564    10.9748   67.8    
24  43.2976   0.677006    10.9174   67.8    
25  43.78     0.669514    10.7966   68.2    
26  43.2962   0.695573    11.2168   68.2    
27  43.6238   0.700076    11.2894   68.2    
28  44.1042   0.685245    11.0503   68.2    
29  43.6256   0.69432     11.1966   68.2    
30  44.2124   0.690532    11.1355   68.2    
31  44.0364   0.696097    11.2253   68.2    
32  43.9258   0.699288    11.2767   68.2    
33  44.3286   0.685772    11.0588   68.2    
34  44.138    0.713845    11.5115   68.2    
35  44.439    0.691121    11.145    68.2    
36  44.0538   0.720406    11.6173   68.2    
37  43.797    0.722943    11.6582   68.2    
38  44.2986   0.700715    11.2997   68.2    
39  44.1692   0.70961     11.4432   68.2    
40  44.2294   0.729539    11.7646   68.2    
41  44.5498   0.708017    11.4175   68.2    
42  44.2378   0.731923    11.803    68.2    
43  44.517    0.724933    11.6903   68.2    
44  44.686    0.721454    11.6342   68.2    
45  44.7084   0.713306    11.5028   68.2    
46  44.8416   0.717594    11.5719   68.2    
47  44.7976   0.718647    11.5889   68.2    
48  44.6086   0.735463    11.8601   68.2    
49  44.6596   0.736224    11.8723   69      
50  45.3742   0.71246     11.4891   69      
51  45.1116   0.731115    11.79     69      
52  45.0858   0.753952    12.1582   69      
53  45.407    0.722093    11.6445   69      
54  45.3038   0.739693    11.9283   69      
55  45.1458   0.738947    11.9163   69      
56  45.1206   0.756585    12.2007   69      
57  45.9378   0.729225    11.7595   69      
58  45.8766   0.737534    11.8935   69      
59  45.8582   0.747791    12.0589   69      
60  45.9248   0.732457    11.8116   69      
61  45.899    0.740839    11.9468   69      
62  45.9924   0.724615    11.6851   69      
63  46.049    0.755392    12.1815   69.2    
64  46.0966   0.75061     12.1043   70.2    
65  46.6526   0.72994     11.771    70.2    
66  46.5022   0.74839     12.0685   70.2    
67  46.023    0.75695     12.2066   70.2    
68  46.6804   0.742574    11.9748   70.2    
69  46.8088   0.739992    11.9331   70.2    
70  46.3144   0.769814    12.414    70.2    
71  46.8342   0.770093    12.4185   70.4    
72  46.7814   0.749908    12.093    70.4    
73  47.1216   0.742244    11.9694   70.4    
74  47.2932   0.74265     11.976    70.4    
75  47.0114   0.767328    12.3739   70.4    
76  47.8154   0.732312    11.8093   70.4    
77  47.6012   0.749382    12.0845   70.4    
78  47.6474   0.767819    12.3818   70.4    
79  48.0668   0.750051    12.0953   70.4    
80  47.8842   0.751559    12.1196   70.4    
81  48.0366   0.755124    12.1771   77.2    
82  47.7574   0.781069    12.5955   77.2    
83  47.856    0.756076    12.1925   77.2    
84  47.8434   0.774525    12.49     77.2    
85  47.9442   0.758905    12.2381   77.2    
86  47.7484   0.769879    12.4151   77.2    
87  48.2266   0.762323    12.2932   77.2    
88  48.2772   0.75592     12.19     77.2    
89  48.333    0.757302    12.2123   77.2    
90  48.3386   0.769467    12.4084   77.2    
91  48.5304   0.751771    12.1231   77.2    
92  49.0054   0.735174    11.8554   77.2    
93  48.466    0.752046    12.1275   77.2    
94  48.1524   0.769217    12.4044   77.2    
95  48.7114   0.781301    12.5993   77.2    
96  48.9394   0.757682    12.2184   77.2    
97  49.094    0.757594    12.217    77.2    
98  49.072    0.773701    12.4767   77.2    
99  49.3152   0.747769    12.0585   77.2    
100 48.7004   0.785466    12.6664   77.2    
