0   24.851    0.258419    4.16727   38.4    
1   34.255    0.336006    5.41843   50.8    
2   36.6406   0.406675    6.55804   57.2    
3   37.8132   0.466721    7.52634   57.2    
4   38.771    0.485447    7.82831   58.8    
5   39.6162   0.505937    8.15874   58.8    
6   39.46     0.523292    8.43861   58.8    
7   39.9336   0.548818    8.85024   58.8    
8   40.135    0.576128    9.29065   60.6    
9   40.6292   0.578877    9.33497   60.6    
10  40.8414   0.604262    9.74434   60.6    
11  41.1368   0.614177    9.90422   62      
12  41.5148   0.61586     9.93137   62      
13  41.984    0.643172    10.3718   62      
14  41.8842   0.634307    10.2288   62      
15  41.9356   0.663675    10.7024   63      
16  42.2288   0.662943    10.6906   63      
17  42.7412   0.665093    10.7253   63      
18  42.8202   0.695604    11.2173   67      
19  42.9888   0.701843    11.3179   67      
20  43.1722   0.71035     11.4551   67      
21  42.7686   0.705547    11.3777   68.8    
22  42.9882   0.724414    11.6819   68.8    
23  43.6378   0.712702    11.493    68.8    
24  43.7928   0.737835    11.8983   68.8    
25  43.9592   0.729262    11.7601   68.8    
26  44.3136   0.714378    11.5201   68.8    
27  44.1248   0.732235    11.808    68.8    
28  44.5266   0.733999    11.8365   68.8    
29  44.5292   0.738051    11.9018   70.2    
30  44.5292   0.753547    12.1517   70.2    
31  44.6138   0.757853    12.2211   70.2    
32  44.4616   0.753356    12.1486   70.2    
33  45.0098   0.732509    11.8124   70.2    
34  44.6598   0.765759    12.3486   71      
35  44.901    0.768264    12.389    71      
36  44.9894   0.757238    12.2112   71      
37  44.6906   0.777468    12.5374   71      
38  45.3698   0.771187    12.4362   71      
39  45.2116   0.794169    12.8068   71      
40  45.5288   0.781394    12.6008   72      
41  45.7126   0.772438    12.4563   72      
42  45.1972   0.784304    12.6477   72      
43  45.6302   0.783721    12.6383   72      
44  45.6118   0.78395     12.642    72      
45  45.5188   0.799976    12.9004   72      
46  45.7444   0.772844    12.4629   72      
47  45.492    0.799584    12.8941   72      
48  46.0376   0.779676    12.5731   72      
49  45.3386   0.814349    13.1322   72      
50  45.3932   0.803045    12.9499   72      
51  45.5172   0.80159     12.9264   72      
52  46.0346   0.792092    12.7733   72      
53  46.0048   0.796004    12.8364   72      
54  45.7864   0.805783    12.9941   72      
55  46.2144   0.797764    12.8647   72      
56  46.2292   0.792902    12.7863   72      
57  46.0856   0.80768     13.0246   72      
58  45.904    0.788356    12.713    72      
59  45.9712   0.813344    13.116    72      
60  46.4034   0.811741    13.0901   78      
61  46.5146   0.805961    12.9969   78      
62  46.3628   0.797447    12.8596   78      
63  45.9354   0.828258    13.3565   78      
64  46.331    0.810303    13.067    78      
65  46.345    0.808312    13.0348   78      
66  46.6906   0.821565    13.2486   78      
67  46.7234   0.824596    13.2974   78      
68  46.563    0.815656    13.1533   78      
69  46.6352   0.821036    13.24     78      
70  46.3812   0.824625    13.2979   78      
71  46.716    0.834529    13.4576   78      
72  46.5968   0.821805    13.2524   78      
73  47.076    0.816825    13.1721   78      
74  46.6544   0.835537    13.4739   78      
75  46.8408   0.831553    13.4096   78      
76  46.9464   0.820346    13.2289   78      
77  46.7366   0.83347     13.4405   78      
78  46.8298   0.830112    13.3864   78      
79  46.914    0.832873    13.4309   78      
80  46.7668   0.823807    13.2847   78      
81  47.171    0.823683    13.2827   78      
82  47.0394   0.829008    13.3686   78      
83  47.3506   0.816803    13.1718   78      
84  47.259    0.817568    13.1841   78      
85  46.8622   0.844007    13.6105   78      
86  47.4104   0.813227    13.1141   78      
87  47.2774   0.814417    13.1333   78      
88  47.2682   0.823782    13.2843   78      
89  46.932    0.819088    13.2086   78      
90  47.2108   0.832855    13.4306   78      
91  47.352    0.814789    13.1393   78      
92  47.5296   0.832993    13.4328   78      
93  47.4318   0.834132    13.4512   78      
94  47.6338   0.814192    13.1297   78      
95  47.4504   0.820942    13.2385   78      
96  47.1732   0.839163    13.5323   78      
97  47.0892   0.835942    13.4804   78      
98  46.9174   0.849144    13.6933   78      
99  47.4734   0.811298    13.083    78      
100 47.1896   0.842617    13.588    78      
