0   25.291    0.26674     4.30145   38.8    
1   34.4108   0.325723    5.25261   55.6    
2   36.8122   0.42617     6.87242   58.2    
3   38.2038   0.457598    7.37923   58.2    
4   38.605    0.517338    8.3426    58.2    
5   38.8206   0.542343    8.74582   58.2    
6   39.4698   0.563507    9.08711   58.8    
7   39.9048   0.566391    9.13362   58.8    
8   40.0636   0.577854    9.31847   58.8    
9   40.5648   0.571723    9.2196    69.2    
10  40.6482   0.576719    9.30017   69.2    
11  40.3286   0.62701     10.1112   69.2    
12  41.031    0.602989    9.7238    69.2    
13  41.0616   0.611998    9.86909   69.2    
14  41.275    0.620609    10.0079   69.2    
15  41.1812   0.607551    9.79737   69.2    
16  41.0642   0.644722    10.3968   69.2    
17  41.365    0.632079    10.1929   69.2    
18  41.235    0.655939    10.5777   69.2    
19  41.6254   0.638742    10.3003   69.2    
20  41.1748   0.661249    10.6633   69.2    
21  41.1686   0.671103    10.8222   69.2    
22  41.7752   0.656236    10.5825   69.2    
23  41.953    0.648391    10.456    69.2    
24  41.8652   0.660686    10.6542   69.2    
25  41.6324   0.676476    10.9089   69.2    
26  41.8282   0.681772    10.9943   69.2    
27  42.4732   0.664246    10.7116   69.2    
28  42.0986   0.668525    10.7806   69.2    
29  42.0556   0.663953    10.7069   69.2    
30  42.2488   0.691995    11.1591   69.2    
31  42.3272   0.685093    11.0478   69.2    
32  42.4278   0.695367    11.2135   69.2    
33  42.5184   0.696011    11.2239   69.2    
34  42.2812   0.707818    11.4143   69.2    
35  42.696    0.690326    11.1322   69.2    
36  42.977    0.684851    11.0439   69.2    
37  42.443    0.728871    11.7538   70.8    
38  43.0046   0.696491    11.2316   70.8    
39  42.6286   0.721449    11.6341   70.8    
40  42.8134   0.714901    11.5285   70.8    
41  43.1436   0.700497    11.2962   70.8    
42  42.7776   0.72917     11.7586   70.8    
43  43.3702   0.720406    11.6173   70.8    
44  43.416    0.70626     11.3891   70.8    
45  43.2378   0.718715    11.59     70.8    
46  43.48     0.721613    11.6367   70.8    
47  43.4472   0.730875    11.7861   70.8    
48  43.671    0.727185    11.7266   70.8    
49  43.326    0.744313    12.0028   70.8    
50  43.6922   0.719604    11.6043   70.8    
51  43.8558   0.709293    11.4381   70.8    
52  44.1158   0.71366     11.5085   70.8    
53  43.9564   0.71624     11.5501   70.8    
54  44.1462   0.708496    11.4252   70.8    
55  44.189    0.713836    11.5113   70.8    
56  44.051    0.729866    11.7698   70.8    
57  44.5692   0.730191    11.7751   70.8    
58  44.5596   0.73102     11.7884   70.8    
59  44.4418   0.73212     11.8062   70.8    
60  44.4784   0.73018     11.7749   70.8    
61  44.7016   0.725908    11.706    70.8    
62  44.7226   0.734068    11.8376   70.8    
63  45.0866   0.731505    11.7963   73.2    
64  44.7764   0.745431    12.0208   73.2    
65  45.102    0.735845    11.8662   73.2    
66  45.1142   0.75879     12.2362   73.2    
67  45.1796   0.764488    12.3281   73.2    
68  45.8284   0.737251    11.8889   73.2    
69  45.3246   0.767533    12.3772   73.2    
70  45.9176   0.763562    12.3132   73.2    
71  46.0348   0.75011     12.0963   73.2    
72  45.7768   0.749118    12.0803   73.2    
73  45.6864   0.765957    12.3518   73.2    
74  46.0346   0.772905    12.4639   73.2    
75  46.263    0.764446    12.3275   73.2    
76  46.5268   0.756766    12.2036   73.2    
77  46.5018   0.758133    12.2257   73.2    
78  46.2302   0.773061    12.4664   73.2    
79  46.1592   0.77928     12.5667   73.2    
80  46.7342   0.768245    12.3887   73.2    
81  47.0112   0.760286    12.2604   73.2    
82  47.062    0.751697    12.1219   73.2    
83  46.977    0.760757    12.268    73.2    
84  46.9266   0.763797    12.317    73.2    
85  47.3166   0.774544    12.4903   73.2    
86  46.6986   0.80685     13.0113   75.2    
87  47.8394   0.766373    12.3585   76      
88  47.0556   0.781661    12.6051   76      
89  47.404    0.778201    12.5493   76      
90  47.906    0.767918    12.3834   76      
91  47.5434   0.787116    12.693    76      
92  47.8922   0.786418    12.6818   76      
93  47.9666   0.78368     12.6376   76      
94  47.503    0.804057    12.9662   76      
95  47.914    0.783662    12.6373   76.2    
96  48.0888   0.780796    12.5911   76.2    
97  48.0956   0.799672    12.8955   76.2    
98  47.765    0.795122    12.8221   76.2    
99  48.4594   0.790742    12.7515   76.2    
100 48.459    0.785754    12.6711   76.2    
