0   20.563    0.210754    3.39862   35.8    
1   53.5264   0.522465    8.42527   84.4    
2   72.7514   0.573371    9.24618   100.4   
3   76.7388   0.689795    11.1236   107.4   
4   78.7544   0.733087    11.8218   107.4   
5   79.6534   0.762439    12.2951   113.2   
6   80.5448   0.80162     12.9269   115     
7   80.735    0.816664    13.1695   115     
8   80.843    0.839607    13.5395   115     
9   81.2376   0.822777    13.2681   115     
10  82.0484   0.827391    13.3425   115     
11  81.648    0.848024    13.6752   115     
12  82.231    0.87612     14.1283   115     
13  82.3486   0.876759    14.1386   115     
14  82.6476   0.860199    13.8716   115     
15  82.9396   0.853878    13.7696   115     
16  83.1694   0.874457    14.1015   115     
17  83.157    0.875031    14.1107   115     
18  83.3098   0.897174    14.4678   115     
19  83.159    0.887036    14.3043   115     
20  83.5854   0.900875    14.5275   115     
21  83.8808   0.881762    14.2193   115     
22  83.4024   0.905925    14.6089   115     
23  83.7146   0.895796    14.4456   115     
24  84.0872   0.914771    14.7516   116     
25  84.0294   0.895248    14.4368   116     
26  84.0378   0.922552    14.8771   116     
27  84.4978   0.885853    14.2853   116     
28  84.1086   0.912108    14.7087   116.2   
29  84.5658   0.906766    14.6225   119.4   
30  84.3154   0.936925    15.1089   119.4   
31  83.957    0.943474    15.2145   119.4   
32  84.3912   0.932515    15.0377   119.4   
33  84.8848   0.935541    15.0865   119.4   
34  84.89     0.943563    15.2159   119.4   
35  84.6588   0.952598    15.3616   119.4   
36  84.634    0.95775     15.4447   119.4   
37  84.1548   0.975023    15.7232   119.4   
38  84.7348   0.977047    15.7559   119.4   
39  84.7806   0.959298    15.4696   119.4   
40  84.3902   0.988676    15.9434   119.4   
41  84.542    0.960094    15.4825   119.4   
42  84.7108   0.968871    15.624    119.4   
43  85.3526   0.900441    14.5205   119.4   
44  85.282    0.93524     15.0817   119.4   
45  85.4156   0.936811    15.107    119.4   
46  85.0256   0.96395     15.5447   119.4   
47  85.4136   0.930485    15.005    119.4   
48  85.4072   0.947383    15.2775   119.4   
49  84.5822   0.989135    15.9508   119.4   
50  85.7842   0.946027    15.2556   119.4   
51  85.088    0.979007    15.7875   119.4   
52  85.1104   0.962079    15.5145   119.4   
53  85.581    0.960347    15.4865   119.4   
54  85.6848   0.951884    15.3501   119.4   
55  85.5022   0.9605      15.489    119.4   
56  85.451    0.961261    15.5013   119.4   
57  85.7364   0.952648    15.3624   119.4   
58  85.7868   0.948744    15.2995   119.4   
59  86.04     0.948583    15.2968   119.4   
60  85.917    0.955392    15.4067   119.4   
61  85.1386   0.981108    15.8213   119.4   
62  85.9976   0.968467    15.6175   119.4   
63  85.3548   0.98646     15.9077   119.4   
64  86.0228   0.951866    15.3498   119.4   
65  86.2416   0.944017    15.2232   119.4   
66  86.4186   0.962433    15.5202   119.4   
67  86.1146   0.945726    15.2508   119.4   
68  86.1676   0.983218    15.8554   119.4   
69  86.4052   0.974126    15.7088   119.4   
70  86.301    0.965409    15.5682   119.4   
71  85.7744   0.981329    15.8249   119.4   
72  85.9      0.986627    15.9103   119.4   
73  86.2702   0.953875    15.3822   119.4   
74  85.9598   0.962423    15.52     119.4   
75  85.926    0.983343    15.8574   119.4   
76  86.22     0.976651    15.7495   119.4   
77  86.0668   0.986377    15.9063   119.4   
78  86.1964   0.964994    15.5615   119.4   
79  86.3584   0.966393    15.5841   119.4   
80  85.858    0.969814    15.6392   119.4   
81  86.0722   0.973055    15.6915   119.4   
82  86.2726   0.9768      15.7519   119.4   
83  86.5236   0.9622      15.5164   119.4   
84  86.3418   0.970762    15.6545   119.4   
85  86.4312   0.973177    15.6935   119.4   
86  85.979    0.966946    15.593    119.4   
87  86.2248   1.00085     16.1398   119.4   
88  86.4694   0.97861     15.7811   119.4   
89  86.1296   0.983149    15.8543   119.4   
90  86.1394   0.975062    15.7239   119.4   
91  86.1618   0.989951    15.9639   119.4   
92  86.9524   0.944165    15.2256   119.4   
93  86.3402   0.980422    15.8103   119.4   
94  86.526    0.996055    16.0624   119.4   
95  86.2758   0.980357    15.8092   119.4   
96  86.0906   1.00614     16.225    119.4   
97  86.2138   1.00801     16.2551   119.4   
98  86.4066   0.989666    15.9594   119.4   
99  86.121    0.986145    15.9026   119.4   
100 85.9552   1.00724     16.2428   119.4   
