0   12.3794   0.180988    2.91862   4.04951 	Dead: 0
1   9.70572   0.17859     2.87995   3.50452 	Dead: 0
2   7.79206   0.154807    2.49641   3.50452 	Dead: 0
3   6.55202   0.12535     2.02139   3.23117 	Dead: 0
4   5.83613   0.102517    1.65318   3.23117 	Dead: 0
5   5.52445   0.088147    1.42146   3.23117 	Dead: 0
6   5.42152   0.0929196   1.49842   3.23117 	Dead: 0
7   5.30666   0.0875132   1.41124   3.03012 	Dead: 0
8   5.24111   0.0911622   1.47008   3.03012 	Dead: 0
9   5.19286   0.0883566   1.42484   3.03012 	Dead: 0
10  5.17919   0.0943726   1.52185   3.03012 	Dead: 0
11  5.1318    0.0928691   1.49761   3.03012 	Dead: 0
12  5.05686   0.0880555   1.41998   3.03012 	Dead: 0
13  5.0015    0.0805467   1.2989    3.03012 	Dead: 0
14  5.00934   0.0873522   1.40864   3.03012 	Dead: 0
15  4.98198   0.0866038   1.39657   3.03012 	Dead: 0
16  4.93724   0.0872074   1.40631   3.03012 	Dead: 0
17  4.96773   0.0885888   1.42858   3.03012 	Dead: 0
18  4.92563   0.0870631   1.40398   3.03012 	Dead: 0
19  4.94124   0.0921405   1.48586   3.03012 	Dead: 0
20  4.91997   0.0876488   1.41342   3.03012 	Dead: 0
21  4.91905   0.0899032   1.44978   3.03012 	Dead: 0
22  4.91552   0.0933837   1.50591   3.03012 	Dead: 0
23  4.91515   0.0904375   1.45839   3.03012 	Dead: 0
24  4.94006   0.0908276   1.46469   3.03012 	Dead: 0
25  4.87602   0.0869558   1.40225   2.85391 	Dead: 0
26  4.81902   0.0850321   1.37123   2.85391 	Dead: 0
27  4.85692   0.0860626   1.38785   2.85391 	Dead: 0
28  4.86065   0.0874195   1.40973   2.85391 	Dead: 0
29  4.85395   0.0926783   1.49453   2.85391 	Dead: 0
30  4.83998   0.0865923   1.39639   2.85391 	Dead: 0
31  4.83889   0.0890965   1.43677   2.85391 	Dead: 0
32  4.79463   0.0865966   1.39646   2.85391 	Dead: 0
33  4.82518   0.0889161   1.43386   2.85391 	Dead: 0
34  4.79717   0.0880606   1.42006   2.85391 	Dead: 0
35  4.75296   0.0809921   1.30608   2.85391 	Dead: 0
36  4.7894    0.086158    1.38938   2.85391 	Dead: 0
37  4.8385    0.0889049   1.43368   2.85391 	Dead: 0
38  4.79556   0.0884659   1.4266    2.81353 	Dead: 0
39  4.78349   0.0885668   1.42823   2.78823 	Dead: 0
40  4.80496   0.0892223   1.4388    2.78823 	Dead: 0
41  4.77956   0.0894698   1.44279   2.78823 	Dead: 0
42  4.70757   0.0836303   1.34862   2.78823 	Dead: 0
43  4.72296   0.0846828   1.36559   2.78823 	Dead: 0
44  4.73872   0.0901374   1.45356   2.78823 	Dead: 0
45  4.68232   0.0814403   1.31331   2.78823 	Dead: 0
46  4.67632   0.0841382   1.35681   2.71063 	Dead: 0
47  4.72335   0.087384    1.40916   2.71063 	Dead: 0
48  4.70348   0.0842725   1.35898   2.71063 	Dead: 0
49  4.72636   0.0855571   1.37969   2.71063 	Dead: 0
50  4.75847   0.0901716   1.45411   2.71063 	Dead: 0
51  4.74754   0.0940608   1.51682   2.71063 	Dead: 0
52  4.67597   0.0830155   1.33871   2.71063 	Dead: 0
53  4.67822   0.0844594   1.36199   2.71063 	Dead: 0
54  4.65826   0.0834744   1.34611   2.71063 	Dead: 0
55  4.68016   0.0847661   1.36694   2.71063 	Dead: 0
56  4.63038   0.0833475   1.34406   2.71063 	Dead: 0
57  4.60499   0.0819206   1.32105   2.71063 	Dead: 0
58  4.65981   0.083488    1.34633   2.71063 	Dead: 0
59  4.62453   0.0833976   1.34487   2.71063 	Dead: 0
60  4.65864   0.0883288   1.42439   2.71063 	Dead: 0
61  4.64247   0.0822365   1.32615   2.71063 	Dead: 0
62  4.66414   0.0867498   1.39893   2.71063 	Dead: 0
63  4.61951   0.0825578   1.33133   2.40447 	Dead: 0
64  4.66154   0.0837868   1.35115   2.40447 	Dead: 0
65  4.62852   0.0809571   1.30551   2.40447 	Dead: 0
66  4.63108   0.0828333   1.33577   2.40447 	Dead: 0
67  4.64908   0.0863664   1.39274   2.40447 	Dead: 0
68  4.6035    0.0808278   1.30343   2.40447 	Dead: 0
69  4.66266   0.088835    1.43255   2.40447 	Dead: 0
70  4.53754   0.0758886   1.22378   2.40447 	Dead: 0
71  4.61848   0.085239    1.37456   2.40447 	Dead: 0
72  4.59994   0.0826192   1.33232   2.40447 	Dead: 0
73  4.60586   0.0839601   1.35394   2.40447 	Dead: 0
74  4.59538   0.082394    1.32869   2.40447 	Dead: 0
75  4.56146   0.0782209   1.26139   2.40447 	Dead: 0
76  4.56628   0.0814154   1.3129    2.40447 	Dead: 0
77  4.57308   0.0807457   1.30211   2.40447 	Dead: 0
78  4.5729    0.0820412   1.323     2.40447 	Dead: 0
79  4.58246   0.0845356   1.36322   2.40447 	Dead: 0
80  4.54831   0.0786282   1.26796   2.40447 	Dead: 0
81  4.59276   0.0828567   1.33615   2.40447 	Dead: 0
82  4.53829   0.0817354   1.31806   2.40447 	Dead: 0
83  4.56989   0.0845395   1.36328   2.40447 	Dead: 0
84  4.5692    0.0797029   1.28529   2.40447 	Dead: 0
85  4.59836   0.0802448   1.29403   2.40447 	Dead: 0
86  4.52893   0.0773355   1.24711   2.40447 	Dead: 0
87  4.59501   0.086715    1.39837   2.40447 	Dead: 0
88  4.5592    0.0842262   1.35823   2.40447 	Dead: 0
89  4.5643    0.0809816   1.30591   2.40447 	Dead: 0
90  4.543     0.0801988   1.29329   2.40447 	Dead: 0
91  4.5978    0.0862886   1.39149   2.40447 	Dead: 0
92  4.58819   0.0860496   1.38764   2.40447 	Dead: 0
93  4.58807   0.0830752   1.33967   2.40447 	Dead: 0
94  4.56476   0.0856801   1.38168   2.40447 	Dead: 0
95  4.57423   0.0860488   1.38762   2.40447 	Dead: 0
96  4.55899   0.0844492   1.36183   2.40447 	Dead: 0
97  4.51726   0.0773484   1.24732   2.40447 	Dead: 0
98  4.56754   0.0830061   1.33856   2.40447 	Dead: 0
99  4.54121   0.0798562   1.28776   2.40447 	Dead: 0
100 4.53694   0.0807698   1.30249   2.40447 	Dead: 0
