0   12.0271   0.175984    2.83793   5.01902 	Dead: 0
1   9.65269   0.177251    2.85835   3.81758 	Dead: 0
2   7.65288   0.152741    2.4631    3.40577 	Dead: 0
3   6.42348   0.121256    1.95538   3.40577 	Dead: 0
4   5.88143   0.104595    1.68669   3.40577 	Dead: 0
5   5.55284   0.0918921   1.48185   3.17754 	Dead: 0
6   5.38786   0.088439    1.42617   3.17754 	Dead: 0
7   5.31552   0.0914211   1.47426   3.08752 	Dead: 0
8   5.22607   0.0855562   1.37968   3.08752 	Dead: 0
9   5.19233   0.0859728   1.3864    3.08752 	Dead: 0
10  5.08631   0.0811006   1.30783   3.08752 	Dead: 0
11  5.04368   0.0851757   1.37354   3.08752 	Dead: 0
12  5.07361   0.0897395   1.44714   3.08752 	Dead: 0
13  4.98808   0.0863922   1.39316   2.9509  	Dead: 0
14  4.90561   0.0800159   1.29034   2.9509  	Dead: 0
15  4.96563   0.0850833   1.37205   2.9509  	Dead: 0
16  4.9013    0.0835      1.34652   2.9509  	Dead: 0
17  4.87653   0.0840695   1.3557    2.9509  	Dead: 0
18  4.92346   0.0861154   1.3887    2.9509  	Dead: 0
19  4.90341   0.0868904   1.40119   2.9509  	Dead: 0
20  4.79386   0.0791868   1.27697   2.82082 	Dead: 0
21  4.80502   0.0858293   1.38408   2.82082 	Dead: 0
22  4.75194   0.0822717   1.32671   2.72772 	Dead: 0
23  4.82073   0.085529    1.37924   2.72772 	Dead: 0
24  4.81921   0.0840592   1.35554   2.72772 	Dead: 0
25  4.76824   0.0801268   1.29212   2.72772 	Dead: 0
26  4.695     0.0751097   1.21122   2.72772 	Dead: 0
27  4.74456   0.079193    1.27707   2.72772 	Dead: 0
28  4.71924   0.0853453   1.37628   2.72772 	Dead: 0
29  4.65147   0.0784423   1.26496   2.72772 	Dead: 0
30  4.69733   0.0798574   1.28778   2.72772 	Dead: 0
31  4.69401   0.0796962   1.28518   2.72772 	Dead: 0
32  4.64455   0.0763238   1.2308    2.72772 	Dead: 0
33  4.65673   0.0772874   1.24634   2.72772 	Dead: 0
34  4.63381   0.0776371   1.25198   2.72772 	Dead: 0
35  4.70021   0.0845024   1.36269   2.72772 	Dead: 0
36  4.69394   0.0833015   1.34332   2.72772 	Dead: 0
37  4.67528   0.0824424   1.32947   2.72772 	Dead: 0
38  4.6808    0.0817172   1.31777   2.72772 	Dead: 0
39  4.6533    0.0787559   1.27002   2.72772 	Dead: 0
40  4.64675   0.0785559   1.26679   2.72772 	Dead: 0
41  4.6188    0.0773156   1.24679   2.72772 	Dead: 0
42  4.64998   0.0815663   1.31534   2.72772 	Dead: 0
43  4.63018   0.0833945   1.34482   2.72772 	Dead: 0
44  4.61378   0.0816508   1.3167    2.72772 	Dead: 0
45  4.56635   0.0776995   1.25298   2.72772 	Dead: 0
46  4.60351   0.0805945   1.29967   2.72772 	Dead: 0
47  4.57517   0.0777701   1.25412   2.72772 	Dead: 0
48  4.60236   0.0763191   1.23072   2.72772 	Dead: 0
49  4.62614   0.0839822   1.3543    2.72772 	Dead: 0
50  4.5541    0.0762836   1.23015   2.72772 	Dead: 0
51  4.54035   0.0742533   1.19741   2.72772 	Dead: 0
52  4.56878   0.0785702   1.26702   2.72772 	Dead: 0
53  4.58296   0.0791095   1.27572   2.72772 	Dead: 0
54  4.56162   0.076883    1.23981   2.72772 	Dead: 0
55  4.59042   0.0809318   1.30511   2.72772 	Dead: 0
56  4.58528   0.0782744   1.26225   2.72772 	Dead: 0
57  4.57406   0.0789342   1.27289   2.72772 	Dead: 0
58  4.51552   0.0752979   1.21425   2.72772 	Dead: 0
59  4.53722   0.0778101   1.25477   2.72772 	Dead: 0
60  4.55832   0.0761939   1.2287    2.72772 	Dead: 0
61  4.52079   0.0736535   1.18774   2.72772 	Dead: 0
62  4.53452   0.0767935   1.23837   2.72772 	Dead: 0
63  4.52048   0.0773969   1.2481    2.72772 	Dead: 0
64  4.495     0.0772948   1.24646   2.72772 	Dead: 0
65  4.49988   0.076832    1.23899   2.72772 	Dead: 0
66  4.48889   0.07337     1.18316   2.72772 	Dead: 0
67  4.45795   0.0742603   1.19752   2.72772 	Dead: 0
68  4.44535   0.0745389   1.20201   2.72772 	Dead: 0
69  4.49594   0.0765329   1.23417   2.72772 	Dead: 0
70  4.49526   0.075078    1.21071   2.72772 	Dead: 0
71  4.54138   0.0775935   1.25127   2.72772 	Dead: 0
72  4.51669   0.0757998   1.22235   2.72772 	Dead: 0
73  4.4834    0.0757912   1.22221   2.72772 	Dead: 0
74  4.52015   0.079245    1.27791   2.72772 	Dead: 0
75  4.46952   0.0779839   1.25757   2.72772 	Dead: 0
76  4.41917   0.074683    1.20434   2.72772 	Dead: 0
77  4.43075   0.0767135   1.23708   2.72214 	Dead: 0
78  4.42836   0.0747495   1.20541   2.72214 	Dead: 0
79  4.45662   0.0765157   1.23389   2.72214 	Dead: 0
80  4.40415   0.0748958   1.20777   2.72214 	Dead: 0
81  4.40627   0.0763151   1.23066   2.72214 	Dead: 0
82  4.41598   0.0756906   1.22059   2.72214 	Dead: 0
83  4.42465   0.0781194   1.25975   2.72214 	Dead: 0
84  4.45206   0.0759991   1.22556   2.72214 	Dead: 0
85  4.42333   0.0751239   1.21145   2.72214 	Dead: 0
86  4.41545   0.0721621   1.16369   2.72214 	Dead: 0
87  4.40542   0.0737647   1.18953   2.72214 	Dead: 0
88  4.41338   0.0732928   1.18192   2.72214 	Dead: 0
89  4.43595   0.0777039   1.25305   2.72214 	Dead: 0
90  4.41697   0.0763901   1.23187   2.72214 	Dead: 0
91  4.38703   0.0735971   1.18683   2.72214 	Dead: 0
92  4.3871    0.0724275   1.16797   2.72214 	Dead: 0
93  4.37671   0.0721763   1.16392   2.72214 	Dead: 0
94  4.43728   0.0796096   1.28379   2.72214 	Dead: 0
95  4.39889   0.0747094   1.20476   2.72214 	Dead: 0
96  4.4022    0.0713475   1.15055   2.72214 	Dead: 0
97  4.42101   0.0765638   1.23467   2.72214 	Dead: 0
98  4.37229   0.0713762   1.15101   2.72214 	Dead: 0
99  4.36497   0.0726359   1.17133   2.72214 	Dead: 0
100 4.34507   0.0733647   1.18308   2.72214 	Dead: 0
