0   12.4593   0.176743    2.85016   4.38726 	Dead: 0
1   10.0461   0.175747    2.8341    3.72596 	Dead: 0
2   7.96307   0.154577    2.49271   3.72596 	Dead: 0
3   6.58612   0.120764    1.94744   3.54825 	Dead: 0
4   5.97731   0.105102    1.69487   3.15159 	Dead: 0
5   5.65945   0.0958208   1.54521   3.15159 	Dead: 0
6   5.50358   0.0930623   1.50072   2.84744 	Dead: 0
7   5.35801   0.0882273   1.42275   2.84744 	Dead: 0
8   5.20646   0.0807897   1.30281   2.84744 	Dead: 0
9   5.23717   0.0934958   1.50771   2.84744 	Dead: 0
10  5.23098   0.0942318   1.51958   2.84744 	Dead: 0
11  5.12332   0.0882958   1.42386   2.84744 	Dead: 0
12  5.08659   0.0865675   1.39599   2.84744 	Dead: 0
13  5.127     0.0898196   1.44843   2.84744 	Dead: 0
14  5.08042   0.0888157   1.43224   2.84744 	Dead: 0
15  5.03645   0.0844015   1.36106   2.84744 	Dead: 0
16  5.11444   0.0970791   1.5655    2.84744 	Dead: 0
17  5.08808   0.0953104   1.53698   2.84744 	Dead: 0
18  4.99765   0.0850486   1.37149   2.84744 	Dead: 0
19  5.00845   0.0855528   1.37962   2.84744 	Dead: 0
20  4.96965   0.0850449   1.37143   2.84744 	Dead: 0
21  5.00541   0.0898161   1.44838   2.84744 	Dead: 0
22  4.94628   0.0883883   1.42535   2.84744 	Dead: 0
23  4.9248    0.0847696   1.36699   2.84744 	Dead: 0
24  4.93662   0.0854692   1.37828   2.84744 	Dead: 0
25  4.92718   0.084172    1.35736   2.84744 	Dead: 0
26  4.88464   0.0862379   1.39067   2.84744 	Dead: 0
27  4.87204   0.0809906   1.30605   2.84744 	Dead: 0
28  4.93027   0.0870108   1.40314   2.76311 	Dead: 0
29  4.91656   0.0872071   1.4063    2.76311 	Dead: 0
30  4.91198   0.0893817   1.44137   2.76311 	Dead: 0
31  4.86025   0.0887226   1.43074   2.76311 	Dead: 0
32  4.83136   0.085335    1.37611   2.76311 	Dead: 0
33  4.88738   0.0891728   1.438     2.76311 	Dead: 0
34  4.91427   0.0912536   1.47156   2.5084  	Dead: 0
35  4.92004   0.0907479   1.4634    2.5084  	Dead: 0
36  4.87951   0.0873305   1.40829   2.5084  	Dead: 0
37  4.81956   0.0856845   1.38175   2.5084  	Dead: 0
38  4.84359   0.0891481   1.4376    2.5084  	Dead: 0
39  4.91584   0.0972174   1.56773   2.5084  	Dead: 0
40  4.86826   0.0927858   1.49626   2.5084  	Dead: 0
41  4.81074   0.0856294   1.38086   2.5084  	Dead: 0
42  4.84134   0.0871357   1.40515   2.5084  	Dead: 0
43  4.79523   0.0849981   1.37068   2.5084  	Dead: 0
44  4.77287   0.0855052   1.37886   2.5084  	Dead: 0
45  4.79957   0.087574    1.41222   2.5084  	Dead: 0
46  4.85434   0.0957248   1.54366   2.5084  	Dead: 0
47  4.79296   0.0883163   1.42419   2.5084  	Dead: 0
48  4.82581   0.0901672   1.45404   2.5084  	Dead: 0
49  4.82123   0.0875984   1.41261   2.5084  	Dead: 0
50  4.77004   0.0846647   1.3653    2.5084  	Dead: 0
51  4.81325   0.0859064   1.38533   2.5084  	Dead: 0
52  4.80324   0.0867799   1.39941   2.5084  	Dead: 0
53  4.82771   0.0901692   1.45407   2.5084  	Dead: 0
54  4.82897   0.0903797   1.45746   2.5084  	Dead: 0
55  4.81823   0.0923027   1.48847   2.5084  	Dead: 0
56  4.81523   0.092087    1.485     2.5084  	Dead: 0
57  4.79568   0.0873687   1.40891   2.5084  	Dead: 0
58  4.7569    0.0851939   1.37384   2.5084  	Dead: 0
59  4.79289   0.0916466   1.47789   2.5084  	Dead: 0
60  4.78777   0.0871698   1.4057    2.5084  	Dead: 0
61  4.80397   0.0912007   1.4707    2.5084  	Dead: 0
62  4.77167   0.0875884   1.41245   2.5084  	Dead: 0
63  4.75652   0.0870059   1.40306   2.5084  	Dead: 0
64  4.70757   0.0838349   1.35192   2.5084  	Dead: 0
65  4.76628   0.0871362   1.40516   2.5084  	Dead: 0
66  4.70752   0.0844544   1.36191   2.5084  	Dead: 0
67  4.70795   0.0864498   1.39409   2.5084  	Dead: 0
68  4.73303   0.0879936   1.41899   2.5084  	Dead: 0
69  4.7327    0.0852515   1.37477   2.5084  	Dead: 0
70  4.78369   0.0926649   1.49431   2.5084  	Dead: 0
71  4.79846   0.0940389   1.51647   2.5084  	Dead: 0
72  4.66618   0.079074    1.27515   2.5084  	Dead: 0
73  4.74477   0.0885618   1.42815   2.5084  	Dead: 0
74  4.70896   0.0840403   1.35523   2.5084  	Dead: 0
75  4.69283   0.0855576   1.3797    2.5084  	Dead: 0
76  4.70377   0.0828341   1.33578   2.5084  	Dead: 0
77  4.73951   0.0879647   1.41852   2.5084  	Dead: 0
78  4.67439   0.0824436   1.32949   2.5084  	Dead: 0
79  4.71954   0.0864729   1.39446   2.5084  	Dead: 0
80  4.72378   0.0903965   1.45773   2.5084  	Dead: 0
81  4.69808   0.0864109   1.39346   2.5084  	Dead: 0
82  4.67351   0.0843953   1.36096   2.5084  	Dead: 0
83  4.65811   0.081515    1.31451   2.5084  	Dead: 0
84  4.69613   0.0856072   1.3805    2.5084  	Dead: 0
85  4.63983   0.0856404   1.38104   2.5084  	Dead: 0
86  4.62353   0.0838313   1.35186   2.5084  	Dead: 0
87  4.63846   0.0854587   1.37811   2.5084  	Dead: 0
88  4.59793   0.0822194   1.32587   2.5084  	Dead: 0
89  4.62748   0.0832921   1.34317   2.5084  	Dead: 0
90  4.60516   0.0827068   1.33373   2.5084  	Dead: 0
91  4.5847    0.0824932   1.33029   2.5084  	Dead: 0
92  4.57951   0.0803983   1.2965    2.5084  	Dead: 0
93  4.5885    0.0828309   1.33573   2.5084  	Dead: 0
94  4.60892   0.0847411   1.36653   2.5084  	Dead: 0
95  4.55573   0.0782189   1.26136   2.5084  	Dead: 0
96  4.52336   0.0780404   1.25848   2.5084  	Dead: 0
97  4.6035    0.0873225   1.40816   2.5084  	Dead: 0
98  4.59449   0.0875594   1.41198   2.5084  	Dead: 0
99  4.6262    0.0871538   1.40544   2.5084  	Dead: 0
100 4.58873   0.0843991   1.36102   2.5084  	Dead: 0
