0   11.8925   0.180779    2.91524   4.2443  	Dead: 0
1   9.87107   0.177621    2.86431   4.0507  	Dead: 0
2   7.96068   0.155163    2.50216   3.72412 	Dead: 0
3   6.70029   0.128934    2.07919   3.33226 	Dead: 0
4   6.12628   0.124649    2.01008   3.33226 	Dead: 0
5   5.75207   0.104021    1.67744   3.33226 	Dead: 0
6   5.52472   0.0962781   1.55258   3.33226 	Dead: 0
7   5.3395    0.090876    1.46547   3.28003 	Dead: 0
8   5.3654    0.0979109   1.57891   3.24163 	Dead: 0
9   5.27766   0.0983151   1.58543   3.06403 	Dead: 0
10  5.21672   0.0905539   1.46027   3.06403 	Dead: 0
11  5.21466   0.0928831   1.49783   3.06403 	Dead: 0
12  5.22895   0.0953373   1.53741   3.06403 	Dead: 0
13  5.20264   0.0972938   1.56896   2.9478  	Dead: 0
14  5.15865   0.0981862   1.58335   2.9478  	Dead: 0
15  5.1311    0.0945961   1.52546   2.9478  	Dead: 0
16  5.10414   0.0949897   1.5318    2.9478  	Dead: 0
17  5.09873   0.095452    1.53926   2.9478  	Dead: 0
18  5.01942   0.0864538   1.39415   2.9478  	Dead: 0
19  5.04712   0.0917054   1.47884   2.9478  	Dead: 0
20  5.00842   0.0856941   1.3819    2.9478  	Dead: 0
21  4.99525   0.0867101   1.39829   2.9478  	Dead: 0
22  5.04287   0.0932784   1.50421   2.9478  	Dead: 0
23  5.01658   0.0890058   1.43531   2.9478  	Dead: 0
24  5.02612   0.0944302   1.52278   2.9478  	Dead: 0
25  4.97153   0.0867732   1.39931   2.9478  	Dead: 0
26  4.99603   0.0908956   1.46578   2.9478  	Dead: 0
27  4.97495   0.0917386   1.47938   2.85689 	Dead: 0
28  4.97743   0.0928266   1.49692   2.85689 	Dead: 0
29  4.97654   0.0956399   1.54229   2.85689 	Dead: 0
30  4.97732   0.0937058   1.5111    2.85689 	Dead: 0
31  5.0208    0.100121    1.61455   2.85689 	Dead: 0
32  4.94652   0.0939282   1.51469   2.85689 	Dead: 0
33  4.91512   0.0908406   1.4649    2.85689 	Dead: 0
34  4.89227   0.0852581   1.37487   2.85689 	Dead: 0
35  4.93224   0.0899125   1.44993   2.85689 	Dead: 0
36  4.94537   0.0936005   1.5094    2.85689 	Dead: 0
37  4.8863    0.0929661   1.49917   2.85689 	Dead: 0
38  4.92669   0.093751    1.51183   2.85689 	Dead: 0
39  4.91515   0.0919573   1.4829    2.85689 	Dead: 0
40  4.86461   0.087485    1.41078   2.85689 	Dead: 0
41  4.90203   0.090833    1.46477   2.85689 	Dead: 0
42  4.86365   0.0902064   1.45467   2.85689 	Dead: 0
43  4.88464   0.0906517   1.46185   2.85689 	Dead: 0
44  4.82224   0.0864423   1.39397   2.85689 	Dead: 0
45  4.85966   0.085967    1.3863    2.85689 	Dead: 0
46  4.84844   0.0869206   1.40168   2.85689 	Dead: 0
47  4.85619   0.0925881   1.49308   2.85689 	Dead: 0
48  4.83616   0.0898831   1.44945   2.85689 	Dead: 0
49  4.82493   0.085489    1.3786    2.85689 	Dead: 0
50  4.88135   0.0928436   1.4972    2.85689 	Dead: 0
51  4.85763   0.0896104   1.44506   2.85689 	Dead: 0
52  4.8878    0.0912643   1.47173   2.85689 	Dead: 0
53  4.84133   0.0918062   1.48047   2.85689 	Dead: 0
54  4.77336   0.0864748   1.39449   2.85689 	Dead: 0
55  4.84871   0.0888275   1.43243   2.85689 	Dead: 0
56  4.8422    0.087751    1.41507   2.85689 	Dead: 0
57  4.83256   0.0894947   1.44319   2.79617 	Dead: 0
58  4.87231   0.094724    1.52752   2.52343 	Dead: 0
59  4.88134   0.0950878   1.53339   2.52343 	Dead: 0
60  4.81245   0.0894885   1.44309   2.52343 	Dead: 0
61  4.81679   0.0896231   1.44526   2.52343 	Dead: 0
62  4.75515   0.0859628   1.38624   2.52343 	Dead: 0
63  4.83659   0.0889878   1.43502   2.52343 	Dead: 0
64  4.78778   0.0861621   1.38945   2.52343 	Dead: 0
65  4.8906    0.101457    1.6361    2.52343 	Dead: 0
66  4.85152   0.095132    1.5341    2.52343 	Dead: 0
67  4.81934   0.0894598   1.44263   2.52343 	Dead: 0
68  4.80108   0.0888015   1.43201   2.52343 	Dead: 0
69  4.79255   0.0889551   1.43449   2.52343 	Dead: 0
70  4.83827   0.0903564   1.45709   2.52343 	Dead: 0
71  4.83756   0.0901122   1.45315   2.52343 	Dead: 0
72  4.85023   0.0930318   1.50023   2.52343 	Dead: 0
73  4.81073   0.0914112   1.4741    2.52343 	Dead: 0
74  4.80261   0.0913546   1.47318   2.52343 	Dead: 0
75  4.82617   0.0923707   1.48957   2.52343 	Dead: 0
76  4.77139   0.0862356   1.39064   2.52343 	Dead: 0
77  4.78967   0.0904356   1.45837   2.52343 	Dead: 0
78  4.8263    0.093471    1.50731   2.52343 	Dead: 0
79  4.82047   0.093316    1.50481   2.52343 	Dead: 0
80  4.82603   0.0956599   1.54261   2.52343 	Dead: 0
81  4.73075   0.0892157   1.43869   2.52343 	Dead: 0
82  4.76036   0.0849615   1.37009   2.52343 	Dead: 0
83  4.75113   0.0855583   1.37971   2.52343 	Dead: 0
84  4.77073   0.0863296   1.39215   2.52343 	Dead: 0
85  4.81318   0.09556     1.541     2.52343 	Dead: 0
86  4.79476   0.0881869   1.4221    2.52343 	Dead: 0
87  4.77138   0.085843    1.3843    2.52343 	Dead: 0
88  4.74392   0.0831995   1.34167   2.52343 	Dead: 0
89  4.77578   0.0889793   1.43488   2.52343 	Dead: 0
90  4.75121   0.0874754   1.41063   2.52343 	Dead: 0
91  4.81382   0.0911643   1.47012   2.52343 	Dead: 0
92  4.79153   0.0905026   1.45945   2.52343 	Dead: 0
93  4.76873   0.088548    1.42792   2.52343 	Dead: 0
94  4.73966   0.0897345   1.44706   2.52343 	Dead: 0
95  4.73984   0.086969    1.40246   2.52343 	Dead: 0
96  4.66047   0.0815652   1.31532   2.52343 	Dead: 0
97  4.76244   0.0890319   1.43573   2.52343 	Dead: 0
98  4.72253   0.0873543   1.40868   2.52343 	Dead: 0
99  4.69242   0.0837398   1.35039   2.52343 	Dead: 0
100 4.70976   0.0864431   1.39398   2.52343 	Dead: 0
